t,px,py,pz,qx,qy,qz,qw,roll,pitch,yaw,vx,vy,vz,wx_vicon,wy_vicon,wz_vicon,imu_acc_x,imu_acc_y,imu_acc_z,imu_gyro_x,imu_gyro_y,imu_gyro_z,motor_motor_m1,motor_motor_m2,motor_motor_m3,motor_motor_m4,est_stateEstimate_x,est_stateEstimate_y,est_stateEstimate_z,est_stateEstimate_vx,est_stateEstimate_vy,est_stateEstimate_vz,est_stateEstimate_ax,est_stateEstimate_ay,est_stateEstimate_az,att_stateEstimate_roll,att_stateEstimate_pitch,att_stateEstimate_yaw,att_stateEstimate_qx,att_stateEstimate_qy,att_stateEstimate_qz,att_stateEstimate_qw,sp_ctrltarget_x,sp_ctrltarget_y,sp_ctrltarget_z,sp_ctrltarget_yaw,pid_controller_roll,pid_controller_pitch,pid_controller_yaw,pid_controller_cmd_thrust,pwr_pm_vbat
1772729813.3836749,0.010027,0.004675,0.060398,-0.00776114,-0.00362416,0.00361517,0.99995678,-0.015549,-0.007192,0.007287,-0.054423265,-0.00534072,0.09009589,0.033931247,0.065726668,-0.013775705,-0.008350458,-0.007233351,1.100435288,0.012457878,-0.19376422,-0.000992694,48695.911316051,55129.970965926,54635.299723868,50458.321251441,0.009970987,0.00482196,0.061000285,-0.036314098,0.011900173,0.11335827,-0.054441916,-0.005651039,0.098334626,-0.080015295,2.395708309,-0.01463773,-0.000700784,-0.020904901,-0.000142257,0.999782591,0.014640767,0.00614901,0.10189898,-0.415564202,0.0,0.0,0.86058265,0.0,3.548121405
1772729813.393675,0.00947,0.00463,0.061333,-0.00718302,-0.00376408,0.00323294,0.99996189,-0.014391,-0.007481,0.00652,-0.06092904,-0.005195693,0.101688636,0.056604316,0.002123689,-0.002899558,-0.00739771,-0.004586471,1.112305373,0.02825979,-0.162302605,0.007964572,49142.417338906,55296.111478278,54565.36641073,50519.345028671,0.009371764,0.004770553,0.062020967,-0.041312409,0.011573622,0.122824398,-0.058076519,-0.004885565,0.105525635,-0.066557434,2.509097661,-0.014288422,-0.000583413,-0.021894203,-0.000137369,0.999761056,0.014640767,0.00614901,0.104645164,-0.429150349,0.0,0.0,0.86058265,0.0,3.546946839
1772729813.403675,0.008853,0.004583,0.062411,-0.00682273,-0.00418386,0.00342668,0.9999621,-0.013675,-0.008321,0.00691,-0.06479843,-0.006313681,0.112486723,0.096297402,-0.098728358,-0.009528903,-0.011098208,0.007699948,1.115791138,-0.002681981,-0.125742986,-0.000986838,49509.869675065,55132.113481648,54426.919994386,51017.956768896,0.008732455,0.004720739,0.063120898,-0.046393559,0.011221653,0.132169473,-0.061454966,0.000417826,0.111394086,-0.052728917,2.606938341,-0.010711616,-0.00046215,-0.022747845,-0.000103906,0.99974206,0.014640767,0.00614901,0.107327995,-0.44198201,0.0,0.0,0.86058265,0.0,3.545772301
1772729813.413675,0.008162,0.004536,0.063587,-0.00663665,-0.00439562,0.00322852,0.9999631,-0.013302,-0.008748,0.006515,-0.06953272,-0.007735167,0.124416921,0.07494712,-0.129409245,-0.029128812,-0.017373805,-0.003806136,1.105444086,-0.031638096,-0.002341758,-0.005511042,49833.541241107,54241.719870395,54276.575825879,52272.7688244,0.007995166,0.004656558,0.064389801,-0.051998387,0.010797406,0.142886085,-0.071320044,0.000698735,0.108479503,-0.044728657,2.681093443,-0.011142063,-0.0003925,-0.023394803,-0.000106333,0.999726767,0.014640767,0.00614901,0.110242309,-0.455448663,0.0,0.0,0.86058265,0.0,3.544597763
1772729813.4236743,0.007409,0.004443,0.064881,-0.00591103,-0.00558839,0.00353164,0.99996068,-0.011862,-0.011135,0.00713,-0.075356249,-0.007223667,0.13435749,0.050781404,-0.120373075,-0.039822545,-0.009335073,-0.012263534,1.104041949,-0.138455878,0.214235279,-0.016767897,50512.698492462,53004.175879397,53754.949748744,53825.432160804,0.007272607,0.004585484,0.065644957,-0.057210697,0.010363532,0.152499611,-0.063486555,-0.007367006,0.106316519,-0.082698577,2.641759858,-0.017280902,-0.000724938,-0.023051542,-0.000167195,0.999723159,0.014640767,0.00614901,0.113280567,-0.468801519,0.0,0.0,0.86058265,0.0,3.543423309
1772729813.4336748,0.006595,0.004366,0.066318,-0.00644393,-0.00549154,0.00323297,0.99995893,-0.012924,-0.010941,0.006537,-0.081832518,-0.005817197,0.143168144,0.014691975,-0.060689664,-0.043350197,-0.003270875,0.00238506,1.105888012,-0.210587179,0.388162904,-0.026236134,50673.511025415,53223.945390548,53801.295874528,53823.490009835,0.006503178,0.00449641,0.067051478,-0.062559302,0.009883146,0.162084438,-0.052741755,0.007819546,0.106878712,-0.129021352,2.581944321,-0.024339245,-0.001130414,-0.02252957,-0.000237653,0.999747044,0.014640767,0.00614901,0.116587045,-0.482759519,0.0,0.0,0.86058265,0.0,3.542248716
1772729813.4436748,0.005917,0.004231,0.067788,-0.0057171,-0.0063154,0.00232787,0.99996101,-0.011464,-0.012604,0.004728,-0.087946743,-0.00418157,0.151719375,-0.046701781,0.040988096,-0.049122937,0.000305175,-0.007485945,1.094404956,-0.173087387,0.384712692,-0.036648734,50393.001462226,53882.61397238,54219.921039805,53503.843379366,0.005426764,0.004413334,0.068983971,-0.069359955,0.009511228,0.174241314,-0.047123183,0.01763804,0.103388853,-0.267266665,2.330887233,-0.041446008,-0.002339179,-0.020338526,-0.000408835,0.999783766,0.014640767,0.00614901,0.119893365,-0.496716854,0.0,0.0,0.86058265,0.0,3.543043666
1772729813.453675,0.004904,0.004285,0.069316,-0.00646611,-0.0056836,0.0023013,0.99996029,-0.012959,-0.011337,0.004676,-0.093484607,-0.002738814,0.160091178,-0.109758174,0.154963069,-0.032625776,1.0523e-05,0.022195621,1.095243686,-0.157673776,0.383644048,-0.054301696,50740.347531789,54020.06638302,53772.409079921,54023.240584055,0.004203524,0.004407564,0.07101113,-0.07584475,0.009695897,0.185355493,-0.041504477,0.027456768,0.099898912,-0.386832926,2.07227714,-0.065070706,-0.003385373,-0.018080994,-0.000628482,0.999824131,0.014640767,0.00614901,0.123358853,-0.510681718,0.0,0.0,0.86058265,0.0,3.544555022
1772729813.463675,0.003891,0.004318,0.070939,-0.0068802,-0.00432596,0.00252494,0.99996379,-0.013783,-0.008617,0.005109,-0.098274841,-0.002422963,0.169259621,-0.18094932,0.28902929,-0.020292807,-0.001472979,0.028524358,1.097000537,-0.172648177,0.423860185,-0.064144942,50881.122082176,53476.095940959,53732.271549401,54798.015506447,0.003139529,0.00437367,0.072822931,-0.080671137,0.00998914,0.194369546,-0.035885905,0.037275262,0.096409053,-0.475187447,1.858860104,-0.095481008,-0.0041596,-0.016217257,-0.000900053,0.999854857,0.014640767,0.00614901,0.126988,-0.524579306,0.0,0.0,0.86058265,0.0,3.546066341
1772729813.4736748,0.002894,0.004244,0.072694,-0.00815639,-0.0026542,0.00242611,0.99996027,-0.016326,-0.005269,0.004895,-0.102751846,-0.002466922,0.178595081,-0.208919885,0.372957356,-0.008613119,-0.00337863,0.015747837,1.095694088,-0.169218024,0.422868197,-0.068620043,50492.464302003,54559.468634686,54107.017641693,53958.097350636,0.002376917,0.004344023,0.074185896,-0.083698643,0.010306634,0.200871532,-0.032952171,0.029360063,0.095010623,-0.549353335,1.66511715,-0.128746126,-0.004809697,-0.014524782,-0.001192785,0.999878456,0.014640767,0.00614901,0.129550072,-0.534023895,0.0,0.0,0.86058265,0.0,3.547577625
1772729813.4836748,0.001891,0.004195,0.074561,-0.00963738,-0.00043839,0.00216181,0.99995113,-0.019277,-0.000835,0.004332,-0.106378948,-0.002753421,0.188612398,-0.219964261,0.430880208,-0.010308315,-0.004056067,0.007734793,1.094208652,-0.145730301,0.383884137,-0.077133654,50024.3046387,54755.245042154,54507.665801959,53982.900058026,0.001523503,0.004314437,0.075720597,-0.086770168,0.010742547,0.207928286,-0.030549765,0.0216847,0.094957141,-0.620634936,1.486220752,-0.15864631,-0.005433453,-0.012961641,-0.001454382,0.999896018,0.014640767,0.00614901,0.132095368,-0.543169834,0.0,0.0,0.86058265,0.0,3.549088945
1772729813.4936748,0.00083,0.00416,0.07647,-0.01029482,0.00143856,0.00222327,0.9999435,-0.020584,0.002923,0.004417,-0.108284952,-0.00489004,0.199925676,-0.229863433,0.483199538,-0.028853367,-0.003150389,0.025815448,1.095115135,-0.156889185,0.331890644,-0.083509943,49818.2778243,55324.611849117,54689.166527101,53600.942124695,0.000588739,0.004294986,0.077415422,-0.089642793,0.011370989,0.215311465,-0.027267946,0.031768243,0.095768422,-0.690310976,1.308810559,-0.195298538,-0.006042962,-0.011410736,-0.001772667,0.999911305,0.014640767,0.00614901,0.134897819,-0.552966816,0.0,0.0,0.86058265,0.0,3.550600265
1772729813.5036747,-0.00028,0.004126,0.07853,-0.01160314,0.0041309,0.00179268,0.99992254,-0.023193,0.008303,0.003489,-0.112892901,-0.000102467,0.206849012,-0.159286706,0.385946103,-0.043708416,-0.009410773,0.035175757,1.089095257,-0.0652973,0.234789043,-0.08929132,49850.684305884,55741.898561612,54691.687642237,53376.414856714,-0.000374412,0.004287774,0.079172827,-0.092223716,0.012145294,0.222655186,-0.02850438,0.034340703,0.093693248,-0.764905353,1.135297481,-0.240228401,-0.006695267,-0.009892878,-0.00216211,0.999923171,0.014640767,0.00614901,0.138031154,-0.563569698,0.0,0.0,0.86058265,0.0,3.552111585
1772729813.5136752,-0.001466,0.004175,0.08061,-0.01170488,0.00551468,0.00155746,0.99991508,-0.023394,0.011065,0.002986,-0.117768139,0.00356634,0.215428333,-0.083740587,0.291415635,-0.065971099,-0.01277821,0.022278751,1.091364597,-0.056917591,0.21039447,-0.087277575,50035.620704394,55350.749358865,54639.217644042,53974.855017952,-0.001347235,0.004281794,0.080952405,-0.094772174,0.012942679,0.229989513,-0.029740872,0.036913285,0.091617975,-0.812961836,1.003527033,-0.285229472,-0.00711574,-0.008739383,-0.002550977,0.999931079,0.014640767,0.00614901,0.141014499,-0.573326855,0.0,0.0,0.86058265,0.0,3.553622977
1772729813.5236752,-0.002652,0.004162,0.082858,-0.01264447,0.00755072,0.00149906,0.99989042,-0.025269,0.015138,0.002807,-0.122127253,0.00488159,0.225144387,-0.035296426,0.212004728,-0.086569891,-0.010689616,0.007691592,1.092134218,-0.057516153,0.216022237,-0.066621147,50400.478000086,55540.28214301,54536.526284221,53819.064714451,-0.002405887,0.004286809,0.08292895,-0.097029806,0.013945576,0.237236569,-0.026922967,0.036770037,0.089056559,-0.841074955,0.889860193,-0.33112878,-0.007361775,-0.007743953,-0.002946414,0.999936511,0.014640767,0.00614901,0.144370885,-0.583911585,0.0,0.0,0.86058265,0.0,3.555134296
1772729813.5336747,-0.003874,0.004171,0.085202,-0.0135998,0.00925472,0.00092269,0.99986426,-0.027187,0.018533,0.001594,-0.125908104,0.005338389,0.235486938,-0.020108899,0.179942087,-0.091349565,-0.009430595,0.008700423,1.08666217,-0.046121046,0.203880546,-0.038621027,50388.833861162,55520.185025081,54756.277676322,53791.131810721,-0.003503022,0.00429862,0.085022608,-0.099115972,0.015018112,0.244971596,-0.022985513,0.035876802,0.086360981,-0.868175452,0.768976043,-0.373352572,-0.007597751,-0.006685608,-0.003308711,0.999940886,0.014640767,0.00614901,0.147710098,-0.594064698,0.0,0.0,0.86058265,0.0,3.556645544
1772729813.5436754,-0.005159,0.004498,0.087374,-0.0110027,0.00620356,0.00021094,0.9999202,-0.022004,0.012411,0.000285,-0.129035379,0.003027645,0.246886677,-0.06685187,0.258210969,-0.07065066,-0.009550518,0.015385108,1.079378751,-0.030508173,0.180577145,-0.011609897,50493.555838091,55794.595390555,55042.323817009,53305.33819552,-0.004728378,0.004454362,0.087254168,-0.101305104,0.016646779,0.252854838,-0.020386335,0.038423814,0.078683525,-0.892638499,0.661387937,-0.397894186,-0.00780949,-0.005744409,-0.003517022,0.999945011,0.014640767,0.00614901,0.151349007,-0.604726492,0.0,0.0,0.86058265,0.0,3.558481164
1772729813.553676,-0.006477,0.004309,0.090104,-0.01285124,0.01012693,-0.00032304,0.99986608,-0.025714,0.020244,-0.000906,-0.132180915,0.005853929,0.254674932,-0.065600643,0.278920208,-0.050735985,-0.006277583,0.012108345,1.078827664,-0.014526519,0.172813692,0.019748205,50655.237529968,55425.313851454,55234.936037986,53502.820473431,-0.005975294,0.004479032,0.089673242,-0.103277794,0.01779607,0.260586527,-0.017256588,0.032382877,0.076888731,-0.910999957,0.566379953,-0.407820387,-0.007967325,-0.004914102,-0.003598019,0.999948309,0.014640768,0.00614901,0.155040572,-0.615116753,0.0,0.0,0.86058265,0.0,3.561262704
1772729813.5636754,-0.007813,0.004361,0.092666,-0.01321641,0.01153328,-0.00018627,0.99984613,-0.026443,0.02306,-0.000678,-0.135240436,0.009146065,0.261434768,-0.022588315,0.237591436,-0.018616935,-0.004583109,0.004726178,1.080463498,0.010964803,0.182356318,0.04509516,51315.86311236,55279.633799362,55001.737016969,53506.765290878,-0.007231158,0.00450336,0.092128049,-0.105045066,0.018924423,0.267518223,-0.013178688,0.022691142,0.08043422,-0.918854605,0.477837701,-0.405037822,-0.008033058,-0.004141411,-0.003567903,0.999951281,0.014640768,0.00614901,0.158600089,-0.624738902,0.0,0.0,0.86058265,0.0,3.564043979
1772729813.573675,-0.009173,0.004453,0.095339,-0.01394844,0.01356106,-3.484e-05,0.99981075,-0.027906,0.027119,-0.000448,-0.138164778,0.011407956,0.269121644,0.003987283,0.220406859,0.013425058,-0.007903847,0.008723124,1.074548454,0.04442174,0.191913519,0.056004528,51578.598176072,55334.898925508,54947.252261851,53364.202148984,-0.008305901,0.004549672,0.094243468,-0.106410048,0.019960585,0.273596117,-0.012614358,0.024161824,0.076485821,-0.918443714,0.39136117,-0.387224948,-0.008026292,-0.003388055,-0.00340641,0.99995441,0.014640768,0.00614901,0.161813424,-0.633105567,0.0,0.0,0.86058265,0.0,3.566825254
1772729813.5836747,-0.01054,0.004539,0.098085,-0.01456881,0.01564363,4.631e-05,0.99977149,-0.029148,0.031287,-0.000363,-0.1393188,0.012592223,0.277826994,0.014639866,0.195130396,0.016762798,-0.009535873,0.025259898,1.062263431,0.070895317,0.19466602,0.060557178,51504.191305157,55300.780348166,55188.805390058,53311.579594117,-0.009462109,0.004614498,0.096545655,-0.107736297,0.021096676,0.280022851,-0.015194012,0.036455275,0.0646246,-0.900259864,0.300941992,-0.363869286,-0.00786447,-0.002601165,-0.003195903,0.99995884,0.014640768,0.00614901,0.16511406,-0.641404394,0.0,0.0,0.86058265,0.0,3.569606596
1772729813.593674,-0.011971,0.005008,0.100669,-0.01162372,0.01244388,-9.717e-05,0.999855,-0.023256,0.024884,-0.000484,-0.140211051,0.016477638,0.283947396,0.06897606,0.1092445,0.024056528,-0.006936221,0.020676644,1.066559668,0.029198609,0.177120769,0.062644044,51134.933216294,55084.920286589,55684.628976774,53538.106284548,-0.010839106,0.004782557,0.099256416,-0.109164194,0.022665906,0.286547125,-0.010172627,0.039018459,0.063989828,-0.865202016,0.193958244,-0.332212289,-0.007555147,-0.001670642,-0.002911845,0.999964153,0.014640768,0.00614901,0.169231074,-0.651312665,0.0,0.0,0.86058265,0.0,3.572387805
1772729813.603674,-0.013384,0.004944,0.103706,-0.01204104,0.01387815,0.00020066,0.99983117,-0.024084,0.02776,6.7e-05,-0.140490052,0.016626434,0.292405232,0.055691255,0.104036379,0.053363377,-0.004722099,0.00589783,1.073288049,-0.050410113,0.160801682,0.055511321,50843.923371331,55016.599014263,56054.72041412,53650.553224296,-0.012341096,0.005007057,0.102221149,-0.110557538,0.024349223,0.29288483,-0.007981908,0.027671581,0.067249685,-0.845869784,0.08308366,-0.293104017,-0.007383393,-0.000706136,-0.002563102,0.999967878,0.014640768,0.00614901,0.173539278,-0.661184705,0.0,0.0,0.86058265,0.0,3.575169213
1772729813.6136734,-0.014817,0.005067,0.106731,-0.01271848,0.01622564,0.00032896,0.99978741,-0.025437,0.032458,0.000245,-0.14199491,0.018754019,0.299428335,0.027122037,0.073128644,0.093147111,-0.012711774,0.008246397,1.066889592,-0.080920086,0.165403371,0.052745022,50737.26075192,54919.183902132,56186.006402561,53726.013719774,-0.013677822,0.005120086,0.104985887,-0.111594641,0.025450374,0.299271739,-0.00859532,0.023344831,0.069316976,-0.864314448,0.002193437,-0.263488131,-0.007542554,-1.811e-06,-0.002299408,0.99996796,0.014640768,0.00614901,0.177639559,-0.670129203,0.0,0.0,0.86058265,0.0,3.577950488
1772729813.6236734,-0.016155,0.005221,0.109798,-0.01325596,0.01700809,0.00062393,0.99976728,-0.026503,0.034031,0.000797,-0.144889823,0.021758412,0.306834753,-0.048062497,0.099719896,0.137016527,-0.015879503,0.021361092,1.069021118,-0.080163615,0.169872979,0.05904123,50730.477350419,54873.932938561,56246.73885267,53699.590065941,-0.014782554,0.005221737,0.107331932,-0.112302458,0.026371862,0.304723428,-0.015682186,0.03543004,0.068558499,-0.897113388,-0.071148532,-0.238453405,-0.007827445,0.000637131,-0.002075888,0.999966269,0.014640768,0.00614901,0.180922266,-0.677005208,0.0,0.0,0.86058265,0.0,3.580731896
1772729813.6336732,-0.017634,0.005588,0.112757,-0.01258483,0.01672722,0.00189653,0.99977909,-0.025117,0.033501,0.003373,-0.14535078,0.025446411,0.311507873,-0.061243893,0.17276261,0.152825018,-0.01158067,0.013721687,1.065989489,-0.052470428,0.175752977,0.063142622,50860.269405658,55132.706732123,56241.381171784,53309.878697034,-0.015892625,0.005338719,0.109785659,-0.11282161,0.027364298,0.309970851,-0.007711316,0.033957142,0.065670548,-0.938260815,-0.152054774,-0.210282135,-0.008185374,0.001341877,-0.001824045,0.9999636,0.014640768,0.00614901,0.184340378,-0.683849437,0.0,0.0,0.86058265,0.0,3.583513237
1772729813.6436732,-0.019095,0.005878,0.115876,-0.01219975,0.0157114,0.00270398,0.99979848,-0.024324,0.031488,0.005026,-0.145479995,0.029231108,0.317692047,0.005720999,0.030214598,0.099663125,-0.00653059,0.006454374,1.06732643,0.007635126,0.157428129,0.065421526,51219.766367551,55831.447305943,56029.564886725,52465.145225544,-0.017033282,0.005548966,0.11220138,-0.113341262,0.028704269,0.314980945,-0.001351085,0.025845678,0.067482069,-0.970817759,-0.234418172,-0.179386096,-0.008468699,0.002058861,-0.001548021,0.999960382,0.014640768,0.00614901,0.187737081,-0.690332003,0.0,0.0,0.86058265,0.0,3.586294645
1772729813.6536727,-0.020652,0.006157,0.119181,-0.0131551,0.01687447,0.00291929,0.99976681,-0.026224,0.033824,0.005396,-0.146850684,0.02922798,0.326245416,0.031959974,-0.022089326,0.048568076,-0.002626587,0.007809876,1.067949272,0.070661021,0.155230364,0.057436305,51735.429402834,55339.684843117,55467.732413968,53158.772646761,-0.018200019,0.005775211,0.114693065,-0.113805849,0.03011475,0.31989627,0.004137689,0.024546157,0.068021728,-0.983102615,-0.301680431,-0.153055706,-0.008575523,0.002644018,-0.001313021,0.999958354,0.014640768,0.00614901,0.19118418,-0.696644982,0.0,0.0,0.86058265,0.0,3.58907592
1772729813.6636732,-0.022096,0.006433,0.122477,-0.01350206,0.01879489,0.00330935,0.99972671,-0.026895,0.037678,0.006114,-0.145323623,0.028285264,0.334392957,0.041136888,0.067373492,-0.030310639,-0.000793305,0.02069941,1.062354782,0.114415374,0.205124615,0.034753036,52512.120204971,55016.774292419,54636.402135913,53572.079785451,-0.019563502,0.006040991,0.117619519,-0.114311807,0.031747781,0.325830502,0.008156971,0.033282432,0.064309194,-0.956109128,-0.379722393,-0.124911308,-0.008339884,0.003322687,-0.001062388,0.99995804,0.014640768,0.00614901,0.194981015,-0.703284817,0.0,0.0,0.86058265,0.0,3.589925631
1772729813.6736732,-0.023384,0.006693,0.125769,-0.01182451,0.01936735,0.00254603,0.99973927,-0.023564,0.038795,0.004636,-0.143317522,0.028874076,0.340493934,0.046101924,0.216311579,-0.087714916,-0.004075184,0.031214927,1.053394882,0.165744575,0.27573376,0.031221237,52793.920775479,54961.580027392,54288.169571172,53621.375602154,-0.021025924,0.006326852,0.120824895,-0.114704463,0.033433383,0.332109988,0.007860233,0.045462154,0.053706624,-0.897858122,-0.496217717,-0.105058377,-0.007831176,0.004337367,-0.000882912,0.999958413,0.014640768,0.00614901,0.199166766,-0.710213045,0.0,0.0,0.86058265,0.0,3.590481641
1772729813.6836731,-0.024916,0.00694,0.129387,-0.01198395,0.01598118,0.00153398,0.9997993,-0.023929,0.031998,0.002686,-0.143718435,0.033142164,0.343499415,0.075523173,0.366977466,-0.080679301,-0.004690301,0.026745386,1.048831145,0.208611674,0.289752032,0.028034849,52911.339211688,54906.606090483,54069.602482802,53754.11661102,-0.022441792,0.006614514,0.12411643,-0.114568105,0.034973543,0.337291301,0.011112153,0.042318891,0.049325052,-0.8126315,-0.651978855,-0.090487554,-0.007086909,0.00569504,-0.000749514,0.999957247,0.014640768,0.00614901,0.203391443,-0.716799179,0.0,0.0,0.86058265,0.0,3.591037651
1772729813.6936731,-0.026439,0.007425,0.132678,-0.01157591,0.02051983,0.00214275,0.99972013,-0.023079,0.041089,0.003812,-0.14432743,0.0372046,0.346640502,0.097089311,0.504470897,-0.030552651,-0.001122173,0.014851808,1.052672372,0.21381941,0.326774298,0.00115902,52549.144971526,54799.134246813,54326.603474691,53932.913595236,-0.024018185,0.006924215,0.127912604,-0.114078613,0.036417209,0.342466411,0.014841543,0.027142694,0.050583183,-0.670947437,-0.869303469,-0.077617727,-0.005849774,0.007589873,-0.000632911,0.999953342,0.014640768,0.00614901,0.208782076,-0.724600182,0.0,0.0,0.86058265,0.0,3.591593661
1772729813.7036736,-0.027712,0.007688,0.136218,-0.01149285,0.02556602,0.0011334,0.99960643,-0.022951,0.05116,0.00168,-0.146102043,0.041238462,0.35196572,0.074797945,0.668050107,0.012642741,-0.003023012,0.006926397,1.058565473,0.16776329,0.317498843,-0.002226682,52135.671544715,55050.008130081,54744.232520325,53635.603252033,-0.025672005,0.007306345,0.131761683,-0.113577635,0.037836106,0.347746614,0.017829234,0.020080937,0.057346247,-0.534548039,-1.075322487,-0.079027649,-0.004658107,0.00938694,-0.000645988,0.999945272,0.014640768,0.00614901,0.213951272,-0.731491974,0.0,0.0,0.86058265,0.0,3.592149697
1772729813.7136738,-0.029275,0.008198,0.139721,-0.01098711,0.02849395,0.00167915,0.99953217,-0.021906,0.057029,0.002735,-0.144682131,0.044472342,0.355608401,0.109224793,0.6784235,0.061545419,-0.001306324,0.015391871,1.057448291,0.131479196,0.280873603,0.003323647,52190.724308351,54650.14714424,54666.700922199,53999.359861415,-0.027290058,0.007702276,0.135771692,-0.112328126,0.038985446,0.353804883,0.021244369,0.022765215,0.058564096,-0.427599515,-1.277466954,-0.081901293,-0.003723302,0.011150369,-0.000673265,0.999931335,0.014640768,0.00614901,0.219055833,-0.737735624,0.0,0.0,0.86058265,0.0,3.59270572
1772729813.7236736,-0.030736,0.00866,0.143315,-0.01005246,0.03087508,0.00239207,0.99946984,-0.019986,0.061805,0.004169,-0.140875911,0.045074674,0.360288417,0.17857339,0.536311055,0.078625464,0.005909936,0.021635327,1.053010591,0.098062581,0.218973814,-0.004604469,51771.445442124,55166.060678732,54856.165221271,53506.79269959,-0.028898261,0.008160284,0.139673931,-0.11093641,0.040100478,0.360073009,0.032667963,0.02763028,0.053643126,-0.338460524,-1.465031794,-0.081489906,-0.00294428,0.012786516,-0.000673487,0.999914637,0.014640768,0.00614901,0.22439342,-0.74368273,0.0,0.0,0.86058265,0.0,3.593261717
1772729813.7336736,-0.032102,0.009073,0.146983,-0.00934347,0.03327819,0.00274746,0.99939868,-0.018535,0.066617,0.004881,-0.139236438,0.045295925,0.368415891,0.204838141,0.219297612,0.072660461,0.004736151,0.015648741,1.049562465,0.077582804,0.122670207,-0.00469869,51169.582930169,55136.223642173,55441.452213601,53314.889183021,-0.030565644,0.008674219,0.143807237,-0.109126806,0.041131182,0.365982392,0.035491671,0.023084212,0.049568152,-0.274085428,-1.610112087,-0.085027317,-0.002381172,0.014052155,-0.000708424,0.999898317,0.014640768,0.00614901,0.229474336,-0.748786933,0.0,0.0,0.86058265,0.0,3.593817727
1772729813.743673,-0.033507,0.009562,0.150724,-0.00864132,0.0347122,0.00235317,0.99935722,-0.01715,0.069476,0.004113,-0.137453084,0.046747131,0.375016131,0.190632539,0.052472353,0.060439299,0.003562723,0.008412083,1.051926595,0.035510112,0.055166657,0.007137769,50753.437285179,55150.263017493,55749.163930642,53192.287539117,-0.031784446,0.009052658,0.14698644,-0.107423635,0.041753326,0.37028915,0.035789989,0.012617425,0.049458807,-0.233030424,-1.685794207,-0.08583174,-0.002022339,0.014712306,-0.000719079,0.999888918,0.014640768,0.00614901,0.233891196,-0.752765621,0.0,0.0,0.86058265,0.0,3.59437371
1772729813.7536733,-0.03478,0.010014,0.154387,-0.00655017,0.03266567,0.00305924,0.99944019,-0.012921,0.065381,0.005699,-0.13381932,0.045854123,0.383183077,0.118397554,-0.035053723,0.023242955,0.001049464,0.005181448,1.059973378,-0.005420372,0.044387123,0.002773034,50603.004159239,55021.134221472,55793.534696813,53206.687150139,-0.033461367,0.00962545,0.151580832,-0.104667537,0.042538875,0.376366812,0.034499666,0.009948464,0.049405552,-0.205274385,-1.727467409,-0.082487329,-0.001780304,0.015075706,-0.000692788,0.99988404,0.014640768,0.00614901,0.239943802,-0.757578425,0.0,0.0,0.86058265,0.0,3.596064161
1772729813.763673,-0.03615,0.010428,0.158325,-0.0066598,0.03341458,0.00314902,0.99941443,-0.013131,0.066882,0.005862,-0.132542648,0.04665358,0.389846662,0.025503782,-0.077138379,0.007683699,-0.000406268,0.002042207,1.059028734,-0.000439197,-0.019773434,-0.000671847,50076.762331839,54999.00768738,55996.092889174,53119.717488789,-0.035182108,0.010218976,0.156414525,-0.101812102,0.043305679,0.383161659,0.032594619,0.010266124,0.049130343,-0.198658121,-1.755089475,-0.080131281,-0.001722704,0.015316647,-0.000672642,0.999880329,0.014640768,0.00614901,0.245587564,-0.761385362,0.0,0.0,0.86058265,0.0,3.599649972
1772729813.7736723,-0.037516,0.010973,0.162287,-0.00670204,0.03194652,0.00304604,0.99946247,-0.01323,0.063943,0.005672,-0.131615394,0.047780077,0.395430894,-0.040650726,-0.066899115,0.004874116,-0.001690569,0.005064252,1.054955213,0.008677553,-0.001686934,0.006285444,50577.435217744,54539.909926968,55405.428185015,53313.502569651,-0.036969836,0.010844444,0.161626217,-0.098805006,0.044039802,0.391117142,0.030689662,0.010583768,0.048855146,-0.202395629,-1.746427255,-0.080547568,-0.001755315,0.015241093,-0.000675909,0.999881081,0.014640769,0.00614901,0.25186302,-0.764894962,0.0,0.0,0.86058265,0.0,3.603235611
1772729813.7836728,-0.038806,0.011438,0.166287,-0.00752569,0.03296719,0.00279931,0.99942418,-0.014891,0.065986,0.00511,-0.12954923,0.048723667,0.400005413,-0.075013946,-0.009834209,0.002456116,-0.000948652,0.011411354,1.055765748,0.062783769,0.059109477,0.010671695,51493.892126842,54184.126842433,54478.641140752,53332.573022628,-0.038289542,0.011329426,0.165643501,-0.096541453,0.044627128,0.396860941,0.028784478,0.010901451,0.048579917,-0.202664459,-1.750789593,-0.075947638,-0.001758248,0.015279089,-0.000635673,0.999880899,0.014640769,0.00614901,0.256979288,-0.767184026,0.0,0.0,0.86058265,0.0,3.606821678
1772729813.7936733,-0.040058,0.011892,0.170282,-0.00816019,0.03296741,0.00320044,0.99941799,-0.016136,0.065997,0.005872,-0.126959057,0.049935615,0.404609924,-0.064609725,0.044505474,-0.002743133,-0.008434085,0.013666946,1.052235578,0.06561912,0.104434983,0.003991778,50531.73133083,54234.486441385,54919.293700459,53155.22569879,-0.039653863,0.011837249,0.169958758,-0.094086766,0.045220416,0.402782743,0.026879294,0.011219133,0.048304689,-0.177711128,-1.781531664,-0.070373626,-0.001541088,0.015547118,-0.000589976,0.999877593,0.014640769,0.006149011,0.262113165,-0.768964832,0.0,0.0,0.86058265,0.0,3.610407745
1772729813.8036733,-0.041312,0.012406,0.17431,-0.0080849,0.0331086,0.00295129,0.9994147,-0.016001,0.066275,0.005376,-0.123739823,0.050701194,0.408159849,-0.008538958,0.048453496,0.004975528,-0.009450156,0.009367575,1.047807677,0.10344046,0.128971404,0.014553666,51315.53617741,54458.678819771,54144.266679196,52520.218380004,-0.041087081,0.012406155,0.174606656,-0.091448747,0.045890971,0.408923577,0.024974201,0.0115368,0.048029473,-0.137565702,-1.83746487,-0.068785886,-0.001190707,0.01603494,-0.000580994,0.999870332,0.014640769,0.006149011,0.267609777,-0.770314222,0.0,0.0,0.86058265,0.0,3.613993641
1772729813.8136735,-0.042588,0.012954,0.178404,-0.00746971,0.03309984,0.00313566,0.99941922,-0.014756,0.066257,0.005786,-0.121432808,0.051490647,0.412975549,0.04325718,0.072369176,-0.00306735,-0.005039369,0.007359231,1.046607747,0.135041656,0.144891845,0.016577048,51280.063897764,53983.744408946,54082.518636848,52814.506922258,-0.041914349,0.012753204,0.177315702,-0.089941915,0.046284809,0.412090229,0.029084377,0.006111134,0.046116445,-0.089841408,-1.898350855,-0.066579538,-0.000774294,0.016565953,-0.000568041,0.99986278,0.014640769,0.006149011,0.271039477,-0.770802984,0.0,0.0,0.86058265,0.0,3.617579622
1772729813.8236732,-0.043738,0.013453,0.182584,-0.00732813,0.03366561,0.00315699,0.9994013,-0.014468,0.067388,0.00583,-0.118337564,0.052376992,0.417887306,0.094537029,0.090345405,-0.005474876,0.000318075,0.007956721,1.04685817,0.144367127,0.153006299,0.007189919,51076.38668527,54605.489136934,53964.201315527,51891.011162049,-0.043277768,0.013339449,0.182015466,-0.087154129,0.046846775,0.417094555,0.037689679,0.002935769,0.045256699,-0.018326096,-1.975864404,-0.05952608,-0.000150949,0.017241915,-0.000516717,0.99985178,0.014640769,0.006149011,0.275858058,-0.771157377,0.0,0.0,0.86058265,0.0,3.621165433
1772729813.8336732,-0.044907,0.013962,0.186845,-0.00709212,0.03437632,0.00306238,0.9993791,-0.013998,0.068808,0.005647,-0.114697506,0.05183179,0.424268179,0.093221035,0.178855036,-0.009124077,0.001621927,0.009880616,1.042111122,0.151715608,0.160896567,-0.003616008,50895.665857781,54248.704533223,53791.970719594,51952.670607231,-0.044558964,0.01390289,0.186648793,-0.084256546,0.047216741,0.422161622,0.041153478,0.004395528,0.043963818,0.077232983,-2.075736982,-0.058681389,0.000683153,0.018112882,-0.000524566,0.999838274,0.014640769,0.006149011,0.281563227,-0.771012044,0.0,0.0,0.86058265,0.0,3.624751329
1772729813.8436728,-0.046078,0.014503,0.19106,-0.00663618,0.03511021,0.00275421,0.99935762,-0.013103,0.07027,0.005051,-0.111169589,0.051710228,0.428585121,0.093625525,0.200823502,0.006288559,0.001538938,0.021283137,1.045194635,0.143961988,0.150712805,-0.004864488,50715.081987026,53889.912895276,53619.703211308,52016.42938616,-0.046065301,0.014599714,0.192250373,-0.080570398,0.0474675,0.427811811,0.039843776,0.004899896,0.041066916,0.19006842,-2.194721655,-0.061999795,0.001668718,0.019150467,-0.000573004,0.999816432,0.014640769,0.006149011,0.287910225,-0.770082596,0.0,0.0,0.86058265,0.0,3.627543812
1772729813.8536725,-0.047148,0.015034,0.195315,-0.00547587,0.03578163,0.00281979,0.99934065,-0.010771,0.071608,0.005257,-0.107449131,0.052892766,0.430068184,0.153709266,0.171749987,0.024558732,-0.004130759,0.006251237,1.035377408,0.128883443,0.096135706,-0.003596273,50438.40381576,53540.477940844,53511.512960036,52115.912689095,-0.047201167,0.015148192,0.196762808,-0.077340255,0.04745348,0.431983216,0.038667918,0.004478656,0.037726984,0.271547104,-2.27835211,-0.064088781,0.002380342,0.019879694,-0.000606395,0.999799882,0.014640769,0.006149011,0.29288618,-0.76879834,0.0,0.0,0.86058265,0.0,3.629666426
1772729813.8636723,-0.048171,0.015511,0.199691,-0.00502438,0.03766969,0.00325104,0.99927233,-0.009825,0.075389,0.006136,-0.104117524,0.054129267,0.432536038,0.223490631,0.083268579,0.046153823,-0.003858309,-0.00093324,1.029419544,0.1171734,0.084652618,-0.007344231,50152.106123924,53114.76247487,53416.030472791,52330.303372563,-0.048201361,0.015636824,0.200947322,-0.074211283,0.047266014,0.435764768,0.039150374,-0.007408409,0.02890001,0.339963672,-2.341133895,-0.067161066,0.002978092,0.020427009,-0.000646642,0.999787015,0.014640769,0.006149011,0.297354393,-0.76724668,0.0,0.0,0.86058265,0.0,3.63178904
1772729813.8736722,-0.049239,0.016059,0.204118,-0.00475515,0.03839203,0.00321033,0.99924628,-0.009284,0.076832,0.006069,-0.101398698,0.054201159,0.436988645,0.229808567,0.06279904,0.055402726,-0.00695341,-0.00257901,1.025940424,0.071649975,0.090905065,-0.013735359,49972.597383017,53277.045447203,53315.673927091,51829.983791934,-0.049180102,0.016143665,0.205113997,-0.071090696,0.047044208,0.438716712,0.033413541,-0.008165976,0.026314366,0.393801044,-2.391492104,-0.072123016,0.003448952,0.0208659,-0.000701116,0.999774641,0.01464077,0.006149011,0.302128271,-0.765143346,0.0,0.0,0.86058265,0.0,3.633911705
1772729813.8836715,-0.050239,0.016657,0.208368,-0.00265526,0.03693866,0.00357972,0.9993076,-0.005056,0.073912,0.006977,-0.098400754,0.052872176,0.44276301,0.198069162,0.050212758,0.025893226,0.004654817,0.003481704,1.028580118,0.116948915,0.032121254,0.003067862,49753.322550519,53668.646046626,53312.071677893,50997.224337797,-0.050158479,0.016694673,0.20940578,-0.067762361,0.046776905,0.441140526,0.035248764,-0.007496655,0.025997476,0.440018022,-2.437950783,-0.077791404,0.003853453,0.021270765,-0.000760518,0.999764847,0.01464077,0.006149011,0.306865397,-0.762610543,0.0,0.0,0.86058265,0.0,3.636034218
1772729813.893672,-0.051168,0.017199,0.212753,-0.00056742,0.03696064,0.00372424,0.99930962,-0.000861,0.073942,0.007422,-0.095585755,0.053016601,0.446275698,0.17373318,0.006984699,-0.013010022,0.003511707,0.001110975,1.029890262,0.103523525,0.046882427,0.002756484,49546.195211356,52939.538226264,53266.043380301,51386.016553624,-0.051087299,0.017226067,0.213722306,-0.064333347,0.046364921,0.443750662,0.0371289,-0.006820307,0.025692966,0.504072237,-2.471695528,-0.077953162,0.004412487,0.021564763,-0.000775001,0.999757338,0.01464077,0.006149011,0.311287299,-0.759855857,0.0,0.0,0.86058265,0.0,3.638156985
1772729813.9036715,-0.052139,0.017682,0.217373,-0.0007389,0.03717986,0.00346287,0.99930232,-0.001223,0.074382,0.006885,-0.092994844,0.052363919,0.449470281,0.133134623,0.010749639,-0.042187943,-0.003694964,0.004993825,1.0219713,0.080417048,0.067688726,-0.002543324,49400.310692556,52580.847623203,53026.37500303,51469.174072189,-0.052056612,0.01775161,0.218380969,-0.060743845,0.045749872,0.447078746,0.039008856,-0.006144023,0.025388486,0.562367793,-2.503269863,-0.073594621,0.004920414,0.02184002,-0.000749299,0.999749057,0.01464077,0.006149011,0.316351644,-0.756189954,0.0,0.0,0.86058265,0.0,3.640279548
1772729813.9136715,-0.053097,0.018173,0.221923,-0.0013435,0.03954664,0.00317969,0.99921176,-0.002441,0.079122,0.006268,-0.090315432,0.051809024,0.4535218,0.061798128,0.064465791,-0.058424204,-0.010233581,0.008570973,1.013770375,0.058200538,0.088617167,-0.007290857,49345.226816302,52450.613112817,52668.730064973,51258.453632605,-0.053082029,0.01831644,0.223532359,-0.056754281,0.044934434,0.45025771,0.040239859,-0.007527912,0.019152315,0.605839683,-2.543380935,-0.073535604,0.005299857,0.022189679,-0.000758906,0.999739505,0.01464077,0.006149011,0.321664036,-0.751779787,0.0,0.0,0.86058265,0.0,3.642402213
1772729813.9236715,-0.053893,0.018677,0.226434,-0.00053725,0.03818889,0.00240211,0.99926751,-0.000893,0.076399,0.004774,-0.086796703,0.052618096,0.455072676,0.029561865,0.058182263,-0.041384481,-0.003495866,0.000819141,1.015063622,0.05355444,0.106049461,-0.001464519,49124.350497344,52456.879279351,52626.415012184,50853.931949826,-0.05392617,0.018835796,0.228037361,-0.053173254,0.044246949,0.452141435,0.041762064,-0.00888318,0.013648065,0.640313471,-2.59082428,-0.075816688,0.005601284,0.022603249,-0.000787795,0.99972862,0.01464077,0.006149011,0.326462501,-0.747314064,0.0,0.0,0.86058265,0.0,3.644524878
1772729813.933672,-0.054786,0.019311,0.230885,0.00048093,0.03746436,0.00263685,0.99929437,0.001162,0.074943,0.005321,-0.083094407,0.053483715,0.453861486,0.051685784,0.036213866,-0.011506115,0.002149159,-0.001849283,1.016491517,0.063264936,0.071726399,0.00173521,48965.704010368,52528.851177191,52498.711930305,50467.738858089,-0.054699464,0.019343518,0.232215174,-0.049889894,0.043660726,0.453379567,0.045214821,-0.009736556,0.013668257,0.674355756,-2.641657422,-0.07639393,0.005898626,0.023046468,-0.000802154,0.999717508,0.01464077,0.006149011,0.330478507,-0.74320491,0.0,0.0,0.86058265,0.0,3.646647644
1772729813.943672,-0.055651,0.019767,0.2355,-8.283e-05,0.03919931,0.00256952,0.9992281,3.6e-05,0.078419,0.005144,-0.079309069,0.053568447,0.454453367,0.072402751,0.04464858,0.013749133,-0.005913958,0.006584663,1.003595113,0.061732132,0.07008714,0.000578762,48939.8004258,52085.470430531,52110.098091784,50467.049045892,-0.055729184,0.020007453,0.238063233,-0.045222858,0.042675717,0.455363769,0.045143833,-0.009506763,0.009195063,0.722277472,-2.698605915,-0.075298571,0.006316736,0.023543012,-0.00080533,0.999703469,0.014640771,0.006149011,0.336278278,-0.736536541,0.0,0.0,0.86058265,0.0,3.649638191
1772729813.9536726,-0.056387,0.020334,0.240084,0.00016044,0.03932443,0.00266573,0.99922293,0.000532,0.078668,0.005357,-0.076731872,0.052229265,0.456566092,0.058318146,0.104202516,0.020629294,-0.011789567,0.014977238,0.993133046,0.05773369,0.072825074,-0.002126848,48968.27086571,51635.532224152,51649.074138404,50577.916171496,-0.056523999,0.020559444,0.242902604,-0.041203219,0.04181973,0.456516007,0.037996396,-0.002014122,-0.004815272,0.764172888,-2.739265146,-0.07458551,0.006682261,0.023897469,-0.000810077,0.999691837,0.014640771,0.006149011,0.341435172,-0.730272556,0.0,0.0,0.86058265,0.0,3.653219859
1772729813.963672,-0.057072,0.020848,0.244569,0.00122911,0.03889527,0.00328204,0.99923715,0.00272,0.077802,0.006675,-0.07286831,0.050171512,0.458580993,0.028760977,0.163511329,0.011578767,-0.00823731,0.017907748,0.992230468,0.052362453,0.078296772,-0.005631819,48809.012982986,51481.67106324,51467.516693887,50478.113766513,-0.057169598,0.0210102,0.247010344,-0.037812796,0.041012634,0.456464666,0.039892309,0.004308711,-0.009068656,0.797472131,-2.77976255,-0.076123233,0.006973259,0.024250436,-0.000832897,0.99968236,0.014640771,0.006149011,0.345654442,-0.724606067,0.0,0.0,0.86058265,0.0,3.656801014
1772729813.973672,-0.057851,0.021315,0.249207,0.00085543,0.04084018,0.00265579,0.9991618,0.001933,0.081698,0.005395,-0.068322695,0.049151232,0.459364618,0.023957087,0.14485242,-0.013611949,-0.000711845,0.009152362,0.994169976,0.060795908,0.061292257,-0.001221894,48655.81915586,51701.602613528,51373.844339859,49816.32759225,-0.057821493,0.021465287,0.251264521,-0.034350116,0.040136618,0.455865326,0.046746374,-0.003044289,-0.007056132,0.824614901,-2.824971922,-0.080068562,0.007211091,0.024644386,-0.000875897,0.999670455,0.014640771,0.006149011,0.349608717,-0.718945963,0.0,0.0,0.86058265,0.0,3.660382425
1772729813.983672,-0.058528,0.021826,0.253833,0.00081271,0.04128987,0.00266658,0.99914332,0.001851,0.082599,0.005414,-0.064823139,0.049153621,0.458586082,0.03824443,0.128553379,-0.016674211,-0.004438643,0.006861417,0.990510403,0.067048615,0.035935714,-0.011003852,48646.002647021,51660.582992429,51097.163448901,49534.087129556,-0.058412215,0.021897629,0.25533854,-0.030944467,0.039264081,0.455296884,0.047587845,-0.011688873,-0.007681883,0.856466302,-2.856351623,-0.080172814,0.007489114,0.024917885,-0.000885705,0.999661226,0.014640771,0.006149011,0.353556439,-0.712951893,0.0,0.0,0.86058265,0.0,3.663963837
1772729813.9936717,-0.05916,0.022289,0.258366,0.00125422,0.04245792,0.00258373,0.99909413,0.002735,0.084935,0.005288,-0.06133211,0.047525201,0.459323962,0.010039381,0.153393137,-0.026621737,-0.010464491,0.015486255,0.980348637,0.058624804,0.023845935,-0.011374039,48501.602244072,51409.09443609,50860.719375361,49581.59956044,-0.058901684,0.022268467,0.258918786,-0.027855578,0.03844542,0.454764031,0.036896447,-0.00439441,-0.017938877,0.893203462,-2.879258803,-0.082619948,0.007810236,0.025117263,-0.000916591,0.999653578,0.014640771,0.006149012,0.357174575,-0.707165804,0.0,0.0,0.86058265,0.0,3.667545163
1772729814.0036716,-0.059674,0.022764,0.262996,0.00107758,0.04194567,0.00250933,0.99911616,0.002372,0.08391,0.005123,-0.056749976,0.046624831,0.457550767,0.026066924,0.128459051,-0.014376363,-0.008403507,0.014508708,0.974771065,0.052425596,0.025256359,-0.013141408,48045.892761717,51186.37488867,50901.517873047,49514.385431962,-0.059461055,0.022742427,0.26353504,-0.023769812,0.03737162,0.453548816,0.03969667,0.002671875,-0.02532993,0.931093016,-2.895577375,-0.088431576,0.008142124,0.025258902,-0.000976739,0.999646879,0.014640771,0.006149012,0.361562391,-0.699701725,0.0,0.0,0.86058265,0.0,3.671126575
1772729814.0136712,-0.060283,0.02327,0.267534,0.00133919,0.04305923,0.00242957,0.99906867,0.002896,0.086138,0.004988,-0.051996786,0.044990874,0.45535768,0.043733889,0.089972992,0.012050319,-0.003278603,0.007027135,0.973869906,0.046649646,0.020745237,-0.010440372,47565.94025974,51042.232585596,51029.167414404,49316.059504132,-0.06004543,0.023244757,0.268348831,-0.019611171,0.036233939,0.451255975,0.046371276,-0.005578855,-0.023965257,0.963810403,-2.910073203,-0.095548174,0.008429184,0.025384555,-0.001047094,0.999641276,0.014640771,0.006149012,0.36633597,-0.691048021,0.0,0.0,0.86058265,0.0,3.674707815
1772729814.0236712,-0.060776,0.02368,0.272076,0.0018116,0.0437339,0.00258772,0.99903822,0.003861,0.087486,0.005349,-0.048741907,0.043281374,0.454475997,0.01938753,0.092235932,0.008549073,-0.004508014,0.011011985,0.972528832,0.040044077,-0.013111515,-0.013766372,47079.665916273,51259.580825709,51131.493897024,48770.733348479,-0.060514052,0.023652528,0.272578753,-0.015892119,0.035095446,0.448988714,0.045234465,-0.007515356,-0.026736609,0.990934933,-2.918327643,-0.102206001,0.008667328,0.025455812,-0.001111795,0.999637015,0.014640772,0.006149012,0.370340728,-0.683390423,0.0,0.0,0.86058265,0.0,3.678289227
1772729814.0336707,-0.061248,0.024091,0.276647,0.00137712,0.0442116,0.00242516,0.9990183,0.002978,0.088445,0.004987,-0.044793749,0.042651439,0.450797885,0.048585141,0.015969889,0.031130732,-0.010768066,0.022761363,0.965450011,0.033155161,-0.025093577,-0.019686189,46957.779080469,50715.292345244,50884.803569285,49148.909947581,-0.060932483,0.024026267,0.276626538,-0.012322944,0.033955083,0.4467325,0.038076626,0.007054911,-0.033850881,1.012742994,-2.915649207,-0.110161884,0.008859318,0.025431618,-0.001185833,0.999635618,0.014640772,0.006149012,0.374121369,-0.67577073,0.0,0.0,0.86058265,0.0,3.681870467
1772729814.0436711,-0.061667,0.024519,0.28106,0.00248528,0.04378211,0.00287016,0.99903389,0.005237,0.087577,0.005975,-0.041004857,0.042224535,0.447005244,0.077996882,-0.049659653,0.032681543,-0.010427903,0.021686725,0.960061595,0.02656234,-0.021802909,-0.018420444,46862.110039614,50575.984794526,50708.571125605,49033.939258133,-0.061259692,0.024347906,0.28006514,-0.009242863,0.032960615,0.444279276,0.038932957,0.002967662,-0.040105004,1.027370002,-2.908066311,-0.119062823,0.008988836,0.025364619,-0.001266135,0.999635737,0.014640772,0.006149012,0.37731998,-0.669021274,0.0,0.0,0.86058265,0.0,3.68520847
1772729814.053671,-0.062053,0.02493,0.285623,0.0019201,0.04376459,0.00288313,0.99903587,0.004105,0.087545,0.005952,-0.036951181,0.041944698,0.444683757,0.086324872,-0.119678212,0.018661737,-0.006267979,0.012859214,0.957146462,0.019926492,-0.022316627,-0.014748215,46674.532568468,50554.401554404,50721.797927461,48714.802738712,-0.06158862,0.024689032,0.283796606,-0.005948041,0.031886996,0.441323088,0.04219075,-0.006066198,-0.043845995,1.036987412,-2.899252946,-0.127276371,0.009074485,0.025286983,-0.001339223,0.999636969,0.014640772,0.006149012,0.380705399,-0.661616418,0.0,0.0,0.86058265,0.0,3.68791264
1772729814.063671,-0.062422,0.025371,0.29001,0.00239418,0.04316551,0.00279562,0.99906115,0.005044,0.086344,0.005814,-0.034691991,0.041634441,0.440945739,0.092644203,-0.099740227,-0.00725481,-0.002319177,0.00518543,0.956860218,0.014214343,-0.039281658,-0.014745893,46850.899370009,50377.052421989,50350.242620257,48616.635932661,-0.061899193,0.025035498,0.287531751,-0.002672989,0.030828049,0.438087831,0.04463459,-0.007352483,-0.043113583,1.046716435,-2.88475171,-0.134395201,0.009160808,0.025159796,-0.001402318,0.999639044,0.014640772,0.006149012,0.384235629,-0.653584463,0.0,0.0,0.86058265,0.0,3.69061694
1772729814.0736706,-0.062727,0.025798,0.294287,0.0043103,0.04130197,0.00323941,0.99913216,0.008911,0.082598,0.006853,-0.032099526,0.040347105,0.437270969,0.078487223,-0.048809417,-0.034660682,-0.004167459,0.031152076,0.957148325,0.021579333,-0.024307962,-0.01696152,46866.458435652,50157.478635946,50112.048173219,48559.06993231,-0.062190515,0.025391459,0.291271824,0.000616212,0.029770358,0.434570423,0.044093351,0.010080941,-0.042426631,1.05407965,-2.870097612,-0.140899886,0.00922634,0.025031346,-0.001459505,0.999641654,0.014640772,0.006149012,0.387720604,-0.645333566,0.0,0.0,0.86058265,0.0,3.693321046
1772729814.0836709,-0.063057,0.02618,0.298777,0.00350186,0.04217535,0.00237001,0.99910128,0.007223,0.084358,0.005049,-0.029135692,0.038531836,0.434027978,0.027185311,0.001218595,-0.053586096,-0.002804328,0.019356806,0.941753281,0.037711159,-0.038534934,-0.012611995,46558.299214743,49926.515273932,50126.792247288,48513.81716672,-0.06248043,0.025775494,0.295334833,0.004173454,0.028599864,0.43042848,0.043885574,0.002861362,-0.060201805,1.064335116,-2.85490881,-0.147625986,0.009317134,0.02489817,-0.001519193,0.999644149,0.014640773,0.006149012,0.391353663,-0.636373209,0.0,0.0,0.86058265,0.0,3.696025346
1772729814.093671,-0.063327,0.026537,0.303093,0.00359067,0.04241741,0.00218599,0.99909113,0.007387,0.084844,0.00469,-0.025719391,0.03644479,0.42898722,-0.021425852,0.071535147,-0.05990741,-0.006139642,0.001762071,0.942852091,0.034082641,-0.048233084,-0.012793979,46230.314469671,49704.685191461,50099.857844798,48506.299390037,-0.062772253,0.026158898,0.299666156,0.007815277,0.027332201,0.425548015,0.038922835,-0.021147074,-0.061057145,1.08066319,-2.834521817,-0.154386374,0.009460841,0.024719547,-0.001580039,0.999647001,0.014640773,0.006149012,0.395329539,-0.626119388,0.0,0.0,0.86058265,0.0,3.698729646
1772729814.1036713,-0.063586,0.026904,0.307293,0.00361033,0.04330691,0.00192051,0.99905345,0.007408,0.086626,0.004166,-0.021360743,0.035514447,0.423813574,-0.044824439,0.03937492,-0.034302853,-0.002781203,0.015790645,0.94665704,0.022665181,-0.062449183,-0.006680832,46212.5213942,49467.027376772,49867.371959943,48492.557874886,-0.063015928,0.026497419,0.303643292,0.011147627,0.026119956,0.420283596,0.042512642,-0.003446254,-0.050946174,1.096108546,-2.809538542,-0.161258633,0.009596806,0.024500813,-0.001641245,0.999650875,0.014640773,0.006149012,0.398814572,-0.616769184,0.0,0.0,0.86058265,0.0,3.701433945
1772729814.113671,-0.063766,0.027264,0.311532,0.00315166,0.0428615,0.00185002,0.99907434,0.00648,0.085737,0.003981,-0.016765051,0.035153957,0.416814597,-0.01425249,-0.054525892,0.002394574,-0.005517158,0.017872483,0.943663911,0.016055012,-0.04515239,-0.012664976,46390.606369427,49182.771974522,49489.155414013,48499.207898089,-0.063249728,0.026849519,0.30778167,0.014650925,0.024816054,0.415153739,0.040257715,0.000492014,-0.059988223,1.10692409,-2.78210225,-0.166764408,0.009692044,0.024260849,-0.001689287,0.999655627,0.014640773,0.006149012,0.4027154,-0.60584014,0.0,0.0,0.86058265,0.0,3.704138116
1772729814.1236715,-0.063901,0.027588,0.315689,0.00282048,0.04248133,0.00201867,0.99909124,0.005828,0.084976,0.004289,-0.01226324,0.034279131,0.409699264,0.046840513,-0.172100918,0.046585494,-0.005167671,0.004861667,0.940041715,0.012585333,-0.042740829,-0.008944426,46043.278413811,49321.191375637,49520.07499368,48114.331449312,-0.063433837,0.027191251,0.311865089,0.018123454,0.023526306,0.409947088,0.040781661,-0.011781081,-0.059678121,1.113539251,-2.759099487,-0.171634848,0.009750529,0.024059668,-0.001731235,0.999660144,0.014640774,0.006149013,0.406354168,-0.595226111,0.0,0.0,0.86058265,0.0,3.70684248
1772729814.1336715,-0.064019,0.027925,0.319716,0.00308237,0.04254678,0.00194356,0.99908783,0.006348,0.085107,0.004161,-0.009481303,0.03256728,0.404794403,0.046533338,-0.169786612,0.03229931,-0.005487711,0.003627664,0.940478366,0.018429258,-0.056715444,-0.003212345,45985.716421684,49466.61114522,49414.797139658,47689.43306006,-0.063537835,0.027426911,0.314811389,0.020647467,0.022561878,0.406064539,0.039216319,-0.013778735,-0.05841664,1.118048085,-2.740931113,-0.17707294,0.009790798,0.023900641,-0.001778082,0.99966322,0.014640774,0.006149013,0.409009183,-0.587160426,0.0,0.0,0.86058265,0.0,3.709546715
1772729814.1436713,-0.064067,0.028304,0.323711,0.00461272,0.03895965,0.00283388,0.99922612,0.009468,0.077912,0.006041,-0.007119121,0.030592065,0.398328235,0.042054378,-0.1433645,0.010881612,-0.00624639,0.00556055,0.935642829,0.018829432,-0.071153263,-0.001012771,45504.165495995,48968.351201479,49642.485397412,47929.522858903,-0.063643347,0.027711678,0.318347208,0.023699102,0.02139768,0.401147963,0.036683003,-0.014625174,-0.065463184,1.123800461,-2.715024552,-0.181072606,0.009841511,0.023674208,-0.001811965,0.999667979,0.014640774,0.006149013,0.411928694,-0.578058421,0.0,0.0,0.86058265,0.0,3.712250886
1772729814.1536713,-0.064139,0.02856,0.3277,0.00431737,0.03942301,0.00246372,0.99921025,0.00885,0.078844,0.00528,-0.005131959,0.028732448,0.39131939,0.019584473,-0.079921199,-0.02531849,-0.005664494,-4.6255e-05,0.920302192,0.003450259,-0.076961966,-0.002808907,45648.989616613,48905.019169329,49328.603833866,47830.170926518,-0.063714423,0.028005198,0.321985533,0.026797041,0.020200399,0.395248642,0.035140303,-0.016067687,-0.076607037,1.130646204,-2.683019995,-0.182560166,0.009901159,0.023394769,-0.00182361,0.999673157,0.014640774,0.006149013,0.415232307,-0.567217957,0.0,0.0,0.86058265,0.0,3.714955121
1772729814.1636715,-0.064191,0.028814,0.331601,0.00394378,0.03970147,0.00230551,0.99920114,0.00809,0.079405,0.004936,-0.002138464,0.027111215,0.384731505,-0.020677941,-0.03267273,-0.041742258,-0.005499619,0.015219206,0.930938317,0.011633581,-0.07038919,-0.00778805,45615.515099776,48973.289083342,49155.388361256,47571.150855476,-0.063766351,0.02829348,0.325559571,0.029812583,0.019025808,0.389022829,0.037862254,-0.00763519,-0.074384657,1.136676892,-2.636787236,-0.18672612,0.009954041,0.02299098,-0.001857187,0.99968108,0.014640774,0.006149013,0.418811742,-0.555001077,0.0,0.0,0.86058265,0.0,3.717110386
1772729814.1736715,-0.06423,0.029084,0.335389,0.00342958,0.04072521,0.00151145,0.99916336,0.007,0.081462,0.003311,0.000924729,0.025498315,0.377637112,-0.05094985,-0.004307083,-0.042870361,-0.006712715,0.01097387,0.92497866,0.019789309,-0.083051782,-0.006040007,45218.095281601,49294.136099732,49282.595826825,46853.680675488,-0.063815786,0.028604451,0.329727319,0.033268751,0.01757587,0.381671702,0.036739215,5.8596e-05,-0.078068631,1.1423978,-2.585151734,-0.191909265,0.010004353,0.022539973,-0.001899094,0.999691798,0.014640774,0.006149013,0.422391092,-0.542784488,0.0,0.0,0.86058265,0.0,3.718844443
1772729814.1836708,-0.064177,0.029354,0.339094,0.00352309,0.03943951,0.00167107,0.99921435,0.007195,0.078887,0.003629,0.004027568,0.024914457,0.368833199,-0.046871626,-0.001145674,-0.025596119,-0.007956729,0.006289861,0.918646036,0.027943838,-0.096146253,-0.004140732,45666.486194676,49249.014917992,48671.497651034,46647.906288634,-0.063848551,0.028920761,0.334328738,0.036979503,0.015892343,0.373026783,0.029611125,-0.009879672,-0.081623815,1.149535094,-2.52214155,-0.193940525,0.010066209,0.021989969,-0.001912721,0.999703396,0.014640775,0.006149013,0.426075488,-0.529677161,0.0,0.0,0.86058265,0.0,3.720578377
1772729814.1936707,-0.064112,0.029598,0.342768,0.00342309,0.03937986,0.0015996,0.99921717,0.006989,0.078769,0.003477,0.006891362,0.024955113,0.359614387,0.004421873,-0.06349337,0.01508447,-0.009996541,0.009253841,0.915158416,0.02111151,-0.10241355,0.001136452,45357.607011335,48792.352575446,48834.67109857,46893.195753025,-0.063830304,0.029193353,0.338251131,0.040145235,0.014462974,0.364959803,0.029376657,-0.006774128,-0.082633939,1.158488328,-2.465645061,-0.196273837,0.010144029,0.02149673,-0.001929825,0.999713417,0.014640775,0.006149013,0.429521208,-0.516712637,0.0,0.0,0.86058265,0.0,3.722312434
1772729814.2036707,-0.06401,0.029839,0.346322,0.00343409,0.03901622,0.00207928,0.99923051,0.007047,0.078037,0.004437,0.008898532,0.023728189,0.350428326,0.025007774,-0.04186744,0.029686249,-0.006288593,0.015549596,0.914628493,0.014626797,-0.094479539,0.003350966,45378.508224474,48961.477499943,48680.24730617,46541.582530713,-0.063777824,0.029427977,0.34172375,0.042924264,0.013181815,0.35727156,0.031624606,-0.004279322,-0.086513595,1.172311676,-2.409696652,-0.197394394,0.010264103,0.021008293,-0.001937224,0.999722466,0.014640775,0.006149013,0.432606232,-0.504670858,0.0,0.0,0.86058265,0.0,3.724046491
1772729814.2136705,-0.063945,0.030062,0.34979,0.00356276,0.03872989,0.00192947,0.9992415,0.007292,0.077465,0.004144,0.010247854,0.022060685,0.341182493,0.017721477,-0.007812406,0.015042331,-0.000931836,0.014467288,0.910328331,0.022031027,-0.083812257,0.002691331,45468.041383041,48367.589730875,48516.475228779,46986.983095163,-0.063693261,0.029658635,0.345196768,0.045693254,0.011867638,0.349221043,0.034362595,-0.006317562,-0.092194788,1.179856508,-2.353453472,-0.19653521,0.010329033,0.020517559,-0.001926076,0.999731869,0.014640776,0.006149013,0.435566706,-0.492715827,0.0,0.0,0.86058265,0.0,3.725780507
1772729814.2236702,-0.063827,0.030302,0.353113,0.00380373,0.03887335,0.00209031,0.99923472,0.007788,0.07775,0.004487,0.012001371,0.02143922,0.32961296,0.037338752,-0.035725855,-0.003763945,-0.006327021,0.011923488,0.903955588,0.006341852,-0.085737176,0.005999001,45125.699316629,48342.39820615,48751.400056948,46823.753274487,-0.06359919,0.029883119,0.348661251,0.048359423,0.010522326,0.34062423,0.02954797,-0.010152406,-0.098887832,1.18828697,-2.311597367,-0.196519266,0.010402031,0.02015225,-0.001923676,0.999739139,0.014640776,0.006149014,0.438585974,-0.480101982,0.0,0.0,0.86058265,0.0,3.727514522
1772729814.2336707,-0.063711,0.030497,0.356374,0.00419528,0.038854,0.00201128,0.99923407,0.008566,0.07771,0.004359,0.014536513,0.020601904,0.318746477,0.061409315,-0.131241351,-0.007557684,-0.008740637,0.006219771,0.902769174,-0.008658022,-0.100719336,-0.001133554,45184.953056855,48621.156133534,48573.750112336,46482.687627204,-0.06347698,0.030127773,0.352351733,0.051145902,0.00908118,0.330300813,0.027334114,-0.014058681,-0.101615415,1.190757932,-2.25509329,-0.192816735,0.010422208,0.019659581,-0.001886704,0.999747949,0.014640776,0.006149014,0.441832914,-0.466041176,0.0,0.0,0.86058265,0.0,3.729248662
1772729814.2436707,-0.063542,0.030677,0.359527,0.00394142,0.03861763,0.00185287,0.99924457,0.008044,0.077239,0.004019,0.017192654,0.019039723,0.310410106,0.035682474,-0.176218238,-0.020805384,-0.004606416,0.011427964,0.904510025,-0.005844162,-0.110553451,-0.002020604,44844.161702414,48700.11495103,48819.61137632,46262.546157467,-0.063313314,0.030360749,0.356120339,0.053952207,0.007517177,0.318929578,0.024237832,-0.008460823,-0.093709061,1.187273794,-2.177076999,-0.19428209,0.010391043,0.018978846,-0.001891862,0.99976137,0.014640776,0.006149014,0.445523289,-0.449423869,0.0,0.0,0.86058265,0.0,3.730982719
1772729814.2536714,-0.063358,0.030867,0.362581,0.00403037,0.03704557,0.00148582,0.99930435,0.008188,0.074095,0.003277,0.020845746,0.017529193,0.301131911,0.021166459,-0.244007152,0.000301209,-0.000471898,0.01663653,0.906250999,-0.0030301,-0.120388268,-0.002907717,44956.515117969,48454.114785858,48737.799833945,46427.00643465,-0.063135374,0.030589635,0.359911731,0.056765114,0.005914672,0.307403552,0.022409181,-0.009583071,-0.097644589,1.180080137,-2.098786784,-0.192762581,0.010327018,0.018296047,-0.001870407,0.999773879,0.014640777,0.006149014,0.448705171,-0.434248346,0.0,0.0,0.86058265,0.0,3.731742626
1772729814.2636707,-0.063116,0.031086,0.36545,0.00536314,0.0342863,0.00207552,0.99939551,0.010888,0.068563,0.004527,0.02348289,0.015879153,0.291525297,0.019296202,-0.270968752,0.016644912,-0.005256227,0.008068291,0.885999122,-0.008650269,-0.11623822,0.003262111,44907.681332214,48293.739322698,48664.82345368,46617.478645396,-0.062882862,0.030826957,0.363770726,0.059615932,0.004249323,0.295230089,0.022389663,-0.012795263,-0.10542014,1.175745282,-2.01916145,-0.192653304,0.010288136,0.017601415,-0.001861646,0.999787938,0.014640777,0.006149014,0.451814553,-0.419211843,0.0,0.0,0.86058265,0.0,3.731230334
1772729814.2736712,-0.062897,0.031187,0.368428,0.0045894,0.0340449,0.00186605,0.99940802,0.009322,0.068085,0.004052,0.025500083,0.013798012,0.281415187,0.01679078,-0.242744839,0.038242216,-0.006383594,0.001826155,0.893964567,-0.006246197,-0.123583732,-0.001178529,44896.041001295,48325.67846353,48662.447345706,46641.871385412,-0.062633781,0.031011671,0.366948521,0.061878741,0.002850146,0.283682648,0.020237359,-0.015427685,-0.109352279,1.171721083,-1.952294811,-0.193618185,0.010252292,0.017017992,-0.001863499,0.999798774,0.014640777,0.006149014,0.454649867,-0.404797054,0.0,0.0,0.86058265,0.0,3.73071798
1772729814.2836716,-0.06263,0.031307,0.371239,0.00374456,0.03398655,0.00184735,0.99941357,0.007628,0.067972,0.003956,0.026439885,0.011575302,0.271178134,0.011236665,-0.158088455,0.044992599,-0.013347458,-0.001006905,0.896926579,-0.003606664,-0.123294135,-0.006712896,44906.0,48479.263294123,48615.826876539,46549.084362703,-0.062404267,0.031135522,0.369621099,0.063710441,0.001593258,0.273778553,0.016675567,-0.016512964,-0.10444634,1.166980796,-1.889238581,-0.19612882,0.010210455,0.016467681,-0.001879116,0.999808431,0.014640778,0.006149014,0.457083111,-0.392001661,0.0,0.0,0.86058265,0.0,3.730205627
1772729814.2936718,-0.062311,0.031444,0.373781,0.0049816,0.03176376,0.00267821,0.9994794,0.010149,0.06351,0.005682,0.027097481,0.010449408,0.260720995,-0.014370917,-0.055761654,0.04034044,-0.003564211,0.000445464,0.891817363,0.014579937,-0.141640184,-0.011367009,44972.763342004,48521.291976859,48607.894273029,46490.321441385,-0.062163465,0.031244088,0.372023747,0.0653922,0.000422112,0.264840527,0.022819296,-0.017649563,-0.107616605,1.1621838,-1.820592261,-0.201992788,0.010168482,0.015868296,-0.001923532,0.999818312,0.014640778,0.006149014,0.459182855,-0.380626022,0.0,0.0,0.86058265,0.0,3.729693286
1772729814.3036716,-0.062078,0.031528,0.376357,0.00493638,0.03210588,0.00248423,0.9994692,0.010048,0.064197,0.005294,0.028932409,0.008931263,0.250096431,-0.018070175,-0.049452882,0.016172988,-0.016817508,-0.00108918,0.880726999,0.008278942,-0.142996198,-0.003820876,45001.764191273,48485.235808727,48723.55311243,46475.443550569,-0.061911261,0.031345554,0.37425883,0.066954689,-0.000706393,0.255915875,0.012317106,-0.015550143,-0.118818913,1.164085594,-1.756813829,-0.206989197,0.010184851,0.015311344,-0.001961737,0.99982689,0.014640778,0.006149014,0.461127411,-0.369807252,0.0,0.0,0.86058265,0.0,3.72918097
1772729814.3136716,-0.061794,0.03159,0.378818,0.00453666,0.03203708,0.00261822,0.99947296,0.009255,0.06406,0.005536,0.030721455,0.008151756,0.238097838,0.000236958,-0.082973084,-0.009182676,-0.015173003,0.003070853,0.888356004,-0.003377933,-0.147107764,-0.000879295,44955.046343455,48578.225632751,48850.253586564,46419.559639983,-0.061697155,0.031421511,0.376247335,0.068214374,-0.001744157,0.247349713,0.010957985,-0.015828233,-0.11343206,1.16610657,-1.69335875,-0.210179113,0.010201979,0.014757367,-0.001984237,0.99983459,0.014640779,0.006149015,0.462835358,-0.360002528,0.0,0.0,0.86058265,0.0,3.728668641
1772729814.3236718,-0.061493,0.0317,0.381153,0.00431013,0.03232063,0.0024442,0.99946527,0.008792,0.064631,0.005175,0.031488569,0.0070151,0.228404025,-0.027895925,-0.116031728,-0.043711067,-0.011298921,0.001865187,0.889826065,-0.016908499,-0.146420922,-0.000361248,45548.631973873,48442.059698301,48368.372944287,46761.197523424,-0.061462421,0.03148171,0.378257026,0.069427009,-0.002855426,0.237810644,0.011197401,-0.01500569,-0.110566675,1.164269505,-1.625897889,-0.212117651,0.01018519,0.01416861,-0.001994956,0.999842985,0.014640779,0.006149015,0.464731149,-0.3488446,0.0,0.0,0.86058265,0.0,3.7281563
1772729814.333672,-0.061148,0.03179,0.383396,0.00400608,0.03146339,0.00231097,0.99949421,0.00817,0.062918,0.004881,0.032465726,0.006542003,0.217191077,-0.051477131,-0.146046774,-0.059347507,-0.008683709,-0.001016434,0.886524295,-0.0304077,-0.131536093,-0.003449859,45223.278506452,48636.115041252,48731.782398985,46602.198857626,-0.061202952,0.031553393,0.38031813,0.070662209,-0.003996482,0.228577048,0.012027621,-0.013285037,-0.110390116,1.162368949,-1.558366064,-0.21405963,0.010167846,0.013579234,-0.002005691,0.999851887,0.014640779,0.006149015,0.46664432,-0.337264952,0.0,0.0,0.86058265,0.0,3.727643959
1772729814.3436716,-0.060754,0.031771,0.385503,0.00424737,0.02924143,0.00173008,0.99956186,0.008607,0.058476,0.003713,0.033388804,0.006211136,0.204970184,-0.051780922,-0.176263427,-0.043526024,-0.0063968,0.002751284,0.891745058,-0.042669529,-0.118047301,-0.006278275,44950.363022716,49106.856140939,49069.437202288,46178.432343155,-0.060867751,0.031617558,0.382564831,0.071991792,-0.005310109,0.217833725,0.012857782,-0.011564507,-0.11021357,1.148590705,-1.477563459,-0.216645265,0.010046692,0.01287421,-0.00201957,0.999862415,0.014640779,0.006149015,0.468658926,-0.324586666,0.0,0.0,0.86058265,0.0,3.727131655
1772729814.3536716,-0.06049,0.031878,0.387452,0.00390628,0.02925181,0.00146208,0.99956337,0.007908,0.0585,0.003157,0.033308346,0.005092099,0.193427943,-0.053346365,-0.159308533,-0.032745988,-0.007038,0.004384791,0.893654011,-0.054326032,-0.12217443,-0.003930466,45221.214027137,48550.398513278,48988.540553237,46916.000082903,-0.060490302,0.031674294,0.384916937,0.073375183,-0.006726245,0.206064241,0.012295949,-0.00992197,-0.10780516,1.119043394,-1.381375008,-0.221863252,0.009787936,0.012034988,-0.002053629,0.999873813,0.01464078,0.006149015,0.470818836,-0.3106728,0.0,0.0,0.86058265,0.0,3.726488568
1772729814.363672,-0.060175,0.031937,0.389384,0.00331809,0.02799435,0.00163684,0.99960123,0.006736,0.055985,0.003464,0.033755044,0.004161659,0.182739083,-0.065041339,-0.12693232,-0.003614557,-0.00767923,0.006018377,0.895563056,-0.065983092,-0.126301755,-0.001582545,45448.172519006,48689.740700247,48895.847796791,46914.071626535,-0.060165322,0.03173177,0.386927401,0.074409726,-0.007932196,0.195727548,0.010377574,-0.008355439,-0.103221726,1.094467343,-1.305651258,-0.223984504,0.009572504,0.011374512,-0.002063267,0.999885074,0.014640781,0.006149016,0.472751232,-0.297845142,0.0,0.0,0.86058265,0.0,3.724974999
1772729814.373672,-0.059808,0.031975,0.391111,0.00307496,0.0282897,0.00164953,0.99959368,0.006251,0.056576,0.003477,0.034403957,0.003272322,0.171503116,-0.070816913,-0.074414315,0.00449698,-0.008282355,0.006624926,0.898478315,-0.074180355,-0.123648667,-0.000629232,45581.687333924,48686.213861825,48984.765500443,46864.592914083,-0.059843337,0.031787337,0.388853217,0.07526556,-0.009085053,0.185984903,0.009318894,-0.008680957,-0.100563272,1.065498199,-1.246531839,-0.224244997,0.009318802,0.010859152,-0.002057866,0.999893363,0.014640781,0.006149016,0.474549113,-0.285424164,0.0,0.0,0.86058265,0.0,3.723461503
1772729814.3836715,-0.059458,0.031983,0.392822,0.00243325,0.02809758,0.00169419,0.99960079,0.004968,0.056194,0.003529,0.035284571,0.002623701,0.161759206,-0.079742179,-0.067491076,0.000429397,-0.00826631,0.00594229,0.898747458,-0.082466474,-0.111244625,-0.000428797,45347.208462374,48419.193641154,49204.271829626,47371.647407795,-0.059538152,0.03182676,0.390470062,0.075969434,-0.010072625,0.176907142,0.010940169,-0.011422329,-0.103888554,1.031676085,-1.18383653,-0.223075843,0.009022555,0.010312785,-0.002039539,0.999902025,0.014640782,0.006149016,0.476154914,-0.273972195,0.0,0.0,0.86058265,0.0,3.721948079
1772729814.3936715,-0.059092,0.031991,0.394346,0.00269848,0.02686254,0.0016621,0.99963411,0.005492,0.053722,0.003473,0.036523384,0.000882577,0.151644861,-0.072007313,-0.111194368,-0.016498555,-0.008642099,0.006767321,0.893166745,-0.09335035,-0.107296292,0.00234378,45572.023747233,48819.878164621,49146.575246528,47116.692855705,-0.059228782,0.031847724,0.391941001,0.076545798,-0.011022035,0.167794122,0.010018975,-0.009415561,-0.105380344,0.988470463,-1.124682988,-0.224808817,0.008644736,0.009797259,-0.002046364,0.999910578,0.014640782,0.006149016,0.477569802,-0.263587418,0.0,0.0,0.86058265,0.0,3.720434583
1772729814.4036722,-0.058719,0.032023,0.39584,0.00196584,0.0266524,0.00174407,0.99964131,0.004029,0.053304,0.003597,0.03644479,-0.000257246,0.14057762,-0.096618034,-0.097566855,-0.054709614,-0.016565577,0.010119195,0.902870186,-0.05554937,-0.12510874,0.001069526,45714.057023965,49195.28786828,49217.712671136,46872.088310087,-0.058899609,0.0318585,0.393416477,0.07703892,-0.011996175,0.158074307,0.000321425,0.002400112,-0.094520469,0.942940635,-1.068414954,-0.225889354,0.008246612,0.009307,-0.002047876,0.99991871,0.014640782,0.006149016,0.478946059,-0.253160187,0.0,0.0,0.86058265,0.0,3.718920978
1772729814.4136734,-0.058376,0.032,0.397153,0.00162766,0.02635039,0.0010961,0.99965084,0.003317,0.052703,0.00228,0.036553939,-0.000284052,0.130577358,-0.060913986,-0.140327491,-0.036282739,-0.016530686,0.010761214,0.904476695,-0.05467939,-0.124117939,0.000459036,45547.583879171,49233.53897922,49546.348976394,47011.08530477,-0.058542664,0.031871476,0.394934728,0.077493816,-0.012941569,0.147895325,0.004909758,-0.015795663,-0.095023662,0.897480104,-0.983921771,-0.226932053,0.007848602,0.00857045,-0.002047486,0.99992804,0.014640783,0.006149017,0.480487074,-0.241031997,0.0,0.0,0.86058265,0.0,3.717407301
1772729814.4236739,-0.05802,0.032026,0.398487,0.00108742,0.02520793,0.00113245,0.999681,0.002234,0.050419,0.002322,0.036673986,-0.000568493,0.120425464,-0.007842248,-0.147184457,0.001341655,-0.015194048,0.010959931,0.904758662,-0.059850281,-0.12005157,-4.2834e-05,45359.702625135,49287.91689078,49856.218841569,47138.014871754,-0.058185621,0.031879343,0.396340054,0.077877978,-0.013784607,0.138372229,0.010717146,-0.013857274,-0.10803973,0.865560268,-0.911445368,-0.228164819,0.007568939,0.007938504,-0.002051102,0.999935808,0.014640783,0.006149017,0.481972973,-0.229208157,0.0,0.0,0.86058265,0.0,3.715893733
1772729814.4336748,-0.057627,0.031966,0.399582,0.00105815,0.02450747,0.00105351,0.99969853,0.00217,0.049018,0.002161,0.036277735,-0.001631917,0.110600688,0.031509068,-0.144459445,0.045936679,-0.013857346,0.011158658,0.905040642,-0.065021419,-0.115985008,-0.000544728,45322.404708605,49113.699172473,50071.896018311,47530.260507584,-0.057845217,0.031876263,0.397606119,0.078113538,-0.014551296,0.128659194,0.010874691,0.006879625,-0.096024912,0.828617333,-0.837589454,-0.229438796,0.007245405,0.007294606,-0.002055018,0.999943051,0.014640784,0.006149017,0.483292393,-0.218213729,0.0,0.0,0.86058265,0.0,3.714380092
1772729814.4436748,-0.057264,0.031945,0.400619,0.0008108,0.02451673,0.00083137,0.99969875,0.001664,0.049037,0.001704,0.036209961,-0.002762299,0.100715655,0.051860235,-0.174832298,0.07015597,-0.012262584,0.011113669,0.905761686,-0.069948655,-0.112972769,-0.001118106,45451.788772666,49245.286687793,50190.957397126,47582.574352498,-0.057480164,0.031869599,0.398851327,0.078261051,-0.015283316,0.118474785,0.008599818,0.003474132,-0.095288592,0.794334851,-0.761310063,-0.231288777,0.006945057,0.006629478,-0.002064367,0.999949912,0.014640785,0.006149017,0.48463101,-0.206636648,0.0,0.0,0.86058265,0.0,3.712866596
1772729814.4536755,-0.056906,0.031995,0.401629,0.00295696,0.0221597,0.00260338,0.99974668,0.006034,0.044307,0.005342,0.036204269,-0.003417699,0.092231226,0.011312552,-0.190011527,0.076662796,-0.005975825,0.006401644,0.914577959,-0.069753703,-0.13052981,-0.003261855,45787.402315941,49677.724339912,50098.626408038,47323.279354781,-0.057098161,0.031838285,0.399981634,0.078340597,-0.016039961,0.108827813,0.006324782,6.8395e-05,-0.094552218,0.755587531,-0.687653278,-0.232487552,0.006605733,0.005987357,-0.002068357,0.999955936,0.014640785,0.006149017,0.48583439,-0.195762411,0.0,0.0,0.86058265,0.0,3.711352991
1772729814.463676,-0.056567,0.031899,0.402502,0.00200174,0.02229967,0.00241153,0.99974642,0.004114,0.044593,0.004916,0.035680745,-0.004279278,0.083401187,-0.057582925,-0.187761297,0.03447038,-0.0095011,0.006761248,0.908742096,-0.066525207,-0.132926185,-0.007437922,45972.917609688,49786.875102023,50044.430436989,47485.323847969,-0.056760703,0.031821284,0.400920717,0.078296644,-0.016627274,0.10043856,0.004049801,-0.00333726,-0.093815863,0.722191675,-0.618165529,-0.234278224,0.006313184,0.005381489,-0.002078432,0.999961398,0.014640786,0.006149017,0.487012026,-0.185056736,0.0,0.0,0.86058265,0.0,3.709496568
1772729814.4736762,-0.056213,0.031833,0.403257,0.00126737,0.02149429,0.00233111,0.99976545,0.002637,0.042986,0.00472,0.035020896,-0.004671547,0.075537465,-0.139562896,-0.176474576,-0.019874945,-0.006244177,0.007342599,0.906196505,-0.075383705,-0.130110645,-0.009495604,45845.408250952,49835.416040801,50242.700806931,47679.365406784,-0.056458395,0.031821351,0.401731259,0.078159539,-0.017080699,0.093436881,0.001774873,-0.006742835,-0.093079524,0.690537194,-0.553014375,-0.238737217,0.006035992,0.0048133,-0.002112448,0.999965999,0.014640786,0.006149018,0.488016659,-0.17548364,0.0,0.0,0.86058265,0.0,3.707469787
1772729814.483676,-0.055835,0.0318,0.403998,0.00023798,0.01980179,0.00190279,0.99980209,0.000552,0.039605,0.003817,0.034822275,-0.005181124,0.06611706,-0.189761455,-0.143480752,-0.071441978,-0.007397715,0.03198041,0.923276907,-0.078699984,-0.122286542,-0.012305938,45936.224734715,49941.318898434,50376.713744315,47687.733198585,-0.056178238,0.031782885,0.402438418,0.077923808,-0.017583013,0.086195751,0.000550952,0.0168077,-0.078283715,0.65494078,-0.487481205,-0.244609108,0.005724407,0.004241793,-0.002158934,0.999970011,0.014640787,0.006149018,0.48888951,-0.166857528,0.0,0.0,0.86058265,0.0,3.705443102
1772729814.493676,-0.055496,0.031766,0.404634,-0.00083553,0.01934251,0.00178523,0.99981097,-0.001603,0.03869,0.00354,0.034088183,-0.004740739,0.056920761,-0.19483139,-0.104656678,-0.101632044,-0.009727166,0.024963048,0.92606415,-0.087709155,-0.105489209,-0.011187409,45872.37223422,49750.188663869,50564.64239436,48260.209037937,-0.055829075,0.03172435,0.403219849,0.077532777,-0.018169325,0.077232812,-0.004626053,0.014810877,-0.074647293,0.614615009,-0.423190923,-0.251019038,0.005371528,0.003681228,-0.002210359,0.999974757,0.014640787,0.006149018,0.489850888,-0.157068102,0.0,0.0,0.86058265,0.0,3.703416369
1772729814.503676,-0.055176,0.031711,0.405137,-0.0015872,0.01927355,0.00098036,0.99981251,-0.003138,0.038553,0.001901,0.032919515,-0.003789534,0.048601328,-0.129966982,-0.093495542,-0.075615937,-0.008985026,0.008126651,0.925016882,-0.095654697,-0.092776055,-0.010260208,46346.647223015,49956.135100444,50246.749969439,48216.627011939,-0.055503408,0.031679223,0.403873477,0.077121328,-0.018605619,0.071031551,-0.007106267,0.005230548,-0.07483867,0.572314994,-0.366672008,-0.258752415,0.005001547,0.003188494,-0.002274004,0.999978295,0.014640788,0.006149018,0.490734706,-0.147751541,0.0,0.0,0.86058265,0.0,3.701389636
1772729814.5136764,-0.054853,0.031668,0.405589,-0.00214451,0.01893744,0.0007377,0.9998181,-0.004263,0.03788,0.001395,0.031773088,-0.004241807,0.040874903,-0.112226408,-0.066384047,-0.062049012,-0.009880259,0.005770544,0.927286225,-0.104995289,-0.100753193,-0.019856931,45862.893143047,50361.559681833,50788.33952275,48059.535026471,-0.055149029,0.031634251,0.404536838,0.076537905,-0.018978174,0.063467999,-0.007228814,-0.000893452,-0.073690988,0.514340637,-0.305821391,-0.269208954,0.004494681,0.002658224,-0.002361279,0.999982207,0.014640788,0.006149019,0.491611608,-0.138182236,0.0,0.0,0.86058265,0.0,3.699362807
1772729814.5236764,-0.054522,0.031639,0.405938,-0.00242958,0.01842723,0.00068014,0.99982702,-0.004837,0.03686,0.001271,0.030867959,-0.004322673,0.033535968,-0.091491978,-0.074748731,-0.033095887,-0.009565574,0.007919536,0.923524262,-0.108759555,-0.099136074,-0.019074382,46296.986537624,50044.973373392,50700.140976538,48521.087425177,-0.054819732,0.031585639,0.405083709,0.075852503,-0.0192646,0.056370683,-0.005159756,0.000794494,-0.077249737,0.463852936,-0.255123326,-0.278921692,0.004053256,0.002216501,-0.002443072,0.999984913,0.014640789,0.006149019,0.492451867,-0.128654349,0.0,0.0,0.86058265,0.0,3.697336074
1772729814.533676,-0.054235,0.031594,0.406248,-0.0028801,0.0179662,0.00046764,0.99983434,-0.005746,0.035937,0.000832,0.030286645,-0.004219643,0.027664323,-0.096912121,-0.096151983,-0.009177951,-0.011679193,0.024700399,0.926806388,-0.103418963,-0.081642482,-0.00775762,46219.3703311,50104.671213071,51014.386139091,48723.954889392,-0.054508975,0.031539169,0.405534475,0.075100382,-0.019448507,0.04873238,-0.009302791,0.019177403,-0.073674205,0.397476357,-0.201296296,-0.288537014,0.003473029,0.001747895,-0.002524055,0.999988006,0.014640789,0.006149019,0.493203329,-0.119797672,0.0,0.0,0.86058265,0.0,3.695309438
1772729814.543676,-0.053939,0.03154,0.406505,-0.00342315,0.01774648,0.00047377,0.99983655,-0.006833,0.035498,0.000826,0.029324892,-0.003866398,0.021763133,-0.103128036,-0.088368042,0.009916421,-0.016042266,0.025732014,0.932472795,-0.095916371,-0.077735402,-0.00670609,46516.310513993,50524.477667521,50955.130003345,48555.430638867,-0.054187634,0.03149854,0.405917015,0.074256976,-0.019513131,0.041227333,-0.012949156,0.016059092,-0.070904422,0.342249989,-0.15644961,-0.29404387,0.002990175,0.00135761,-0.002570097,0.999990049,0.01464079,0.006149019,0.493923294,-0.110984249,0.0,0.0,0.86058265,0.0,3.693282705
1772729814.553676,-0.053636,0.031503,0.406711,-0.00421215,0.01677814,0.00057524,0.9998502,-0.008409,0.033562,0.00101,0.027692198,-0.003714961,0.015630551,-0.107336012,-0.067173507,0.002354719,-0.012884686,0.013068797,0.936243683,-0.072911425,-0.072701173,-0.00697174,46976.519720752,50600.835208324,50902.01689715,48711.704789008,-0.05384748,0.031452442,0.406266763,0.073194171,-0.019481392,0.033118446,-0.010582738,0.009359886,-0.062725937,0.283076807,-0.107166231,-0.301114399,0.002472751,0.000928708,-0.002630041,0.999991895,0.014640791,0.00614902,0.494623071,-0.10205327,0.0,0.0,0.86058265,0.0,3.691255972
1772729814.563676,-0.053372,0.031483,0.406815,-0.00439592,0.01660366,0.00077954,0.99985218,-0.00877,0.033215,0.001414,0.026178696,-0.003157928,0.009481264,-0.095724116,-0.050243251,0.003271833,-0.010489198,0.008415418,0.937945602,-0.057128878,-0.067125094,-0.002504295,46794.673484815,50819.983236249,51219.082129041,48691.188803415,-0.053549373,0.031404694,0.406522103,0.072153904,-0.019380716,0.026791422,-0.009388475,0.000753677,-0.065162058,0.240441653,-0.066930207,-0.305988257,0.002099794,0.000578473,-0.002671486,0.999992935,0.014640792,0.00614902,0.495266863,-0.093478064,0.0,0.0,0.86058265,0.0,3.68909065
1772729814.573676,-0.053114,0.031438,0.40689,-0.00516919,0.01671866,0.00064767,0.99984666,-0.010321,0.033445,0.001123,0.024726869,-0.002744175,0.003342719,-0.066237325,-0.060300366,-0.000329282,-0.008690093,-0.000522729,0.937563793,-0.042905511,-0.054850751,0.006333805,47407.762040707,50724.666823403,51105.260428562,49014.209679586,-0.053180323,0.031353453,0.406762738,0.070785077,-0.019116611,0.018740442,-0.008643009,0.019715916,-0.053492854,0.20389755,-0.023526983,-0.30851049,0.001779886,0.00020052,-0.002692635,0.999993705,0.014640793,0.00614902,0.49595745,-0.083843925,0.0,0.0,0.86058265,0.0,3.68651003
1772729814.5836768,-0.052883,0.031424,0.406878,-0.00511292,0.01645843,0.00057004,0.99985132,-0.010211,0.032924,0.000972,0.022068688,-0.002190892,-0.002493378,-0.02925625,-0.064542492,0.001257185,-0.009954471,-0.00061567,0.941342663,-0.024587978,-0.030638707,0.014233387,47912.00220672,50848.570579442,51044.378915148,49175.485442768,-0.052798886,0.031307798,0.406902672,0.069100831,-0.01869206,0.010630694,-0.012573694,0.018245293,-0.053604702,0.164852317,0.015224415,-0.303246196,0.00143825,-0.000136665,-0.002646123,0.999994415,0.014640794,0.006149021,0.49666875,-0.073241583,0.0,0.0,0.86058265,0.0,3.683929225
1772729814.5936768,-0.052678,0.031389,0.40684,-0.00543746,0.01600139,0.00046262,0.99985708,-0.010864,0.032009,0.000751,0.020694173,-0.002608472,-0.00772965,0.004934066,-0.072200972,-0.001969459,-0.011218758,-0.000708604,0.945121263,-0.006271755,-0.006428394,0.022132404,48210.539862828,51137.217683806,51153.073784457,49134.545804028,-0.052454191,0.031270023,0.406932318,0.067328462,-0.018182067,0.003296418,-0.011196791,0.014322834,-0.050980305,0.14450037,0.019455125,-0.292839442,0.001260563,-0.000173002,-0.002555284,0.999994907,0.014640795,0.006149021,0.497287081,-0.06332514,0.0,0.0,0.86058265,0.0,3.681348605
1772729814.603677,-0.052451,0.031376,0.40673,-0.00516923,0.01545257,0.00073828,0.99986697,-0.010319,0.030914,0.001317,0.021432227,-0.004055501,-0.012536628,0.034247338,-0.113703931,-0.004958486,-0.011544996,-0.000164685,0.949478057,0.007845321,0.013491861,0.029038241,48316.790788867,50736.719975396,51603.38354093,49668.063611666,-0.052132967,0.031233842,0.406837769,0.06534653,-0.017587408,-0.004335531,-0.009819854,0.01040028,-0.048355846,0.138431332,0.013842069,-0.277427268,0.001207743,-0.000123719,-0.002420857,0.999995357,0.014640796,0.006149022,0.497813221,-0.054511846,0.0,0.0,0.86058265,0.0,3.678767923
1772729814.613677,-0.052269,0.03133,0.40659,-0.00493798,0.01463504,0.00058265,0.99988054,-0.009862,0.029277,0.001021,0.02074326,-0.004519779,-0.017666567,0.05226735,-0.106997997,-0.010049168,-0.007663342,0.003235922,0.956427907,0.003124247,0.01416541,0.03148802,48289.416537042,50835.133376033,51979.566413518,49819.699515052,-0.051902864,0.031205655,0.406693824,0.063839749,-0.017141991,-0.009955251,-0.00844295,0.006477821,-0.04573145,0.139707775,0.013014763,-0.250832633,0.001218926,-0.000116243,-0.002188784,0.999995812,0.014640797,0.006149022,0.498168217,-0.048087456,0.0,0.0,0.86058265,0.0,3.676187303
1772729814.6236773,-0.052111,0.031311,0.406377,-0.00462515,0.01482597,0.00077287,0.99987909,-0.00923,0.02966,0.001409,0.018651727,-0.004457269,-0.02203891,0.035699123,-0.041562406,-0.016780937,-0.005971671,0.00452879,0.961935005,-0.000964554,0.013206776,0.033485023,48197.293434739,51147.493233419,52323.47433173,49752.610267308,-0.051718851,0.03117926,0.406501916,0.06241994,-0.016758428,-0.015217874,-0.003092944,0.005467717,-0.040499675,0.142429543,0.003982881,-0.229064569,0.001242859,-3.7242e-05,-0.001998918,0.99999621,0.014640798,0.006149022,0.49847505,-0.042222286,0.0,0.0,0.86058265,0.0,3.673606621
1772729814.6336775,-0.051832,0.031211,0.406144,-0.00440161,0.01420381,0.00034466,0.99988937,-0.008796,0.028411,0.000564,0.016451822,-0.002693476,-0.027474327,0.055479719,0.007891346,0.006140718,-0.009410071,0.000884259,0.964062189,-0.003572046,0.008424849,0.034421296,48486.472751912,51393.573226212,52404.013648243,49649.754331623,-0.051515047,0.031130168,0.406270302,0.061191077,-0.016493717,-0.019578056,-0.001808464,0.010617094,-0.037808013,0.13936759,-0.000344156,-0.208645253,0.001216215,7.9e-07,-0.001820772,0.999996574,0.014640799,0.006149023,0.498718654,-0.037234584,0.0,0.0,0.86058265,0.0,3.67102594
1772729814.6436777,-0.051643,0.031168,0.40585,-0.00410668,0.01377994,0.000435,0.99989652,-0.008204,0.027564,0.000757,0.013889271,-0.000636928,-0.031926021,0.073371779,0.049600368,0.038458121,-0.012848472,-0.002760272,0.966189372,-0.006179537,0.003642923,0.035357569,48601.077024358,51520.689122961,52634.87755102,49667.429156609,-0.05130751,0.031075472,0.405992655,0.060007679,-0.016255124,-0.023550877,-0.009671454,0.013406884,-0.039792653,0.146654264,0.01657141,-0.181410183,0.001279575,-0.00014664,-0.001582915,0.999996827,0.0146408,0.006149023,0.498943986,-0.032427356,0.0,0.0,0.86058265,0.0,3.66847251
1772729814.653678,-0.051648,0.03124,0.405507,-0.00419554,0.01522056,0.00057912,0.99987519,-0.008376,0.030447,0.001031,0.011137812,0.000887549,-0.034545759,0.064398338,0.095247071,0.073082646,-0.012023183,0.006256359,0.972388293,-0.011931089,-0.033295074,0.036242588,48007.686190161,52245.639477167,53391.596983234,49182.841881756,-0.051185338,0.031070206,0.405666192,0.058585068,-0.015865902,-0.027798942,-0.009779868,0.008684797,-0.03534273,0.139486292,0.040629261,-0.152764076,0.001216787,-0.000356188,-0.001332694,0.999997236,0.014640801,0.006149023,0.499143922,-0.027956923,0.0,0.0,0.86058265,0.0,3.66629025
1772729814.663678,-0.051542,0.031248,0.405153,-0.00386045,0.01593438,0.00119165,0.99986488,-0.007686,0.031879,0.002261,0.009427515,0.002127547,-0.037894189,0.062059683,0.074334573,0.096359616,-0.007814764,0.017505751,0.975146176,-0.022970611,-0.061306403,0.024716843,48389.012654094,51988.088415381,53271.654420769,49845.707241407,-0.051072792,0.031086556,0.405217864,0.056733187,-0.015330567,-0.032129592,-0.009888279,0.003962823,-0.030892913,0.122984764,0.06811597,-0.129744031,0.001072602,-0.000595658,-0.001131613,0.999997605,0.014640802,0.006149024,0.499338224,-0.023230895,0.0,0.0,0.86058265,0.0,3.664108041
1772729814.6736789,-0.051388,0.0313,0.404702,-0.00247268,0.01516037,0.00218867,0.99987962,-0.004881,0.030333,0.004304,0.00869861,0.002606529,-0.040369677,0.047792568,0.026802949,0.113769782,-0.00759421,0.016525724,0.9793366,-0.028539012,-0.053711427,0.019228554,48731.740245318,52045.96441371,53226.802432992,50042.824844783,-0.050946524,0.031122456,0.404738678,0.05516354,-0.01479555,-0.035225319,-0.009996701,-0.000759602,-0.026442672,0.105665564,0.096030025,-0.110532288,0.000921302,-0.000838913,-0.000963809,0.999997756,0.014640803,0.006149024,0.499489472,-0.019278763,0.0,0.0,0.86058265,0.0,3.661925624
1772729814.683679,-0.051327,0.03128,0.404365,-0.00289704,0.01575735,0.00227004,0.99986907,-0.005725,0.031529,0.00445,0.007959973,0.002421059,-0.04150272,0.008316427,-0.058465336,0.09506008,-0.008238392,0.015708764,0.986992067,-0.031554262,-0.050288118,0.020396693,49059.482330985,52054.05899705,53156.094214677,50298.382216603,-0.050862136,0.031129679,0.404279998,0.053436646,-0.014326662,-0.037742156,-0.010991764,0.005348768,-0.023103407,0.083543379,0.124209593,-0.096727254,0.000728142,-0.001084553,-0.000843322,0.999997795,0.014640804,0.006149025,0.499617631,-0.015631485,0.0,0.0,0.86058265,0.0,3.659743364
1772729814.693679,-0.051262,0.031274,0.403972,-0.00369175,0.01582188,0.00255011,0.99986476,-0.007306,0.031664,0.004985,0.007952591,0.001565697,-0.042264881,-0.037248725,-0.158217667,0.0614274,-0.005050144,0.020805638,0.986293889,-0.033173467,-0.04139305,0.020073373,48881.012518487,52363.838131206,53516.309132685,50197.288691105,-0.050782586,0.031145882,0.403841976,0.051899545,-0.013867581,-0.039811584,-0.01216484,0.013631714,-0.019987238,0.061923288,0.151288248,-0.082817905,0.000539432,-0.001320633,-0.000722014,0.999997717,0.014640805,0.006149025,0.499710114,-0.012765445,0.0,0.0,0.86058265,0.0,3.657561155
1772729814.7036786,-0.051141,0.031342,0.403419,-0.0030217,0.01379626,0.00300841,0.99989574,-0.005962,0.027611,0.005935,0.005365351,0.001747457,-0.043429937,-0.080592065,-0.191000617,0.018321139,-0.007624871,0.006325082,0.9877538,-0.045376752,-0.031026764,0.016178812,48817.440272251,52372.567501959,53724.086069415,50342.203512222,-0.0507182,0.031175926,0.403451327,0.050685441,-0.01343267,-0.041073322,-0.01333786,0.021914265,-0.016871217,0.042990344,0.172468265,-0.073917767,0.000374195,-0.001505317,-0.000644502,0.999997591,0.014640806,0.006149025,0.499773826,-0.010673329,0.0,0.0,0.86058265,0.0,3.655379051
1772729814.7136788,-0.051139,0.031354,0.403058,-0.00382785,0.01333601,0.00319225,0.99989865,-0.007573,0.026697,0.006284,0.002995807,0.002045573,-0.045154122,-0.103446201,-0.153297104,-0.018710065,-0.009267028,0.014863808,0.990259526,-0.046134796,-0.029511533,0.019398656,48917.004128527,52406.892304426,53808.251604228,50366.363428329,-0.050691109,0.03119689,0.403124801,0.04944616,-0.013037369,-0.042140871,-0.014510964,0.030197408,-0.013754974,0.021452431,0.191620005,-0.065242461,0.000186259,-0.001672313,-0.000569043,0.999997458,0.014640807,0.006149026,0.499818618,-0.009033782,0.0,0.0,0.86058265,0.0,3.65319679
1772729814.7236793,-0.051175,0.031401,0.402618,-0.00458661,0.0125053,0.00280329,0.99990736,-0.009105,0.025037,0.005493,0.000892872,0.00332242,-0.047984253,-0.095730846,-0.076594256,-0.035249868,-0.008666417,0.019844344,0.994328658,-0.036498973,-0.024196645,0.018642844,49104.887023185,52572.808560166,53808.455911108,50388.649523573,-0.050695097,0.031237022,0.402670476,0.047619051,-0.012428187,-0.043346871,-0.015684095,0.038480749,-0.010638656,-0.006377214,0.211826581,-0.052841156,-5.6499e-05,-0.001848517,-0.000461237,0.999997256,0.014640809,0.006149026,0.499868955,-0.0071356,0.0,0.0,0.86058265,0.0,3.651014478
1772729814.7336795,-0.05104,0.031358,0.402128,-0.00486978,0.01167093,0.00254389,0.9999168,-0.009682,0.023367,0.004975,-0.001601439,0.003720031,-0.048886566,-0.11438019,0.059724708,-0.051540173,-0.00693634,0.014097718,0.999040749,-0.024226858,-0.013163917,0.012687192,49731.770192783,52383.358502224,53475.750494315,50833.183193277,-0.050644825,0.031246543,0.402100702,0.045692935,-0.011803114,-0.04454289,-0.017976502,0.033248378,-0.005085875,-0.032074869,0.233698728,-0.038502167,-0.000280586,-0.002039317,-0.000336571,0.999996869,0.01464081,0.006149027,0.499914214,-0.005184287,0.0,0.0,0.86058265,0.0,3.648832217
1772729814.7436795,-0.05116,0.031438,0.401606,-0.0053729,0.01278885,0.00225926,0.99990123,-0.010691,0.025602,0.004382,-0.002917971,0.004361737,-0.049215412,-0.119946693,0.148578878,-0.043812332,-0.012525779,0.012978095,1.002246461,-0.018443573,0.017925908,0.015690887,49765.595791884,52331.612753167,53679.875688828,51015.245974379,-0.050691002,0.031296741,0.401564176,0.043728725,-0.011070994,-0.045121353,-0.020780472,0.021838375,0.001580483,-0.055556749,0.244899579,-0.023365017,-0.000485258,-0.002137057,-0.000204934,0.999996614,0.014640811,0.006149027,0.499943644,-0.003720908,0.0,0.0,0.86058265,0.0,3.647073377
1772729814.75368,-0.051201,0.031511,0.401088,-0.00605265,0.01444687,0.00206626,0.99987518,-0.012049,0.028919,0.003959,-0.003656996,0.005999112,-0.050048144,-0.085339278,0.122818571,-0.013301556,-0.019506075,0.012925959,1.004968694,-0.014187897,0.053602257,0.022650447,49962.90219847,52482.241637313,53720.491266853,50956.322749909,-0.050757313,0.031382027,0.40090128,0.041384892,-0.010071037,-0.044569572,-0.023085425,0.012570355,0.006859641,-0.074738581,0.223968527,-0.012310479,-0.000652428,-0.001954426,-0.000108699,0.999996763,0.014640812,0.006149028,0.499968521,-0.002411958,0.0,0.0,0.86058265,0.0,3.645968626
1772729814.76368,-0.051238,0.031583,0.400585,-0.00642434,0.01492347,0.00227619,0.99986541,-0.012785,0.029877,0.004362,-0.005336738,0.006708981,-0.048557836,-0.060930813,0.072522838,0.018807237,-0.011983981,0.005748458,1.008536283,-0.000273779,0.057925825,0.036269099,50250.270423805,52547.04235798,53729.927795311,50867.640036069,-0.050811366,0.031444639,0.400414857,0.039650806,-0.009294662,-0.044004375,-0.020175729,0.009519664,0.007973939,-0.085834552,0.196152596,0.005731372,-0.000748962,-0.001711793,4.8734e-05,0.999997154,0.014640814,0.006149028,0.499981331,-0.001589281,0.0,0.0,0.86058265,0.0,3.644863928
1772729814.7736795,-0.05128,0.031612,0.40016,-0.00685393,0.01518079,0.00233215,0.99985855,-0.013642,0.030394,0.004458,-0.007423259,0.007422831,-0.047827008,-0.025178426,-0.002572905,0.046349223,-0.004858154,-0.000525957,1.012048229,0.014611025,0.062478028,0.049497725,50457.98163563,52553.289796619,53796.601905089,50812.984896593,-0.050865104,0.031502823,0.399988262,0.038122954,-0.008578402,-0.043398648,-0.010699348,0.002863578,0.012587793,-0.084524853,0.167355419,0.023780972,-0.000737326,-0.001460604,0.000206449,0.999997559,0.014640815,0.006149029,0.499989343,-0.001033899,0.0,0.0,0.86058265,0.0,3.643759282
1772729814.7836792,-0.051331,0.0317,0.399691,-0.00665847,0.01419302,0.00266551,0.99987355,-0.013245,0.028422,0.005143,-0.008507506,0.006790644,-0.047354086,0.002734745,-0.023770351,0.06222288,-0.003917748,0.007303784,1.014693569,0.044672413,0.070605729,0.056643099,50464.107256984,52882.612617256,53979.537418823,50435.638027008,-0.05094111,0.031579529,0.399536846,0.036543335,-0.007800747,-0.042423104,-0.006394705,0.007642114,0.014954477,-0.077359839,0.135855669,0.054084472,-0.000674546,-0.001185879,0.000471171,0.99999792,0.014640817,0.006149029,0.499993921,-0.000603186,0.0,0.0,0.86058265,0.0,3.64265461
1772729814.7936795,-0.051462,0.03179,0.39919,-0.00650318,0.01357231,0.00302942,0.99988215,-0.012928,0.027184,0.005884,-0.011246223,0.007036118,-0.047170033,0.019146913,0.039564149,0.068703393,-0.012229521,0.013172783,1.009525224,0.061534304,0.047753977,0.057248921,50671.483079986,52845.211997828,53892.529406442,50548.623778502,-0.051055055,0.031661569,0.399054674,0.034869928,-0.007012966,-0.041268112,-0.012750493,0.013655586,0.01123565,-0.053138735,0.105651304,0.08713635,-0.000463036,-0.00092232,0.000759966,0.999998147,0.014640818,0.006149029,0.499997467,-0.000300917,0.0,0.0,0.86058265,0.0,3.641549885
1772729814.8036795,-0.051586,0.031839,0.398719,-0.00632228,0.01449711,0.0033653,0.99986926,-0.012551,0.029037,0.006549,-0.012882336,0.007547618,-0.046713506,0.030049194,0.128697609,0.082180965,-0.007571419,0.020543177,1.012439748,0.073324694,0.059065119,0.061596022,50767.027384756,52628.209065495,53955.766830215,50820.681965997,-0.051192222,0.031742917,0.398567357,0.033215488,-0.00627391,-0.040260484,-0.011053247,0.010452361,0.013911594,-0.006673723,0.064026498,0.123833602,-5.7644e-05,-0.00055879,0.001080606,0.999998212,0.014640819,0.00614903,0.499997878,-0.00012399,0.0,0.0,0.86058265,0.0,3.640445187
1772729814.81368,-0.051739,0.031937,0.398233,-0.00615411,0.01551793,0.003896,0.99985306,-0.012192,0.031084,0.007604,-0.013521691,0.00809521,-0.045157211,0.031108113,0.195850823,0.094814986,-0.003770428,0.029984236,1.013952706,0.080043145,0.064572049,0.065408093,50364.815703463,52832.464744483,54464.063214168,50572.790063087,-0.051354802,0.031832908,0.398061656,0.031539997,-0.005566147,-0.039219368,-0.004634667,0.028257657,0.014288489,0.029531612,0.028246364,0.157961614,0.000258045,-0.000246135,0.001378531,0.999998017,0.014640821,0.00614903,0.49999827,-2.9788e-05,0.0,0.0,0.86058265,0.0,3.639340436
1772729814.8236804,-0.051871,0.031989,0.397824,-0.00641605,0.01731601,0.00407824,0.99982116,-0.012697,0.034685,0.007938,-0.014185969,0.008542122,-0.042839474,0.037532655,0.179300791,0.102080999,-0.00344077,0.040966404,1.01048163,0.067335847,0.049880715,0.066041587,50563.146254632,52647.700976,54427.572933569,50746.404640236,-0.051504279,0.031920082,0.397613261,0.030117737,-0.004986648,-0.038033021,-0.002862897,0.040323717,0.010556284,0.073626612,-0.00976745,0.194709794,0.000642363,8.6334e-05,0.0016991,0.999997416,0.014640822,0.006149031,0.499998565,-3.039e-06,0.0,0.0,0.86058265,0.0,3.638235685
1772729814.8336809,-0.051994,0.032093,0.397399,-0.00587063,0.01770809,0.00473699,0.99981474,-0.011579,0.035473,0.00927,-0.015258931,0.009561956,-0.041193707,0.070844886,0.076793983,0.116858031,-0.004121615,0.022401388,1.010757444,0.057259413,0.048684147,0.061681235,50660.496756018,52698.658186785,54435.025866485,50711.283763019,-0.05164605,0.03201354,0.397219538,0.028903786,-0.0044946,-0.037079985,-0.003471815,0.025575742,0.010937857,0.111801153,-0.036657914,0.231792269,0.000974994,0.00032188,0.002022448,0.999996593,0.014640823,0.006149031,0.499998212,0.0,0.0,0.0,0.86058265,0.0,3.637130934
1772729814.8436809,-0.052151,0.032203,0.396999,-0.00538715,0.01765556,0.00553508,0.99981429,-0.010584,0.035372,0.010885,-0.017721987,0.01016215,-0.039481312,0.07702929,0.011117131,0.106258848,-0.007809564,0.006831932,1.012669832,0.038180481,0.041670175,0.055288484,50578.602903631,52740.524297893,54568.340949414,50707.854017915,-0.051793737,0.032107251,0.396862206,0.027785995,-0.004082865,-0.036261976,-0.006090089,0.006426995,0.013925904,0.13773452,-0.059800004,0.260960105,0.001200754,0.000524604,0.002276662,0.999995665,0.014640823,0.006149031,0.499998212,0.0,0.0,0.0,0.86058265,0.0,3.637342721
1772729814.8536806,-0.05233,0.032306,0.396619,-0.00518465,0.01766812,0.0058053,0.99981361,-0.010169,0.035397,0.011433,-0.01953883,0.010989521,-0.039694152,0.107690123,-0.049687044,0.08750678,-0.005947164,0.018295016,1.015190315,0.002271187,0.012554166,0.044294022,50452.606429283,52733.265771671,54698.724054749,50798.614164351,-0.051982901,0.032214279,0.396475114,0.026535544,-0.003690347,-0.035275184,-0.004714892,0.012816735,0.016277532,0.160245833,-0.083318793,0.294587187,0.001396525,0.000730694,0.002569728,0.99999457,0.014640823,0.006149031,0.499998212,0.0,0.0,0.0,0.86058265,0.0,3.637811917
1772729814.8636808,-0.052574,0.032422,0.396204,-0.0042954,0.01635503,0.00634597,0.99983688,-0.008386,0.032765,0.012556,-0.021853168,0.012298924,-0.039695104,0.131963284,-0.081777124,0.065275558,-0.001846805,0.048162772,1.016554221,-0.00141665,0.017107328,0.045141896,50647.619316597,52902.577615063,54546.916596932,50681.099093445,-0.052213163,0.032332006,0.396069546,0.025187829,-0.003331848,-0.034012493,-0.001972994,0.041074493,0.016714036,0.163527661,-0.09153738,0.322215885,0.001424793,0.000802824,0.002810714,0.999993796,0.014640823,0.006149031,0.499998212,0.0,0.0,0.0,0.86058265,0.0,3.638281136
1772729814.8736808,-0.052802,0.032533,0.395828,-0.00366085,0.01656852,0.00672675,0.9998334,-0.007102,0.033187,0.013338,-0.024163698,0.012608112,-0.037037759,0.106999608,-0.032221627,0.033703677,-0.00470215,0.0491472,1.015187651,-0.001014422,0.006338783,0.046420011,50680.027927985,52722.076786055,54584.599974553,50848.588332591,-0.052427549,0.032437409,0.395731022,0.024029973,-0.003040694,-0.032747436,-0.003186813,0.047486853,0.016116668,0.161620162,-0.097629868,0.345391289,0.001407823,0.000856228,0.003012895,0.999993202,0.014640823,0.006149031,0.499998212,0.0,0.0,0.0,0.86058265,0.0,3.638750343
1772729814.8836808,-0.053045,0.032651,0.395485,-0.00386166,0.0176887,0.00633502,0.99981602,-0.007503,0.035427,0.012539,-0.025102938,0.013279636,-0.034264329,0.077139243,0.003189374,0.022551525,-0.004415055,0.034033186,1.020272255,0.002409747,0.014877456,0.045598022,50498.424682514,52564.129013351,54797.62220775,50989.233474438,-0.052630988,0.032546141,0.395419221,0.022977766,-0.002744318,-0.031546668,-0.001961467,0.032472171,0.019671283,0.159530599,-0.101249298,0.367606192,0.001389322,0.000888027,0.003206726,0.999992588,0.014640823,0.006149031,0.499998212,0.0,0.0,0.0,0.86058265,0.0,3.639219551
1772729814.893681,-0.053246,0.032835,0.395045,-0.00220148,0.015873,0.0068224,0.99984832,-0.004188,0.031777,0.01358,-0.024812009,0.014389311,-0.032287385,0.069267488,-0.025260872,0.051857395,-0.00711919,0.015021826,1.022600744,0.004107461,0.01953878,0.04026952,50372.049245321,52755.57420004,54903.2244516,50785.935278728,-0.05284067,0.032681207,0.395083527,0.021911243,-0.002383159,-0.030261032,-0.004011899,0.013013636,0.022034563,0.160478559,-0.108469557,0.389543221,0.001397206,0.000951332,0.003398065,0.999991892,0.014640823,0.006149031,0.499998212,0.0,0.0,0.0,0.86058265,0.0,3.639688769
1772729814.9036815,-0.053564,0.032961,0.39484,-0.00253218,0.01648202,0.00700595,0.99983641,-0.004835,0.033,0.013934,-0.024936465,0.014518021,-0.029345308,0.050850003,-0.05967556,0.090192008,-0.013142274,0.00924583,1.023892826,-0.001386152,0.030786624,0.037796151,50240.660139607,52722.451817605,54984.519898468,50779.117305775,-0.053086538,0.032805408,0.394830574,0.02076623,-0.002062194,-0.028426621,-0.010748922,0.004489678,0.024379619,0.162843316,-0.120463414,0.410707636,0.001417291,0.001056328,0.003582589,0.999991118,0.014640823,0.006149031,0.499998212,0.0,0.0,0.0,0.86058265,0.0,3.640157999
1772729814.913682,-0.053833,0.03307,0.394627,-0.00323677,0.01733637,0.00726897,0.99981805,-0.006224,0.03472,0.014432,-0.026240002,0.013194846,-0.025137922,-2.9178e-05,-0.056949605,0.110585941,-0.014487515,0.017120079,1.024127718,-0.006678954,0.040844651,0.033249307,50338.394351962,52329.663951645,54904.34445105,51081.529845422,-0.0533597,0.032928526,0.394598514,0.019568203,-0.001763295,-0.025939724,-0.012341873,0.013632831,0.025067928,0.162460218,-0.137280527,0.43033009,0.001413211,0.001203312,0.003753623,0.999990339,0.014640823,0.006149031,0.499998212,0.0,0.0,0.0,0.86058265,0.0,3.640627229
1772729814.9236822,-0.054033,0.03324,0.394286,-0.00258784,0.01586847,0.00811313,0.99983782,-0.00492,0.031779,0.01615,-0.026979979,0.012247661,-0.022409714,-0.036954973,-0.037789077,0.118108773,-0.01345407,0.026254572,1.023854777,-0.009614599,0.045302893,0.027485404,50141.392211653,52588.177308759,54968.349365834,50842.134839477,-0.053547775,0.033043174,0.394385709,0.018746649,-0.001482901,-0.024225115,-0.012079394,0.02353195,0.023980271,0.159099998,-0.15939288,0.448141756,0.001382952,0.001396383,0.003908824,0.999989546,0.014640823,0.006149031,0.499998212,0.0,0.0,0.0,0.86058265,0.0,3.641096448
1772729814.9336827,-0.054294,0.033387,0.394028,-0.00192663,0.01457208,0.00924355,0.99984924,-0.003585,0.02918,0.018437,-0.028536002,0.012468738,-0.019665734,-0.067465685,2.7764e-05,0.090644945,-0.012668137,0.025601508,1.024816957,-0.009739699,0.056547977,0.025885837,50659.747194142,52345.409416541,54525.768327629,51044.735333917,-0.05376877,0.033173535,0.394156884,0.017822742,-0.00117403,-0.022394908,-0.009815547,0.022331569,0.024487987,0.154876797,-0.185099698,0.461952972,0.001345027,0.001620734,0.004029094,0.999988753,0.014640823,0.006149031,0.499998212,0.0,0.0,0.0,0.86058265,0.0,3.641565678
1772729814.9436827,-0.054646,0.03345,0.393949,-0.00317107,0.0159721,0.00925029,0.99982462,-0.006049,0.032003,0.018407,-0.030606614,0.013769166,-0.017340343,-0.062364192,0.007020903,0.046442223,-0.009602661,0.013635533,1.028570013,-0.005530933,0.091710057,0.031428341,50791.616590625,52253.563267391,54371.817605299,51083.889548505,-0.054002645,0.033277623,0.393991172,0.016922072,-0.000944786,-0.020422611,-0.005229082,0.010688805,0.029566453,0.151400307,-0.215201338,0.474736235,0.001313413,0.001883442,0.00414035,0.999987959,0.014640823,0.006149031,0.499998212,0.0,0.0,0.0,0.86058265,0.0,3.642034885
1772729814.9536824,-0.054963,0.033556,0.39383,-0.00441882,0.01721372,0.00885837,0.99980283,-0.008536,0.034506,0.017572,-0.033035094,0.014345429,-0.012905587,-0.082422564,0.068261124,-0.018623178,-0.00469488,0.0024248,1.037486677,0.016348499,0.110378213,0.033704607,50734.198172017,52305.993610932,54356.983561462,50939.029216674,-0.054249666,0.033362367,0.393876581,0.016043639,-0.000767741,-0.01813015,-0.000864868,0.00023355,0.037105322,0.15165172,-0.257355051,0.488666609,0.001313799,0.002251469,0.004261415,0.999986777,0.014640823,0.006149031,0.499998212,0.0,0.0,0.0,0.86058265,0.0,3.643156447
1772729814.9636827,-0.055248,0.033778,0.393584,-0.0036052,0.01601156,0.00925428,0.99982248,-0.006916,0.03209,0.0184,-0.034341078,0.014446362,-0.008961003,-0.102085033,0.140393252,-0.0688604,-0.002269333,-0.00103326,1.043074478,0.031639325,0.118088064,0.030338318,50652.166429871,52398.434656896,54353.686383011,50681.330117899,-0.054551066,0.033474994,0.393753246,0.01507022,-0.000507829,-0.014839413,0.003461553,-0.005307854,0.042436208,0.159452211,-0.315582696,0.504693884,0.001379311,0.002760081,0.004400397,0.999984819,0.014640823,0.006149031,0.499998212,0.0,0.0,0.0,0.86058265,0.0,3.644737795
1772729814.9736826,-0.055645,0.033947,0.393571,-0.00413703,0.01696135,0.00871856,0.99980957,-0.007981,0.033995,0.017304,-0.033652557,0.015220974,-0.007595404,-0.060583476,0.149059205,-0.072797515,-0.007454396,0.009498782,1.037269393,0.060310512,0.119937271,0.031026118,50541.318440698,52300.151790685,54360.590904549,50563.682258732,-0.054903494,0.033660424,0.393595398,0.014067611,-4.0582e-05,-0.010461961,0.000431295,-0.001932649,0.035383923,0.182273599,-0.390001572,0.526973195,0.001574864,0.003410712,0.004593132,0.999981845,0.014640823,0.006149031,0.499998212,0.0,0.0,0.0,0.86058265,0.0,3.646319106
1772729814.983683,-0.055985,0.034072,0.393519,-0.00454431,0.01785374,0.00810668,0.99979742,-0.008803,0.035782,0.016059,-0.03275615,0.015134941,-0.006390158,0.013328573,0.131697266,-0.037912606,-0.012729868,0.012195478,1.027175816,0.075660826,0.117759242,0.031049125,50438.936166265,52191.183521989,54362.387084802,50389.45277417,-0.055342984,0.033860327,0.393524342,0.012992012,0.00042538,-0.005685395,-0.003274442,0.002247181,0.027200734,0.213140728,-0.469265074,0.553334975,0.001840168,0.004104038,0.004821044,0.999977961,0.014640823,0.006149031,0.499998212,0.0,0.0,0.0,0.86058265,0.0,3.647900491
1772729814.993683,-0.056277,0.034185,0.393481,-0.00464271,0.01883305,0.00793735,0.99978036,-0.008991,0.03774,0.015708,-0.032045641,0.013961591,-0.00379641,0.079966146,0.121672128,0.009648054,-0.009768229,0.005833764,1.023251887,0.066733786,0.107265243,0.028741773,50376.156533423,52337.09188628,54285.375790149,50054.940299875,-0.055741815,0.034025263,0.3934865,0.012231797,0.000719211,-0.002285951,-0.003184151,0.001675744,0.021223098,0.257974418,-0.543602278,0.579794124,0.002227181,0.004755137,0.00504886,0.99997315,0.014640823,0.006149031,0.499998212,0.0,0.0,0.0,0.86058265,0.0,3.649481802
1772729815.0036838,-0.056611,0.03433,0.393445,-0.00436401,0.01972805,0.00827479,0.99976162,-0.008406,0.039529,0.016387,-0.03101893,0.013621206,-0.001702333,0.159282445,0.071606721,0.079369927,-0.006902029,0.004277709,1.022245219,0.062535296,0.097910561,0.03211952,50456.850240262,52111.190062366,54210.75421736,50122.985420714,-0.056053779,0.034155227,0.393465846,0.011784109,0.000880046,-0.000290275,0.002196558,-0.000880949,0.021750443,0.296772301,-0.598954684,0.597872467,0.002562475,0.005240273,0.005203758,0.999969048,0.014640823,0.006149031,0.499998212,0.0,0.0,0.0,0.86058265,0.0,3.651063225
1772729815.0136836,-0.056901,0.034503,0.393394,-0.002855,0.01963971,0.00886613,0.99976373,-0.005365,0.039331,0.01763,-0.031072757,0.014469594,0.000769096,0.22006491,0.005470949,0.139963301,-0.004311296,0.010823337,1.025265014,0.061317394,0.091265189,0.042652547,50351.743346758,51997.108070757,54277.086156519,50110.112453605,-0.056321245,0.034279906,0.393446091,0.011502234,0.000992155,0.001330053,0.006796286,0.004080979,0.025483258,0.322375427,-0.641879832,0.612248298,0.002783225,0.005616371,0.005326958,0.999965594,0.014640823,0.006149031,0.499998212,0.0,0.0,0.0,0.86058265,0.0,3.652644498
1772729815.0236835,-0.057228,0.034627,0.393425,-0.0015006,0.01931237,0.00954643,0.9997668,-0.002634,0.038654,0.019046,-0.033422274,0.015375131,0.005532212,0.20067712,0.005087738,0.140649896,-0.002489215,0.024456871,1.027676415,0.039580543,0.090633611,0.04819768,50112.963356712,52146.045632102,54421.053244851,49804.466131037,-0.056594761,0.034410126,0.393437006,0.011298919,0.001047229,0.003225022,0.009762407,0.015658894,0.028616623,0.351165854,-0.689674799,0.631553981,0.003031201,0.006035299,0.005492718,0.999961584,0.014640823,0.006149031,0.499998212,0.0,0.0,0.0,0.86058265,0.0,3.654225808
1772729815.033684,-0.057549,0.034783,0.393516,-0.0002813,0.01893394,0.01045849,0.999766,-0.000167,0.037874,0.020918,-0.035549218,0.015744071,0.01009393,0.136328611,0.032625126,0.099205646,-0.000155154,0.024674619,1.02579778,0.027995226,0.073978359,0.03818439,49980.686321578,52208.223769204,54448.658301327,49576.793165154,-0.056890559,0.034541259,0.393463448,0.011142219,0.001016327,0.005597985,0.013667943,0.018168614,0.02391616,0.374987708,-0.734008337,0.654229933,0.003235665,0.006423948,0.00568807,0.999957399,0.014640823,0.006149031,0.499998212,0.0,0.0,0.0,0.86058265,0.0,3.655807194
1772729815.0436835,-0.057916,0.034949,0.393641,0.00015097,0.01935596,0.01109986,0.99975103,0.000732,0.038709,0.022219,-0.036993431,0.015585252,0.013771245,0.041518774,0.097451852,0.034820043,0.000363086,0.026677162,1.022957937,0.025057658,0.062278633,0.03426843,50049.033728869,51726.064694408,54303.560793238,49919.078673602,-0.057201604,0.034683703,0.393535288,0.011034055,0.000954336,0.008018796,0.013334241,0.00884531,0.020782909,0.390527947,-0.778999453,0.67785905,0.003367621,0.006818012,0.005892049,0.999953392,0.014640823,0.006149031,0.499998212,0.0,0.0,0.0,0.86058265,0.0,3.657388429
1772729815.0536842,-0.058331,0.035093,0.393837,-0.00077987,0.02094601,0.01057116,0.99972442,-0.001117,0.041909,0.021124,-0.037993179,0.015437408,0.016189759,-0.050264851,0.193718222,-0.030775949,0.00060438,0.029070008,1.020012668,0.023324158,0.051466719,0.031408336,49954.176146835,51526.731309459,54269.031653135,49951.034118643,-0.057600669,0.034857354,0.393675255,0.010888348,0.000871157,0.010540537,0.013098837,0.000687824,0.017687427,0.401748492,-0.821347411,0.701618297,0.003461853,0.007188845,0.006097401,0.999949409,0.014640823,0.006149031,0.499998212,0.0,0.0,0.0,0.86058265,0.0,3.658619109
1772729815.0636835,-0.058714,0.035269,0.393968,-0.00095984,0.02166875,0.01022581,0.99971245,-0.001477,0.043358,0.020425,-0.037440284,0.015310543,0.017107922,-0.087455894,0.249260873,-0.059264716,0.00084564,0.031462511,1.017067821,0.021590906,0.040656351,0.028548651,49973.208789589,51760.604805425,54138.302876516,49568.697755222,-0.057965925,0.035004749,0.393829564,0.010754617,0.000802777,0.012359856,0.01529472,0.023034144,0.015593978,0.405476074,-0.844152682,0.725069238,0.00349165,0.007388758,0.006301097,0.999946214,0.014640823,0.006149031,0.499998212,0.0,0.0,0.0,0.86058265,0.0,3.659587664
1772729815.073684,-0.059054,0.035406,0.394142,-0.00110758,0.02250764,0.01004187,0.99969562,-0.001764,0.045039,0.020049,-0.036011767,0.014835329,0.017305689,-0.089676235,0.310250274,-0.040632767,-0.004381347,0.046719675,1.013835312,0.015288283,0.049909578,0.035476189,50059.597868844,51452.521336454,53989.735945825,49736.737240452,-0.058306944,0.035149253,0.393973651,0.010690211,0.000757782,0.013902337,0.011976603,0.036004402,0.013348947,0.413605224,-0.868155633,0.745143145,0.003559923,0.007599286,0.006474969,0.999943222,0.014640823,0.006149031,0.499998212,0.0,0.0,0.0,0.86058265,0.0,3.660556334
1772729815.0836835,-0.059412,0.035539,0.394318,-0.00176043,0.02420578,0.00973254,0.99965807,-0.003052,0.048448,0.019397,-0.034322954,0.013504908,0.01906989,-0.070470429,0.276044934,-0.001083675,-0.003073689,0.048225854,1.00993639,0.007191867,0.086590152,0.029524439,50003.868785448,51158.114327321,53955.936947524,49884.354146441,-0.058711367,0.035314172,0.394171177,0.010746969,0.000644407,0.015747138,0.012356099,0.043115579,0.009012442,0.426887633,-0.902273263,0.765357225,0.003672487,0.0078984,0.006649354,0.9999394,0.014640823,0.006149031,0.499998212,0.0,0.0,0.0,0.86058265,0.0,3.661524911
1772729815.0936835,-0.059755,0.035679,0.394527,-0.00210413,0.02584465,0.009782,0.9996159,-0.003706,0.051734,0.019475,-0.033615553,0.012047661,0.022154275,-0.061501231,0.169354585,0.028238478,-0.001921729,0.031231835,1.005126704,0.02658141,0.094592779,0.025901366,50081.772066149,51110.322374975,53836.856545129,49790.629408249,-0.059072479,0.03545695,0.394366101,0.010899027,0.00049876,0.01695531,0.01367533,0.026893354,0.006231219,0.438492419,-0.952332423,0.785018405,0.003769381,0.008336542,0.006818419,0.999934477,0.014640823,0.006149031,0.499998212,0.0,0.0,0.0,0.86058265,0.0,3.662493535
1772729815.1036835,-0.060072,0.035811,0.394733,-0.00202778,0.02619179,0.01050401,0.99959969,-0.003509,0.052429,0.020924,-0.032215279,0.010809781,0.023846759,-0.02323569,-0.031791531,0.032472617,-0.004833907,0.014303751,1.007453388,0.034082135,0.094307448,0.036213093,49922.593027643,50891.289835752,53912.201549413,49924.886736927,-0.059404858,0.035591501,0.394568162,0.01116003,0.00033258,0.017773497,0.012551005,0.00676153,0.005855894,0.448114769,-1.011407074,0.803881281,0.003848343,0.008853236,0.006980274,0.999928708,0.014640823,0.006149031,0.499998212,0.0,0.0,0.0,0.86058265,0.0,3.663462159
1772729815.1136835,-0.060397,0.035923,0.394969,-0.00230182,0.02701022,0.01073159,0.9995749,-0.004028,0.054073,0.021363,-0.032368931,0.010719882,0.025878657,0.030247066,-0.318532216,0.01600725,-0.009886349,0.006514172,1.011555982,0.026771551,0.091586621,0.026587481,49877.654160996,50891.275065586,53850.662189084,49879.15817504,-0.059721437,0.03571669,0.394767024,0.011484679,0.000177196,0.018498998,0.008956181,-0.001430721,0.01420944,0.461850421,-1.063459578,0.821173858,0.003963592,0.009308885,0.007128238,0.999922959,0.014640823,0.006149031,0.499998212,0.0,0.0,0.0,0.86058265,0.0,3.664430783
1772729815.1236832,-0.060739,0.035976,0.395318,-0.00231699,0.02353613,0.0102893,0.99966735,-0.004153,0.047122,0.020487,-0.032663784,0.012164736,0.026212612,0.070358711,-0.463953296,-0.012796259,-0.012540937,0.015791018,1.00869543,0.019046207,0.080422993,0.02418207,49919.70426366,50906.803811596,53716.0669843,49797.711147793,-0.059979489,0.035811529,0.394946797,0.011836374,1.0772e-05,0.019500393,0.004708003,0.005904554,0.011186581,0.473775203,-1.104720395,0.834302549,0.004063951,0.00967013,0.007240324,0.9999181,0.014640823,0.006149031,0.499998212,0.0,0.0,0.0,0.86058265,0.0,3.665399383
1772729815.1336837,-0.061058,0.036122,0.395557,-0.0018956,0.02104278,0.01014688,0.99972529,-0.003366,0.042125,0.020228,-0.032929791,0.014581754,0.024788835,0.087297289,-0.38857945,-0.03793267,-0.014279445,0.023657852,1.00385271,0.011153083,0.065707468,0.022856054,49758.410628201,51057.869070173,53728.655755848,49578.981242145,-0.060242122,0.035879067,0.395179422,0.012183909,-0.000270758,0.020751713,0.003893983,0.013726948,0.005805881,0.482220737,-1.141396068,0.844756536,0.004134399,0.009991068,0.007329469,0.999913997,0.014640823,0.006149031,0.499998212,0.0,0.0,0.0,0.86058265,0.0,3.666368053
1772729815.143684,-0.061314,0.036279,0.395715,-0.00026089,0.01779179,0.01018622,0.99978979,-0.000159,0.035589,0.020373,-0.032832801,0.016731931,0.024040485,0.082742271,-0.143298668,-0.039606751,-0.012682208,0.021948567,1.002303434,-0.002735965,0.052726329,0.019264343,49499.244673221,51127.41015147,53902.853297329,49386.236804354,-0.060537513,0.035978316,0.395429925,0.012615301,-0.00051929,0.021570572,0.007559097,0.012709755,0.003160958,0.488888077,-1.17886113,0.855880987,0.004189155,0.010318815,0.007424543,0.999910443,0.014640823,0.006149031,0.499998212,0.0,0.0,0.0,0.86058265,0.0,3.6673367
1772729815.153684,-0.061763,0.036471,0.396079,-0.00072937,0.01731839,0.00974636,0.99980226,-0.001122,0.034651,0.019477,-0.031876293,0.017824434,0.024077898,0.043874638,0.166216686,-0.014471261,-0.008420098,0.014881599,1.004386452,-0.011314932,0.048969714,0.01584899,49499.436229019,51046.840296157,53846.351703575,49442.424134812,-0.060768043,0.03607681,0.395610559,0.013046215,-0.000689298,0.021815197,0.013730271,0.006823362,0.005154875,0.484245937,-1.199039425,0.867220283,0.004146288,0.010494998,0.007523148,0.999908404,0.014640823,0.006149031,0.499998212,0.0,0.0,0.0,0.86058265,0.0,3.668305324
1772729815.163684,-0.06203,0.036691,0.396207,-0.00079054,0.02182901,0.00977655,0.9997136,-0.001155,0.043675,0.019533,-0.030553856,0.017473929,0.025436349,-0.020815374,0.437827394,0.018150088,-0.008967659,0.016237409,1.002571144,0.006228013,0.053032744,0.017225835,49444.773430104,51083.871883875,53817.961565163,49321.675765226,-0.061055796,0.036208395,0.395833823,0.013475011,-0.000822832,0.02220664,0.01819374,0.003929491,0.008663021,0.470689301,-1.219375584,0.877106198,0.004025723,0.010671906,0.007609911,0.999906239,0.014640823,0.006149031,0.499998212,0.0,0.0,0.0,0.86058265,0.0,3.669412956
1772729815.173684,-0.06231,0.036833,0.396474,-0.00077453,0.02482228,0.01006003,0.99964096,-0.00105,0.049663,0.020101,-0.028749192,0.015291312,0.028474017,-0.089054636,0.529943688,0.040292064,-0.00951522,0.017593219,1.000755837,0.023770959,0.057095773,0.018602681,49658.00165353,51009.040180786,53558.929835198,49266.753954693,-0.061475147,0.036428042,0.396145619,0.014071335,-0.0008441,0.023243319,0.014620271,0.006419023,0.008023559,0.446833771,-1.238422849,0.888760804,0.003815184,0.010836913,0.007713165,0.999903613,0.014640823,0.006149031,0.499998212,0.0,0.0,0.0,0.86058265,0.0,3.670588039
1772729815.1836843,-0.062595,0.036946,0.396839,-0.00135598,0.02680949,0.01030899,0.99958648,-0.002161,0.053651,0.020568,-0.026574132,0.013183055,0.030635227,-0.115420784,0.486415807,0.063895816,-0.010062807,0.018949094,0.998940442,0.041314741,0.061158997,0.019979592,49827.38170441,51062.713647199,53437.614123957,48970.083134684,-0.061811763,0.036624871,0.396409008,0.014881525,-0.00084103,0.024077886,0.011123417,0.011922776,0.001717892,0.450206485,-1.271378776,0.895718249,0.003841691,0.011124941,0.007772397,0.999900723,0.014640823,0.006149031,0.499998212,0.0,0.0,0.0,0.86058265,0.0,3.671763178
1772729815.193685,-0.062846,0.037077,0.39714,-0.00218989,0.02825268,0.01066495,0.99954152,-0.003781,0.056556,0.021232,-0.024459678,0.011445815,0.031519921,-0.079021392,0.318648515,0.086464682,-0.00857669,0.016221197,1.000691918,0.059060405,0.072763161,0.019656074,49920.104918454,50838.000963144,53305.368948247,49105.209836908,-0.062081962,0.036762701,0.396684167,0.015646957,-0.000913535,0.024535854,0.013458204,0.005964221,-0.000834261,0.466935066,-1.307249014,0.910301628,0.003983742,0.011439581,0.007896709,0.999895702,0.014640823,0.006149031,0.499998212,0.0,0.0,0.0,0.86058265,0.0,3.672938346
1772729815.2036848,-0.063099,0.037202,0.397449,-0.00246007,0.02924133,0.01124143,0.99950614,-0.004268,0.058543,0.022368,-0.024468497,0.010821456,0.03260549,-0.040333564,0.176044109,0.08710243,-0.004232448,0.007754017,1.00745631,0.077087521,0.094964423,0.016942689,49991.830129599,50432.646125076,53097.517917718,49502.38636166,-0.06242882,0.036938136,0.397081349,0.016843235,-0.001061142,0.02479239,0.018222111,-0.004400411,0.004761288,0.501405674,-1.362307057,0.925080055,0.004279138,0.01192293,0.008020062,0.99988767,0.014640823,0.006149031,0.499998212,0.0,0.0,0.0,0.86058265,0.0,3.674113401
1772729815.2136853,-0.063325,0.037295,0.397774,-0.00272589,0.03037271,0.011533,0.99946839,-0.004757,0.060813,0.022933,-0.023693768,0.011014579,0.030937695,0.037096149,0.135593954,0.086870246,-0.004252731,0.008010027,1.006929166,0.082269182,0.100541176,0.013828,50090.302149656,50483.433272395,52962.915747337,49329.275231671,-0.062654719,0.037053209,0.397357606,0.017778929,-0.00121326,0.025299489,0.019550101,-0.000257331,0.006363302,0.540645943,-1.420810971,0.937449708,0.004616044,0.012436659,0.008121423,0.999879324,0.014640823,0.006149031,0.499998212,0.0,0.0,0.0,0.86058265,0.0,3.67528854
1772729815.2236848,-0.063566,0.037406,0.398082,-0.00202746,0.03085022,0.01197349,0.99945024,-0.00332,0.061754,0.023856,-0.023632948,0.011069572,0.030159819,0.10546466,0.12528166,0.082656782,-0.007020697,0.013757683,1.00181171,0.079363263,0.095651191,0.010461108,50048.41718226,50906.473858216,52891.875218439,48698.258347896,-0.062947095,0.037191962,0.397756336,0.019268508,-0.001561511,0.02675732,0.019621944,0.007991202,0.005102758,0.59499671,-1.480375221,0.94861015,0.005084735,0.012960738,0.008210153,0.999869602,0.014640823,0.006149031,0.499998212,0.0,0.0,0.0,0.86058265,0.0,3.676463568
1772729815.2336843,-0.063796,0.037523,0.398365,-0.00118066,0.03117695,0.01242968,0.99943589,-0.001588,0.062389,0.024823,-0.023287454,0.011563375,0.028865296,0.167646522,0.088204269,0.071463462,-0.007923866,0.009767832,0.994991557,0.081325425,0.068240234,0.011895701,49736.302891622,50974.053634933,53065.191482539,48544.092840902,-0.063194728,0.037309518,0.39809717,0.020634375,-0.001954735,0.027407186,0.018241324,-0.003227042,-0.006396169,0.644837751,-1.533361554,0.959988869,0.005514433,0.013427181,0.008301167,0.999860263,0.014640823,0.006149031,0.499998212,0.0,0.0,0.0,0.86058265,0.0,3.677638595
1772729815.2436843,-0.064032,0.037641,0.398653,-0.00039877,0.0318037,0.01255403,0.99941521,1e-06,0.063623,0.025121,-0.022707189,0.012126274,0.027616149,0.19875193,0.067543195,0.042285844,-0.00808618,0.00190901,0.987494586,0.085221805,0.031880229,0.015238026,49368.978846626,50918.985521472,53354.234699387,48532.680245399,-0.063453093,0.037437589,0.398441676,0.022149364,-0.002458449,0.026862039,0.018183536,-0.00751484,-0.012265527,0.695479714,-1.56660159,0.969181682,0.005952748,0.013721373,0.008373624,0.999852917,0.014640823,0.006149031,0.499998212,0.0,0.0,0.0,0.86058265,0.0,3.678813678
1772729815.2536848,-0.064262,0.037755,0.398944,0.00068978,0.03215328,0.01278427,0.99940095,0.002205,0.064295,0.025653,-0.022021796,0.011978081,0.027899366,0.184936097,0.068260549,0.000767005,-0.002396265,0.014660521,0.980976561,0.041615323,0.034096501,0.011508516,49299.841451542,50870.741318779,53386.18451099,48602.814544918,-0.063699812,0.037561499,0.398762846,0.023624248,-0.003019133,0.025547615,0.020269173,0.002999521,-0.016916349,0.747224288,-1.588727703,0.977556433,0.006401579,0.01391866,0.008439271,0.999847041,0.014640823,0.006149031,0.499998212,0.0,0.0,0.0,0.86058265,0.0,3.678779598
1772729815.2636843,-0.064479,0.037886,0.399214,0.00118753,0.03267578,0.01278768,0.99938349,0.003216,0.065327,0.025695,-0.0199527,0.011625905,0.02847934,0.148599214,0.036940302,-0.037229073,-0.006272816,0.018424502,0.97981322,0.021823884,0.018867364,0.011732369,49471.157016486,51009.240852433,53285.709288299,48446.676919984,-0.063961747,0.037701317,0.399098819,0.025239178,-0.003698094,0.023493336,0.020320204,0.010313948,-0.019543491,0.775475621,-1.60573308,0.983248759,0.006646103,0.014069444,0.008484491,0.999842286,0.014640823,0.006149031,0.499998212,0.0,0.0,0.0,0.86058265,0.0,3.678200175
1772729815.273684,-0.064641,0.038018,0.399427,0.00267148,0.03171235,0.01254593,0.99941472,0.006148,0.063363,0.0253,-0.017066722,0.011592144,0.027635341,0.139018509,-0.077549831,-0.040556051,-0.009640967,0.017804472,0.981234301,0.014105365,0.00527385,0.019443353,49576.449998069,50668.061840936,53318.018424814,48786.918420951,-0.06420327,0.03784535,0.399433765,0.027013725,-0.00449566,0.021096404,0.015892931,-0.002872847,-0.017823344,0.791024471,-1.612138266,0.99077316,0.006780357,0.014126928,0.008547843,0.999839895,0.014640823,0.006149031,0.499998212,0.0,0.0,0.0,0.86058265,0.0,3.677620739
1772729815.2836835,-0.064836,0.0381,0.399782,0.00273744,0.03246709,0.01189449,0.99939828,0.006257,0.064875,0.024005,-0.014639738,0.010955372,0.026634913,0.114389573,-0.192223165,-0.016901961,-0.012301282,0.011082366,0.986252566,0.023191607,-0.00604226,0.037575248,49265.493729934,50564.439919875,53732.35537689,48781.0,-0.064429478,0.037983108,0.399775732,0.028834193,-0.005338007,0.018916087,0.016810939,-0.000517269,-0.017321451,0.802850971,-1.613092949,1.00808823,0.006881338,0.014137181,0.008697402,0.999837762,0.014640823,0.006149031,0.499998212,0.0,0.0,0.0,0.86058265,0.0,3.677041316
1772729815.2936842,-0.064976,0.038192,0.400088,0.00262541,0.03180652,0.01173491,0.99942171,0.006006,0.063557,0.023673,-0.012962969,0.009821202,0.026034193,0.05607322,-0.231871189,0.004866458,-0.011567144,0.009474526,0.983336674,0.016953673,-0.023726969,0.034377019,49317.977035046,50780.999521009,53755.888288672,48498.265094867,-0.064588296,0.038099428,0.400091035,0.030566012,-0.006130856,0.017571244,0.019554167,0.007512889,-0.017062373,0.810001483,-1.603509108,1.02818895,0.006942008,0.014055318,0.008872506,0.999836833,0.014640823,0.006149031,0.499998212,0.0,0.0,0.0,0.86058265,0.0,3.676461825
1772729815.303684,-0.065048,0.038328,0.400278,0.00347262,0.02921553,0.01216493,0.99949308,0.007666,0.05835,0.024565,-0.012507996,0.008915918,0.025024091,-0.006892202,-0.196548457,0.029602229,-0.010781317,0.007944827,0.98030008,0.010482671,-0.041507072,0.030853843,49521.480858676,50694.431127013,53626.437209302,48631.854979129,-0.064694574,0.038205858,0.400312588,0.032058953,-0.006789074,0.01606552,0.023697909,0.008667592,-0.017871958,0.812191454,-1.580925586,1.04306363,0.006961106,0.013859345,0.009003443,0.999837994,0.014640823,0.006149031,0.499998212,0.0,0.0,0.0,0.86058265,0.0,3.675882388
1772729815.313684,-0.065168,0.038419,0.400464,0.00403023,0.02722975,0.01275258,0.99953973,0.008764,0.054358,0.025754,-0.012466951,0.008455389,0.023461056,-0.065337022,-0.101686934,0.048596765,-0.010033969,0.00687075,0.977412363,0.004111113,-0.058631464,0.027224358,49640.923011475,50816.116172649,53550.929128245,48555.137857291,-0.064808627,0.038287608,0.400527761,0.033385106,-0.007484019,0.014423842,0.018088412,-0.002924307,-0.022285247,0.814826845,-1.553409294,1.057232826,0.006984628,0.013620329,0.009128491,0.999839963,0.014640823,0.006149031,0.499998212,0.0,0.0,0.0,0.86058265,0.0,3.675302938
1772729815.3236835,-0.065333,0.038457,0.400757,0.00282521,0.02809597,0.01283295,0.99951886,0.006379,0.056122,0.025856,-0.012283287,0.007741927,0.021505712,-0.101060897,0.017331617,0.04033812,-0.010706761,0.022604669,0.980019129,0.001413721,-0.051552118,0.019676703,49622.144072472,50486.915827067,53568.867512558,48968.106849395,-0.064947844,0.038361346,0.400792056,0.034793249,-0.008303091,0.012470207,0.015880034,0.003147411,-0.019804078,0.818910254,-1.517366475,1.072712388,0.007021386,0.01330712,0.009265357,0.999842582,0.00855473,0.00359292,0.499998955,0.0,0.0,0.0,0.86058265,0.0,3.674723516
1772729815.3336833,-0.06545,0.038533,0.400988,0.00173075,0.02946682,0.01261602,0.99948464,0.004211,0.058894,0.025368,-0.011985501,0.006929863,0.020246834,-0.132313186,0.153528826,0.01632115,-0.010701433,0.034656989,0.98205769,-1.4872e-05,-0.049250121,0.013447941,49615.734010152,50322.032415526,53589.080602984,49193.064482387,-0.065055942,0.038428294,0.40098266,0.035901085,-0.008921455,0.011050303,0.016943827,0.0174679,-0.018428836,0.818960972,-1.491895318,1.081024063,0.007022985,0.013085391,0.009339487,0.999845047,0.0,0.0,0.5,0.0,0.0,0.0,0.86058265,0.0,3.674144079
1772729815.3436823,-0.065579,0.038628,0.401153,0.00147414,0.03015422,0.01287112,0.9994613,0.00373,0.060274,0.025867,-0.010495814,0.006610729,0.018144015,-0.115853217,0.193706554,0.009216273,-0.007136328,0.027380424,0.981113056,0.005217362,-0.072027215,0.014143921,49658.311675127,50370.201087012,53576.178280265,49182.742624212,-0.065144036,0.038489176,0.401134019,0.03687636,-0.009456962,0.009854127,0.017684655,0.026371147,-0.019467622,0.815041822,-1.46480252,1.090891994,0.006989934,0.012849279,0.009427743,0.999847711,0.0,0.0,0.5,0.0,0.0,0.0,0.86058265,0.0,3.673589643
1772729815.3536818,-0.065651,0.038688,0.401324,0.00114733,0.03072631,0.01307045,0.99944171,0.003102,0.061427,0.026249,-0.008630389,0.006743518,0.014813786,-0.064561929,0.122976582,0.028828057,-0.003571053,0.020103513,0.980168377,0.010449847,-0.094805396,0.014839933,49809.991534392,50481.822792023,53482.662515263,49110.353520554,-0.065224065,0.038546973,0.401290268,0.037987616,-0.010075337,0.008348501,0.020453251,0.009037987,-0.021518487,0.81169577,-1.428296372,1.099832135,0.006962825,0.012531019,0.009508419,0.999851012,0.0,0.0,0.5,0.0,0.0,0.0,0.86058265,0.0,3.673053302
1772729815.3636816,-0.065723,0.038727,0.40146,0.00069323,0.03138886,0.0128846,0.99942396,0.002199,0.062765,0.025852,-0.005871762,0.005471353,0.012406558,-0.004490311,0.031679875,0.031812661,-0.002328157,0.015079703,0.983890413,0.030761947,-0.100953432,0.012684443,49918.129688435,50772.492705601,53444.97073036,48843.731142713,-0.06528511,0.038590244,0.401411021,0.038972551,-0.010637391,0.006835311,0.02178642,0.000894839,-0.017435795,0.813813555,-1.381052787,1.108149694,0.006984419,0.012119485,0.009583746,0.999854962,0.0,0.0,0.5,0.0,0.0,0.0,0.86058265,0.0,3.672516948
1772729815.3736815,-0.065768,0.038799,0.401557,0.0010161,0.03115586,0.0132267,0.9994265,0.002861,0.062289,0.026556,-0.002966941,0.003398333,0.011678158,0.034516654,-0.026257132,0.004861819,-0.003865167,0.020536727,0.983968273,0.056331644,-0.117925658,0.010173264,49567.275092667,51261.286576059,53792.136032173,48352.137849165,-0.065336451,0.038645427,0.401522681,0.040079975,-0.011255324,0.005334621,0.019166493,0.002650319,-0.016723098,0.825089227,-1.319632056,1.116188242,0.007087219,0.011585005,0.009656629,0.999859871,0.0,0.0,0.5,0.0,0.0,0.0,0.86058265,0.0,3.671980582
1772729815.3836815,-0.065805,0.038833,0.401676,0.00153634,0.03055641,0.01344628,0.99944142,0.0039,0.061075,0.027025,-0.000318299,0.00124633,0.011635345,0.070252066,-0.065963603,-0.040092209,-0.0058755,0.030913796,0.980742263,0.063173187,-0.137544458,0.003442074,49549.476739488,51460.862053175,53823.049726585,48218.18137004,-0.065370123,0.038682284,0.40163391,0.041138981,-0.011960128,0.003930167,0.017392109,-0.001078497,-0.013072825,0.849834399,-1.24050551,1.122748682,0.007309286,0.010897094,0.009716584,0.99986521,0.0,0.0,0.5,0.0,0.0,0.0,0.86058265,0.0,3.671444215
1772729815.393682,-0.065833,0.038832,0.401793,0.00135743,0.03036425,0.01325161,0.99945013,0.003525,0.060696,0.026623,0.00108854,-0.000477914,0.011332004,0.103588055,-0.088951861,-0.085245711,-0.007841751,0.023934768,0.983868365,0.08007761,-0.135920435,0.000330333,49891.451576192,51503.51701377,53549.845709571,48310.07411517,-0.065362605,0.038680806,0.401754016,0.042230759,-0.012885951,0.00213804,0.015797609,-0.005751911,-0.008943871,0.898531456,-1.143581169,1.124492007,0.007742385,0.010055626,0.009733885,0.999870308,0.0,0.0,0.5,0.0,0.0,0.0,0.86058265,0.0,3.670907823
1772729815.4036815,-0.065731,0.038786,0.401925,0.00219716,0.03022989,0.01212423,0.99946702,0.005134,0.060411,0.024415,0.001551381,-0.001608879,0.010780216,0.128816459,-0.098913879,-0.112502149,-0.004133134,0.012144448,0.99433222,0.071323048,-0.139560888,-0.000715802,49834.453473684,51407.935157895,53582.558315789,48547.638736842,-0.065347539,0.03867499,0.40186691,0.043250755,-0.013838539,0.000643245,0.014203261,-0.010424878,-0.00481531,0.940382512,-1.068973093,1.121444271,0.008114244,0.009407967,0.009709027,0.999874195,0.0,0.0,0.5,0.0,0.0,0.0,0.86058265,0.0,3.670371482
1772729815.4136813,-0.065724,0.038786,0.402014,0.00306192,0.02930087,0.01156173,0.99949908,0.00681,0.058535,0.023333,0.001160199,-0.002267601,0.009810169,0.131599171,-0.106324256,-0.126926126,-0.006641504,0.004768328,1.000652029,0.058947042,-0.125862877,-0.014120668,49875.646311165,51193.749117347,53553.103512305,48819.574626671,-0.065326287,0.038653828,0.401967603,0.04403511,-0.014887195,0.000114359,0.011822622,-0.013938212,-0.001803043,0.977133073,-0.997020465,1.116434787,0.008441486,0.008782883,0.009667708,0.999877611,0.0,0.0,0.5,0.0,0.0,0.0,0.86058265,0.0,3.669835128
1772729815.4236815,-0.065748,0.038748,0.402127,0.00359343,0.02885206,0.0110109,0.99951659,0.007832,0.057629,0.022257,0.00098246,-0.00294569,0.008897386,0.134172912,-0.122884883,-0.117588893,-0.01136359,0.01072826,0.993847152,0.037267393,-0.115160822,-0.010321599,49757.175929074,51053.888249601,53643.601720846,48993.440881868,-0.06532542,0.038622918,0.402068305,0.044623333,-0.016084989,0.000133148,0.003502004,-0.007112257,-0.007836837,1.014122546,-0.913418143,1.105982271,0.008772138,0.008055725,0.009580151,0.999881642,0.0,0.0,0.5,0.0,0.0,0.0,0.86058265,0.0,3.669298749
1772729815.433682,-0.065768,0.038742,0.402182,0.00406599,0.02850896,0.01049815,0.99953014,0.008741,0.056937,0.021254,-0.000641337,-0.002441999,0.007467121,0.116017746,-0.141910722,-0.074577355,-0.014066349,0.013972369,0.989741016,0.015174862,-0.104075494,-0.007291815,49777.243028806,50874.42440546,53625.000460559,49249.856996316,-0.065330657,0.038599276,0.402142232,0.044987986,-0.017195563,-0.000347377,0.00222097,-0.00421929,-0.009672856,1.030398664,-0.844186571,1.097244056,0.008920601,0.007452318,0.009508223,0.999885263,0.0,0.0,0.5,0.0,0.0,0.0,0.86058265,0.0,3.668762357
1772729815.4436815,-0.065778,0.038732,0.402244,0.00479762,0.02755075,0.01052198,0.99955351,0.010186,0.055004,0.021333,-0.002933997,-0.001763172,0.006157679,0.064621796,-0.14188754,-0.016145159,-0.009693203,0.006105871,0.996656133,-0.00685919,-0.091252682,-0.009475851,49920.690607735,50937.89907919,53595.409208103,49164.572744015,-0.065331453,0.03856495,0.402213951,0.045235694,-0.018366506,-0.001210795,0.005698274,-0.014544069,-0.004903287,1.033113802,-0.78282641,1.088212449,0.00895,0.006916429,0.009434097,0.999889904,0.0,0.0,0.5,0.0,0.0,0.0,0.86058265,0.0,3.668238285
1772729815.4536817,-0.065768,0.03868,0.402325,0.00485128,0.02669145,0.01016611,0.99958025,0.010256,0.053287,0.020613,-0.004067622,-0.001567096,0.005680736,0.001803552,-0.115944346,0.030893504,-0.008920149,0.002308329,1.000788243,-0.024041425,-0.081467228,-0.009586027,50068.854524209,51159.355339711,53530.69753402,48902.269456413,-0.065333103,0.038511694,0.402289039,0.04537555,-0.019661526,-0.001426488,0.004583451,-0.0159979,0.000638427,1.023319229,-0.733156354,1.083038422,0.008868971,0.006481816,0.009393441,0.999894099,0.0,0.0,0.5,0.0,0.0,0.0,0.86058265,0.0,3.667718534
1772729815.463682,-0.065782,0.038632,0.402388,0.00508211,0.02616753,0.01022785,0.99959233,0.01071,0.052234,0.020743,-0.004822052,-0.001133101,0.003757579,-0.033343464,-0.129357424,0.092147338,-0.01620726,0.00903399,0.997327282,-0.027611607,-0.079974618,-0.0028392,49967.587309418,51265.147156248,53589.400263115,48784.277304015,-0.065383671,0.038498488,0.402327788,0.045232949,-0.020666231,-0.001246571,-0.003427002,-0.008601253,-0.002651371,1.011058423,-0.690056155,1.079485936,0.00876575,0.006104457,0.009366478,0.999898265,0.0,0.0,0.5,0.0,0.0,0.0,0.86058265,0.0,3.667198783
1772729815.4736824,-0.065921,0.038704,0.402372,0.00470602,0.02544352,0.01131939,0.9996011,0.009997,0.050782,0.022901,-0.004335571,-0.001498836,0.001344912,-0.025677321,-0.188077944,0.145312774,-0.016527263,0.013621787,0.993069896,-0.028322503,-0.078020629,0.003874109,50068.598566967,50753.544644498,53529.487805438,49315.889904464,-0.065448471,0.038485931,0.402358754,0.044960229,-0.021555149,-0.001280519,-0.004928895,-0.006006814,-0.007789691,0.989541896,-0.638207174,1.078320331,0.008582345,0.005650187,0.009361379,0.999902385,0.0,0.0,0.5,0.0,0.0,0.0,0.86058265,0.0,3.66667902
1772729815.4836824,-0.065975,0.03866,0.40242,0.00422718,0.0249107,0.01209639,0.99960756,0.009065,0.04972,0.024426,-0.003702412,-0.002746467,0.00044699,-0.013612091,-0.20728813,0.158429237,-0.009499261,0.013518325,0.989635339,-0.029602999,-0.072341054,0.001477925,49898.223343948,50906.458499898,53746.048557942,49139.073920997,-0.065492502,0.038452865,0.402385823,0.044684529,-0.02244568,-0.001835696,0.00072979,-0.008418133,-0.013065311,0.973000757,-0.600546521,1.080762017,0.008441003,0.005320395,0.009386308,0.999905253,0.0,0.0,0.5,0.0,0.0,0.0,0.86058265,0.0,3.666159281
1772729815.493682,-0.065975,0.03861,0.402435,0.00390122,0.02412021,0.01274983,0.99962015,0.008424,0.048141,0.025711,-0.001652022,-0.004332036,-0.000724806,0.024329435,-0.188046735,0.158227089,-0.004094994,0.015026084,0.986864518,-0.031628745,-0.067596635,0.000705857,50023.204347537,51164.445323406,53758.39001529,48849.159542644,-0.065507546,0.038410237,0.402374404,0.044426945,-0.023305861,-0.00292652,0.005924834,-0.001158169,-0.012828374,0.951891506,-0.556657252,1.083913907,0.008260301,0.004935923,0.009417991,0.999907774,0.0,0.0,0.5,0.0,0.0,0.0,0.86058265,0.0,3.665639567
1772729815.5036814,-0.065942,0.038564,0.402343,0.00517074,0.02161393,0.01370301,0.99965911,0.010941,0.043085,0.027649,3.2071e-05,-0.006903348,-0.000487627,0.074406108,-0.247439991,0.122650416,-0.007849116,0.025623503,0.987837227,-0.037859156,-0.068126352,0.009095572,50244.398246882,51352.259217423,53667.645264775,48656.48766492,-0.065507436,0.038352153,0.402348823,0.044145299,-0.024181173,-0.004111743,0.002661639,0.00801816,-0.010977411,0.938976239,-0.526024764,1.087997042,0.008149978,0.004667855,0.009456375,0.999909892,0.0,0.0,0.5,0.0,0.0,0.0,0.86058265,0.0,3.665119854
1772729815.5136814,-0.065935,0.038469,0.402371,0.00575503,0.0199308,0.01404918,0.99968608,0.012076,0.039698,0.028345,-0.000223602,-0.010515977,0.002124303,0.072953864,-0.303077701,0.058300443,-0.008286812,0.036155764,0.988140464,-0.019771761,-0.053562234,0.016340398,50136.809174657,51253.48714514,53881.752796578,48717.13820737,-0.0655202,0.038266292,0.402359588,0.043756438,-0.025132441,-0.005082115,-0.001571216,0.01681874,-0.012101646,0.927081236,-0.492960297,1.094286187,0.008048695,0.004378798,0.009514088,0.999911591,0.0,0.0,0.5,0.0,0.0,0.0,0.86058265,0.0,3.664600115
1772729815.5236812,-0.065996,0.03835,0.402473,0.00517633,0.02058107,0.01386486,0.99967864,0.010929,0.041017,0.027961,-0.002289726,-0.012530878,0.003679335,0.040346357,-0.398065154,0.006217308,-0.006623128,0.019519152,0.988784601,-0.018357664,-0.035616728,0.022890936,49785.260681776,51159.284808657,54294.056288315,48794.007616571,-0.06553975,0.038166191,0.402374502,0.043298682,-0.026083095,-0.006055933,0.000726137,0.003434608,-0.014576314,0.913992184,-0.45927847,1.105467623,0.007936902,0.004084581,0.00961451,0.999912802,0.0,0.0,0.5,0.0,0.0,0.0,0.86058265,0.0,3.664080389
1772729815.5336812,-0.065964,0.038258,0.402398,0.00600809,0.01859962,0.01435663,0.99970588,0.012556,0.037024,0.028952,-0.003880074,-0.014796828,0.005073859,-0.005128272,-0.55558284,-0.045379716,-0.004916031,0.006851489,0.990099714,-0.047183183,-0.048793738,0.026159076,49863.301263928,51157.537335772,54265.378263762,48861.366289706,-0.065557744,0.038056119,0.402374526,0.042789497,-0.02700288,-0.006977856,0.002865054,-0.00651098,-0.010684229,0.896733052,-0.42990115,1.120737408,0.007788274,0.003827823,0.009750379,0.999913653,0.0,0.0,0.5,0.0,0.0,0.0,0.86058265,0.0,3.66356065
1772729815.543681,-0.066057,0.038073,0.402513,0.00616829,0.01337246,0.01378281,0.99979656,0.012708,0.026573,0.027738,-0.004102141,-0.015197683,0.002900586,-0.040413368,-0.60778165,-0.071115542,-0.006605967,0.013371658,0.985738342,-0.040340622,-0.031909694,0.021007704,50020.321015737,51194.019126317,54145.070470266,48888.807854789,-0.065605875,0.037915029,0.402417718,0.042113254,-0.027965323,-0.007494317,0.001503929,-0.004123775,-0.014712839,0.876329383,-0.40330851,1.134309223,0.007612084,0.003594943,0.009871267,0.999914655,0.0,0.0,0.5,0.0,0.0,0.0,0.86058265,0.0,3.663061868
1772729815.5536811,-0.066115,0.037867,0.402603,0.00474483,0.01181215,0.01301065,0.99983433,0.009798,0.023499,0.026139,-0.00306531,-0.01433224,-0.002641611,-0.0305664,-0.528949337,-0.05500826,-0.005612203,0.025045759,0.98221995,-0.040985947,-0.045891217,0.018824319,49656.413256219,51408.020632792,54481.687586304,48718.59895135,-0.065656033,0.0377539,0.402463218,0.041378623,-0.02893126,-0.008214557,0.000863917,0.010735765,-0.018119374,0.851117131,-0.372980642,1.146352576,0.007394361,0.003328908,0.009979114,0.999916122,0.0,0.0,0.5,0.0,0.0,0.0,0.86058265,0.0,3.66257813
1772729815.5636811,-0.066114,0.037774,0.402481,0.00537769,0.00800833,0.0130029,0.99986893,0.010964,0.015875,0.026095,-0.001930946,-0.013300071,-0.007443344,-0.027519073,-0.285821262,-0.024615453,-0.002100795,0.023454129,0.980210781,-0.061719804,-0.060235009,0.013917767,49524.247391952,51393.118728266,54636.177595628,48845.929955291,-0.065684958,0.037627704,0.402430814,0.040664021,-0.029710588,-0.009589842,0.004329515,0.011006082,-0.020098088,0.822503988,-0.342385043,1.155418779,0.007147115,0.003060009,0.010060983,0.99991793,0.0,0.0,0.5,0.0,0.0,0.0,0.86058265,0.0,3.662094403
1772729815.5736806,-0.066134,0.037637,0.40241,0.00530704,0.00602059,0.01282326,0.99988557,0.010768,0.011904,0.025712,-0.001732519,-0.012187113,-0.011432897,-0.02256022,0.050369285,0.01593536,-0.003724464,0.009887594,0.983793196,-0.084599004,-0.061959637,0.013032483,49519.038623944,51130.944071866,54741.221083789,49205.334947839,-0.065711136,0.037505681,0.402378041,0.039933249,-0.0303951,-0.011101174,0.002045435,-0.002755575,-0.01652806,0.788561392,-0.312103372,1.162305822,0.006853439,0.002793198,0.010123786,0.999919987,0.0,0.0,0.5,0.0,0.0,0.0,0.86058265,0.0,3.661610699
1772729815.5836809,-0.066132,0.037562,0.402198,0.00508591,0.00996244,0.01327797,0.99984928,0.010437,0.019788,0.026662,-0.001966669,-0.012023807,-0.014002597,-0.018948449,0.334840062,0.061954977,-0.00918495,-0.000343371,0.990510073,-0.100395111,-0.059803754,0.014309285,49602.501039964,50934.164240083,54759.009471104,49506.438902095,-0.065726843,0.037411687,0.402271784,0.039297956,-0.030912222,-0.01257763,-0.003524926,-0.012725104,-0.009360991,0.745779876,-0.276525786,1.170165884,0.006483106,0.002479422,0.010195484,0.999922515,0.0,0.0,0.5,0.0,0.0,0.0,0.86058265,0.0,3.661126961
1772729815.5936809,-0.066157,0.037409,0.40208,0.00494454,0.01240438,0.01376201,0.99981613,0.010232,0.024671,0.027654,-0.004235746,-0.014195818,-0.011641386,-0.073003908,0.480402328,0.063081884,-0.015215976,0.002473054,0.996264849,-0.107702483,-0.06012622,0.014510715,49684.232678762,51210.296188082,54796.319630359,49235.117437884,-0.065746214,0.037299323,0.402145638,0.038594523,-0.031452409,-0.013601192,-0.01025037,-0.010828795,-0.004252105,0.696142266,-0.247921281,1.176689491,0.006052396,0.002225744,0.010254992,0.999925308,0.0,0.0,0.5,0.0,0.0,0.0,0.86058265,0.0,3.660643234
1772729815.6036808,-0.066216,0.037251,0.402012,0.00434777,0.0144115,0.01394284,0.99978948,0.009099,0.0287,0.02802,-0.006706145,-0.017228863,-0.007762517,-0.174038674,0.533996297,0.0398886,-0.018967543,0.013340833,0.994476094,-0.10930385,-0.057925506,0.01561298,49717.800196712,51020.121399466,54789.443679453,49543.705259707,-0.065781276,0.037159875,0.402028112,0.037780042,-0.032008269,-0.014121939,-0.015468421,0.000889952,-0.006405822,0.635117338,-0.217057766,1.185018061,0.005522519,0.001951366,0.010330347,0.999928172,0.0,0.0,0.5,0.0,0.0,0.0,0.86058265,0.0,3.660159507
1772729815.6136806,-0.066306,0.037085,0.401914,0.0038551,0.01600512,0.01426281,0.99976275,0.008169,0.031898,0.028661,-0.008098298,-0.019204836,-0.005798257,-0.232645998,0.405884889,0.026615343,-0.018423956,0.016525174,0.992660811,-0.111437209,-0.049654486,0.013342658,49808.288813423,51217.006054648,54757.270336692,49399.862150629,-0.065837611,0.037012541,0.40192913,0.036912594,-0.032481324,-0.014513815,-0.016138117,0.005312782,-0.007822283,0.569488764,-0.186136865,1.190748815,0.00495255,0.00167588,0.010382811,0.999931014,0.0,0.0,0.5,0.0,0.0,0.0,0.86058265,0.0,3.659675792
1772729815.6236808,-0.066404,0.036857,0.401916,0.00186771,0.01851307,0.01418647,0.99972622,0.004263,0.036971,0.028458,-0.009309605,-0.020645397,-0.004363582,-0.28031009,0.247144913,0.007127318,-0.014360419,0.010475195,0.987185867,-0.100958301,-0.032454507,0.019536409,49748.944974358,51555.934890865,54924.345365805,48995.859871665,-0.065917317,0.036837893,0.401850577,0.035950056,-0.032917254,-0.01499131,-0.011875137,0.002845418,-0.011608447,0.503559114,-0.158569705,1.19783469,0.004379657,0.001429624,0.010446675,0.999933401,0.0,0.0,0.5,0.0,0.0,0.0,0.86058265,0.0,3.659192054
1772729815.6336808,-0.066499,0.036641,0.401882,8.556e-05,0.01943187,0.01399842,0.99971318,0.000716,0.03886,0.028017,-0.01100442,-0.019930477,-0.005776035,-0.282352279,0.152523918,0.001613575,-0.011090193,0.020941716,0.992088865,-0.069520986,-0.010936409,0.023210175,50137.302618531,51625.786979711,54746.305459516,48863.532550722,-0.066020492,0.036614583,0.401797106,0.034840067,-0.033333184,-0.01556627,-0.002364844,0.002879746,-0.006896266,0.443148924,-0.137303148,1.210090879,0.00385432,0.001238956,0.010555106,0.999934941,0.0,0.0,0.5,0.0,0.0,0.0,0.86058265,0.0,3.658708327
1772729815.6436808,-0.066592,0.036449,0.401787,-0.00102222,0.01950064,0.01422632,0.9997081,-0.00149,0.039029,0.02843,-0.011255625,-0.019792404,-0.00775904,-0.228953569,0.031128638,-0.002662691,-0.009683443,0.030661925,0.99553018,-0.042824316,0.006870115,0.026209774,50588.025123961,51614.544229599,54440.792132864,48871.349836869,-0.066105421,0.036438249,0.401746886,0.033961345,-0.033557592,-0.015856556,-0.007311544,0.020638187,-0.004419284,0.404466626,-0.134011803,1.225175816,0.003516919,0.001207136,0.010687261,0.999934768,0.0,0.0,0.5,0.0,0.0,0.0,0.86058265,0.0,3.6582246
1772729815.6536803,-0.066683,0.036257,0.401682,-0.00173861,0.01916181,0.01447418,0.99971011,-0.002924,0.038372,0.028899,-0.009943677,-0.020553011,-0.009310673,-0.143820391,-0.096098554,-0.013359627,-0.014517485,0.037882291,0.994076204,-0.032005191,0.012245844,0.026951466,50704.831096108,51477.799166005,54373.91624305,49048.513343924,-0.066178021,0.036293186,0.40169212,0.033222434,-0.033681603,-0.015955776,-0.011999549,0.031639338,-0.005439004,0.3923597,-0.136054871,1.236135601,0.003410965,0.001224159,0.010782965,0.999934312,0.0,0.0,0.5,0.0,0.0,0.0,0.86058265,0.0,3.657733149
1772729815.6636803,-0.066837,0.036067,0.401607,-0.0025363,0.01910747,0.01420236,0.99971334,-0.004532,0.038285,0.028324,-0.010579653,-0.020544561,-0.011481732,-0.055708328,-0.128183796,-0.017424233,-0.01571389,0.02673255,1.001659046,-0.031783613,0.0348492,0.027593351,50633.457475266,51286.029552885,54466.171669993,49281.350473441,-0.066274006,0.036109199,0.401608888,0.032279286,-0.033765833,-0.016030193,-0.014857077,0.01998176,0.000500663,0.38066511,-0.144207174,1.247653045,0.003308016,0.001294528,0.010883358,0.999933656,0.0,0.0,0.5,0.0,0.0,0.0,0.86058265,0.0,3.657237844
1772729815.6736803,-0.066981,0.035889,0.401465,-0.00240364,0.01802287,0.0141103,0.99973511,-0.0043,0.036112,0.028149,-0.009843055,-0.021651614,-0.011767785,0.000389483,-0.090961207,-0.023323545,-0.009774236,0.026066786,1.00234607,-0.008935383,0.055805939,0.025600332,50817.040337494,51344.613990985,54391.652999307,49148.581975266,-0.06639077,0.035939281,0.401537164,0.031328781,-0.033803375,-0.015811314,-0.010813637,0.008443468,0.005545265,0.370780981,-0.167196778,1.262450477,0.003219382,0.001494617,0.011011939,0.99993234,0.0,0.0,0.5,0.0,0.0,0.0,0.86058265,0.0,3.656742539
1772729815.68368,-0.06697,0.035602,0.401352,-0.00215389,0.01731894,0.01386251,0.99975159,-0.003829,0.034696,0.027664,-0.009796357,-0.0220656,-0.011811666,0.033475863,-0.03799023,-0.019781476,-0.000546529,0.032548133,0.998629614,0.026500037,0.074238874,0.02227179,50505.977257425,51065.201665794,54658.077279868,49463.007431236,-0.066551408,0.035710458,0.401407398,0.030087101,-0.033822444,-0.015023693,0.00226617,0.022894649,0.001116014,0.373814963,-0.211002344,1.279427503,0.003241361,0.001877643,0.011158773,0.999929975,0.0,0.0,0.5,0.0,0.0,0.0,0.86058265,0.0,3.656247246
1772729815.6936803,-0.067069,0.035365,0.401253,-0.00202889,0.01717125,0.01375668,0.99975586,-0.003586,0.034397,0.027457,-0.011212579,-0.021645009,-0.012142708,0.046107526,0.047422346,-0.005821777,0.000381348,0.030085195,0.994560842,0.025596588,0.076618178,0.013554382,50496.087828492,51265.492047026,54626.499308437,49349.32780083,-0.066625592,0.035467446,0.401296984,0.029329426,-0.033995581,-0.014729272,0.004111125,0.030590866,-0.00502149,0.383573957,-0.257682536,1.29252136,0.003321709,0.002286306,0.0112715,0.999927594,0.0,0.0,0.5,0.0,0.0,0.0,0.86058265,0.0,3.655751929
1772729815.7036808,-0.067311,0.035229,0.401085,-0.00197881,0.01910986,0.01393145,0.99971837,-0.003427,0.038273,0.027803,-0.013635425,-0.020637821,-0.012443874,0.039098997,0.146155075,0.006616702,-0.001496056,0.024599129,0.99037296,0.012410829,0.073571477,0.003015504,50568.399116047,51072.207094288,54491.086446056,49759.384406165,-0.066716943,0.035248936,0.401196167,0.02863558,-0.034142292,-0.015101,0.003602513,0.022984844,-0.010192551,0.390750487,-0.305165837,1.300456853,0.003379474,0.002701584,0.011339181,0.999925562,0.0,0.0,0.5,0.0,0.0,0.0,0.86058265,0.0,3.655256601
1772729815.7136807,-0.067318,0.034969,0.401011,-0.00156698,0.01886635,0.01399073,0.99972289,-0.002607,0.037775,0.027938,-0.016736652,-0.019251106,-0.012719457,0.019220069,0.222175403,0.010714599,-0.003643212,0.01538217,0.993353399,-0.021663659,0.061206861,-0.003178303,50670.955401283,51453.398232881,54394.40044178,49524.262438203,-0.066880067,0.03505674,0.401058636,0.027784134,-0.034153215,-0.015945476,0.000798123,0.007759871,-0.008557832,0.391295288,-0.351297101,1.301078268,0.003379646,0.003104198,0.011343212,0.999924214,0.0,0.0,0.5,0.0,0.0,0.0,0.86058265,0.0,3.654761296
1772729815.7236814,-0.067571,0.034816,0.400866,-0.00166499,0.01997043,0.01410018,0.99969975,-0.002768,0.039986,0.028152,-0.018635993,-0.018381525,-0.013159103,0.001096338,0.228905298,0.010269691,-0.004659642,0.011878358,1.007082157,-0.040461335,0.061127418,-0.007535703,50645.353627886,51446.824207831,54463.017734245,49602.866088836,-0.066984297,0.034831494,0.400943989,0.027245458,-0.034284208,-0.016453282,0.000937724,0.003796249,0.006655052,0.378700679,-0.392225616,1.298155067,0.003265774,0.003460011,0.011316864,0.999923655,0.0,0.0,0.5,0.0,0.0,0.0,0.86058265,0.0,3.654265956
1772729815.7336817,-0.067785,0.034621,0.400732,-0.00182281,0.02175454,0.01395382,0.9996643,-0.00304,0.043559,0.027849,-0.018451028,-0.019327971,-0.01234634,-0.027120985,0.201524412,-0.005337022,-0.00773844,0.00876405,1.01297953,-0.056487516,0.054353235,-0.01473322,50148.785172109,50947.227007944,54825.9929391,50229.741218005,-0.06715354,0.034651968,0.400822372,0.026588941,-0.034294349,-0.015936412,-0.000462153,4.6974e-05,0.011458628,0.351164301,-0.428672666,1.2935473,0.003022041,0.003775212,0.011276514,0.999923629,0.0,0.0,0.5,0.0,0.0,0.0,0.86058265,0.0,3.653770639
1772729815.7436814,-0.067951,0.034431,0.400601,-0.00187458,0.02263192,0.01397833,0.99964438,-0.003118,0.045316,0.027894,-0.017512585,-0.019542462,-0.012116348,-0.018378042,0.102768255,0.004752403,-0.00949453,0.008746062,1.009894289,-0.051332064,0.037736624,-0.015536554,50130.319850416,51654.865755934,54820.338586583,49484.340570862,-0.067319145,0.034492205,0.400716782,0.026041873,-0.034287446,-0.014881088,-0.001053556,0.003773187,0.010953931,0.319243104,-0.458141202,1.286066996,0.002740851,0.004029032,0.011211542,0.999924119,0.0,0.0,0.5,0.0,0.0,0.0,0.86058265,0.0,3.653275346
1772729815.7536824,-0.068114,0.034238,0.400478,-0.00197454,0.02276702,0.01412794,0.99963902,-0.003308,0.045589,0.028189,-0.017189391,-0.019419696,-0.011271689,-0.011973591,0.018562373,0.025034034,-0.011694043,0.009112268,1.004825624,-0.055072514,0.020399072,-0.008666859,50071.095283523,51579.63454934,54902.772781043,49496.345550637,-0.067493935,0.034308863,0.400600315,0.025574984,-0.03419926,-0.013990968,-0.001214181,0.004539474,0.010434105,0.293506855,-0.473697051,1.278174453,0.002515037,0.004162079,0.011143221,0.999924824,0.0,0.0,0.5,0.0,0.0,0.0,0.86058265,0.0,3.652789637
1772729815.7636824,-0.068272,0.034021,0.400401,-0.0023646,0.02263059,0.01406419,0.99964217,-0.004095,0.045327,0.028044,-0.016030823,-0.020508605,-0.008177999,-0.028495501,-0.046306434,0.030126351,-0.011004394,0.007251326,1.007370291,-0.075188284,0.032553765,-0.00958219,50288.762600221,51221.237668028,54739.89517451,49874.841196984,-0.067669719,0.034122941,0.400482662,0.025116989,-0.034102118,-0.013119166,-0.001336657,0.002568751,0.010529604,0.262330356,-0.485263039,1.273653088,0.002242033,0.004259884,0.011104667,0.999925633,0.0,0.0,0.5,0.0,0.0,0.0,0.86058265,0.0,3.653087374
1772729815.773682,-0.068446,0.033814,0.40033,-0.00242613,0.02226961,0.01416228,0.99964874,-0.004224,0.044607,0.028238,-0.016342809,-0.020115384,-0.007261371,-0.02535064,-0.109481844,0.046070197,-0.007364989,0.009067379,1.01116877,-0.081219807,0.061101648,-0.01567853,49912.031811833,51556.116342991,54938.50966521,49604.71168837,-0.067830458,0.033932421,0.400390555,0.024748778,-0.033995577,-0.012184311,0.002559727,0.003680755,0.015651221,0.218311352,-0.502966349,1.268602367,0.001856401,0.004410019,0.011061936,0.999926227,0.0,0.0,0.5,0.0,0.0,0.0,0.86058265,0.0,3.653385105
1772729815.7836823,-0.068567,0.033651,0.400198,-0.00154,0.02047291,0.01504368,0.99967604,-0.002465,0.04099,0.030044,-0.017341741,-0.020201962,-0.005561116,-0.046877724,-0.09715294,0.045772492,-0.005356936,0.015797488,1.008940885,-0.075187493,0.078999593,-0.017024853,50277.922100955,51426.601432469,54576.495839018,49690.658594816,-0.06804796,0.033674029,0.400289726,0.024295058,-0.033775059,-0.010113633,0.005776371,0.010593614,0.013533716,0.170465568,-0.540773375,1.258782278,0.001435651,0.004735181,0.010977583,0.999926517,0.0,0.0,0.5,0.0,0.0,0.0,0.86058265,0.0,3.65368285
1772729815.7936823,-0.068795,0.033413,0.400225,-0.00275482,0.02120805,0.01483545,0.99966121,-0.004883,0.042496,0.029575,-0.018699455,-0.019263286,-0.005708786,-0.047984998,-0.093960265,0.038792601,-0.008772251,0.023540733,1.004320341,-0.053827645,0.050870196,-0.012839555,49923.666234751,51332.921619441,54799.495929394,49794.536488766,-0.06818315,0.033508214,0.400201916,0.024068054,-0.033490001,-0.008896053,-0.000159163,0.019814163,0.004821202,0.131991144,-0.578855767,1.250333449,0.001096646,0.005063725,0.010905062,0.999926149,0.0,0.0,0.5,0.0,0.0,0.0,0.86058265,0.0,3.653980587
1772729815.8036823,-0.069,0.033213,0.400193,-0.00341573,0.02157621,0.01469922,0.99965331,-0.006201,0.043251,0.029272,-0.018203708,-0.020013461,-0.005463603,-0.032814712,-0.107986359,0.014956917,-0.011616931,0.021590396,1.002141915,-0.025132387,0.039391972,-0.020893518,50318.998453497,51412.213881414,54409.70489623,49739.194983143,-0.06839479,0.033274135,0.400168407,0.023697222,-0.033164487,-0.008067394,-0.001592795,0.020136221,0.001815649,0.097380823,-0.614005834,1.239713951,0.000791783,0.005367072,0.010813618,0.99992583,0.0,0.0,0.5,0.0,0.0,0.0,0.86058265,0.0,3.654278325
1772729815.813682,-0.069119,0.033049,0.400034,-0.00249041,0.01936025,0.01531277,0.9996922,-0.00439,0.038795,0.030547,-0.018191218,-0.021151846,-0.00427244,-0.03961636,-0.074910847,-0.02574652,-0.009957916,0.015315021,0.997394727,0.005953895,0.011472372,-0.027166944,50055.038518556,51934.739943215,54565.087464509,49252.898917058,-0.06861868,0.03302085,0.400111067,0.023345613,-0.032598784,-0.007709026,0.001391064,0.015010652,-0.001943807,0.087229144,-0.634187041,1.224599799,0.000702024,0.005542122,0.010682058,0.999926259,0.0,0.0,0.5,0.0,0.0,0.0,0.86058265,0.0,3.654576055
1772729815.823682,-0.069367,0.032819,0.40008,-0.00359364,0.02042077,0.01484049,0.99967487,-0.006584,0.040946,0.029554,-0.018392461,-0.021170844,-0.005236757,-0.005554745,-0.048016878,-0.050924787,-0.007139914,0.010971291,1.003634578,0.028914789,-0.012770481,-0.018677726,50251.22575664,52148.785670167,54417.271155034,49020.824274243,-0.068818857,0.032819612,0.400038821,0.023081912,-0.032092162,-0.007786008,0.004074879,0.011043448,0.002102435,0.090739187,-0.637451168,1.20936775,0.000733084,0.005570832,0.010548947,0.99992741,0.0,0.0,0.5,0.0,0.0,0.0,0.86058265,0.0,3.654873793
1772729815.8336818,-0.069544,0.032649,0.399936,-0.00269399,0.01911835,0.01460747,0.99970688,-0.004831,0.038314,0.029129,-0.019003573,-0.020542075,-0.005929124,0.017792328,0.036200639,-0.068761853,-0.006529871,0.013174879,0.999337401,0.041145702,0.001200224,-0.019854783,50383.896423452,51690.483379974,54274.56613883,49585.424271381,-0.069071666,0.032579835,0.399969985,0.0227395,-0.031571226,-0.007503643,0.003980227,0.016250897,-0.005075668,0.114020038,-0.634877412,1.190915547,0.000937366,0.005550366,0.010386824,0.999929136,0.0,0.0,0.5,0.0,0.0,0.0,0.86058265,0.0,3.655171524
1772729815.8436816,-0.069641,0.032333,0.399979,-0.00279211,0.019459,0.01397723,0.99970905,-0.005042,0.038995,0.027862,-0.019878379,-0.019549028,-0.00616269,0.030910241,0.132892649,-0.079811618,-0.005919828,0.015378467,0.995040225,0.053376614,0.015170928,-0.021031841,50158.908585557,52014.932259263,54463.242845369,49327.726451529,-0.069289004,0.032263625,0.399922178,0.022573824,-0.031289343,-0.00794093,0.005406409,0.016139426,-0.006051588,0.130712081,-0.653777046,1.174332073,0.001082135,0.005716637,0.010241106,0.999929537,0.0,0.0,0.5,0.0,0.0,0.0,0.86058265,0.0,3.655469254
1772729815.853681,-0.06994,0.032198,0.399917,-0.00340027,0.0214592,0.01358731,0.99967161,-0.006221,0.04301,0.027048,-0.020314025,-0.018580204,-0.005828114,0.041049236,0.207950036,-0.07693564,-0.007162057,0.007127473,0.998594917,0.02066656,0.038457971,-0.031525775,49993.956110502,51840.067045389,54548.268210393,49696.321558337,-0.069584947,0.032020071,0.399837189,0.022211459,-0.030808979,-0.008780503,0.005202713,0.00444387,0.002431258,0.166371089,-0.662813595,1.155733625,0.001393427,0.005798451,0.01007692,0.999930291,0.0,0.0,0.5,0.0,0.0,0.0,0.86058265,0.0,3.655766978
1772729815.8636808,-0.070137,0.03206,0.399745,-0.00227082,0.02187746,0.01349318,0.99966702,-0.003954,0.043816,0.026907,-0.020094444,-0.017762507,-0.00551506,0.045879083,0.224747044,-0.056135065,-0.009245984,-0.002312547,1.004672275,-0.024211019,0.062309329,-0.043382349,50031.255336135,51262.181111607,54434.361471811,50452.933336464,-0.069815835,0.031836597,0.399751851,0.022020772,-0.030449423,-0.008694315,0.0022219,-0.004457386,0.005690177,0.173761824,-0.674941864,1.13549566,0.001457895,0.005904679,0.009899783,0.999931363,0.0,0.0,0.5,0.0,0.0,0.0,0.86058265,0.0,3.656064708
1772729815.8736813,-0.070353,0.031863,0.399783,-0.00293765,0.02444409,0.0128663,0.99961408,-0.00525,0.048964,0.025613,-0.020733664,-0.017673443,-0.003356161,0.003659414,0.262913829,-0.044427054,-0.012655094,0.005909642,1.009205343,-0.042861794,0.062508154,-0.040535906,50244.466598124,51821.295275591,54251.578389087,49832.756983801,-0.070017244,0.031660644,0.39970394,0.02194486,-0.030173457,-0.008010929,-0.001377502,0.001906231,0.00927869,0.155526506,-0.716650218,1.111594147,0.001296478,0.006266789,0.00969165,0.999931562,0.0,0.0,0.5,0.0,0.0,0.0,0.86058265,0.0,3.65636246
1772729815.8836813,-0.070496,0.031706,0.399692,-0.00179155,0.02363742,0.01316616,0.99963229,-0.002963,0.047322,0.02627,-0.020158566,-0.017871559,-0.002081898,-0.029916188,0.238347935,-0.039173537,-0.011194918,0.005274008,1.005299649,-0.02679426,0.044366252,-0.034686815,49828.066684962,52011.700054885,54584.618551043,49575.884193194,-0.070227518,0.031457389,0.399681054,0.021964768,-0.029922361,-0.006865219,-0.001971799,0.005260088,0.007271694,0.138893896,-0.751711418,1.087239801,0.001149758,0.00657108,0.009479645,0.999931782,0.0,0.0,0.5,0.0,0.0,0.0,0.86058265,0.0,3.656660198
1772729815.893681,-0.07072,0.03147,0.399766,-0.00279391,0.0255789,0.0126586,0.99958875,-0.004944,0.05123,0.0252,-0.019386207,-0.019166296,0.000601555,-0.079856165,0.209042576,-0.044918677,-0.008915514,0.003711226,1.002958068,-0.011841229,0.027511221,-0.029451604,49851.602378525,51826.717068751,54537.93183826,49759.666485446,-0.070429792,0.031266332,0.399690274,0.022022722,-0.029691442,-0.005828325,0.003626198,0.002231636,0.003380846,0.119244932,-0.783941029,1.070383592,0.000976637,0.006850547,0.009333372,0.999931548,0.0,0.0,0.5,0.0,0.0,0.0,0.86058265,0.0,3.656957928
1772729815.9036803,-0.070931,0.031293,0.399755,-0.00354842,0.02682864,0.01246712,0.999556,-0.006434,0.053748,0.024771,-0.019943279,-0.018539334,0.00131321,-0.117055285,0.16940635,-0.040324551,-0.004637044,0.001104518,1.005410456,-0.001133858,0.017509299,-0.025647684,49977.992013843,51537.041927326,54422.007320644,50050.291516926,-0.070646452,0.031071949,0.399699002,0.022182605,-0.029352944,-0.004926759,0.008765348,0.001167808,0.00500204,0.112688751,-0.800969661,1.056101582,0.000918912,0.006998493,0.009208983,0.999931654,0.0,0.0,0.5,0.0,0.0,0.0,0.86058265,0.0,3.657255644
1772729815.9136798,-0.07113,0.031129,0.399747,-0.00405878,0.02772858,0.01240429,0.99953028,-0.007437,0.05556,0.024612,-0.019943007,-0.017561924,0.00095814,-0.111183282,0.102484888,-0.033967358,-0.004774033,0.013512958,1.007468614,0.003029949,0.031102246,-0.017988125,50014.702302632,52059.247807018,54397.186951754,49354.764802632,-0.070888358,0.030856899,0.399710169,0.022419271,-0.02892977,-0.003928628,0.009614726,0.013008769,0.007201144,0.107472785,-0.825020604,1.038857454,0.000872547,0.007207812,0.009058617,0.999931633,0.0,0.0,0.5,0.0,0.0,0.0,0.86058265,0.0,3.657553368
1772729815.9236798,-0.071313,0.030948,0.399768,-0.00471312,0.02802851,0.01200751,0.99952389,-0.008763,0.056173,0.023779,-0.019790151,-0.016761632,0.001554663,-0.10442989,0.061938674,-0.040252173,-0.008818167,0.018901991,1.007684271,0.028762179,0.017813092,-0.004663112,50293.111818433,52260.007473014,54242.947412123,48918.815112095,-0.071114772,0.030669408,0.399732901,0.022652607,-0.028505928,-0.002872349,0.007124889,0.021120586,0.009358216,0.111904173,-0.840895702,1.031588275,0.000910423,0.00734663,0.008994762,0.999931119,0.0,0.0,0.5,0.0,0.0,0.0,0.86058265,0.0,3.657851106
1772729815.9336796,-0.071527,0.030789,0.399785,-0.00483011,0.02765306,0.01199013,0.999534,-0.009007,0.055425,0.023741,-0.018722298,-0.015962603,0.001518222,-0.042618452,-0.020458885,-0.030386279,-0.009920567,0.013270916,1.005278451,0.037045437,0.01646278,0.0004556,50300.657431497,51975.015471907,54229.017049543,49134.735732079,-0.071322918,0.030485579,0.399757402,0.022996808,-0.028065546,-0.001644227,0.002299425,0.008676314,0.008417232,0.128763494,-0.856218109,1.030023208,0.001056434,0.007481645,0.008979861,0.999930086,0.0,0.0,0.5,0.0,0.0,0.0,0.86058265,0.0,3.658064604
1772729815.9436796,-0.071687,0.030631,0.399789,-0.00496314,0.0272618,0.01204046,0.99954349,-0.009279,0.054645,0.023837,-0.018375445,-0.016083135,0.002764688,-0.010379006,-0.046355205,-0.030870275,-0.0095991,0.005861015,1.002477797,0.037146886,0.022701394,0.002461674,50193.323410511,51892.140022051,54269.422271224,49193.564498346,-0.071535612,0.030305648,0.399805138,0.023320032,-0.027670218,-0.000738003,0.005149616,0.002557381,0.004101617,0.154189516,-0.866124097,1.032727543,0.001277346,0.007570108,0.009001679,0.999929086,0.0,0.0,0.5,0.0,0.0,0.0,0.86058265,0.0,3.658064604
1772729815.9536798,-0.071893,0.030467,0.399847,-0.00522826,0.02751841,0.0116566,0.99953966,-0.009825,0.055161,0.023052,-0.01832931,-0.01595392,0.003437494,0.016046325,-0.049595891,-0.029963768,-0.006619054,0.019677581,0.999787605,0.034134488,-0.012597247,0.007651611,50089.862788355,51928.895352741,54327.913721164,49133.063642032,-0.071708481,0.03015398,0.399843975,0.023640524,-0.0273731,-0.000288055,0.006929079,0.015307072,-0.000267683,0.175787525,-0.873410127,1.034255572,0.001465135,0.007635401,0.009013483,0.999928192,0.0,0.0,0.5,0.0,0.0,0.0,0.86058265,0.0,3.658064604
1772729815.96368,-0.072066,0.030317,0.39986,-0.00497814,0.02731988,0.01142122,0.9995491,-0.009342,0.054756,0.022596,-0.018262333,-0.015475636,0.003692486,0.042727934,-0.042888905,-0.023299301,-0.00593847,0.024068823,0.99904085,0.022344607,-0.010405526,0.002581956,49946.584476171,51711.268007239,54469.528855821,49311.999276091,-0.071878556,0.030006318,0.399882815,0.023946818,-0.02709783,8.3357e-05,0.007861146,0.02079627,-0.000595302,0.194100844,-0.869368037,1.036357531,0.001625118,0.007601601,0.009030674,0.999927968,0.0,0.0,0.5,0.0,0.0,0.0,0.86058265,0.0,3.658064604
1772729815.97368,-0.072235,0.030154,0.399919,-0.00439398,0.02695564,0.01148107,0.99956104,-0.008177,0.054015,0.02275,-0.017911148,-0.015141992,0.004318885,0.057910311,-0.042037367,-0.01722239,-0.004963086,0.017088967,0.998537584,-0.007856041,-0.008186946,0.003170647,49606.978834445,51449.713830096,54714.557407944,49607.60771238,-0.072039477,0.029871935,0.399921872,0.024207587,-0.026887011,0.000238247,0.009580652,0.014063147,-0.000450858,0.202688999,-0.864372856,1.03906832,0.001700274,0.007558728,0.009053836,0.999928015,0.0,0.0,0.5,0.0,0.0,0.0,0.86058265,0.0,3.658064604
1772729815.9836802,-0.072429,0.030002,0.399956,-0.00439653,0.02656005,0.01143274,0.99957217,-0.008194,0.053223,0.022656,-0.018163459,-0.014792205,0.005123237,0.057782262,-0.04802629,-0.006372057,-0.004383743,0.008148215,0.998886743,-0.041858382,-0.000399408,-0.001648571,49510.710382514,51318.128415301,54740.285519126,49774.733606557,-0.07219127,0.029751527,0.399962122,0.024427413,-0.026707566,0.000365908,0.011571518,0.005967292,-0.002019475,0.193113474,-0.864196354,1.040459825,0.00161664,0.007556452,0.009066613,0.999928024,0.0,0.0,0.5,0.0,0.0,0.0,0.86058265,0.0,3.658064604
1772729815.9936805,-0.072618,0.02986,0.400009,-0.00414225,0.02662339,0.0112991,0.99957309,-0.00769,0.053343,0.022402,-0.017908389,-0.014144283,0.005295324,0.045207657,-0.047513415,0.008870061,-0.008673513,0.008830812,1.002383673,-0.061971635,0.005973861,-0.000798952,49599.720940103,51443.855827895,54642.930221762,49639.548822219,-0.072393467,0.029593665,0.400017392,0.024759772,-0.026427186,0.000364176,0.006866963,0.010924147,0.001303343,0.163147457,-0.867766505,1.039954835,0.001354906,0.007585228,0.009064138,0.999928236,0.0,0.0,0.5,0.0,0.0,0.0,0.86058265,0.0,3.658064604
1772729816.0036805,-0.072784,0.029735,0.40005,-0.00370736,0.02628025,0.01148563,0.99958175,-0.006817,0.052648,0.0228,-0.018111556,-0.013615262,0.005740215,0.025724555,-0.030976443,0.022681605,-0.01524933,0.023700918,1.005909128,-0.055359202,0.011865215,0.001973835,49746.441524066,51373.405256681,54516.019433932,49677.819452506,-0.072570825,0.02944889,0.400087624,0.025054573,-0.026168787,0.000906003,-0.000549982,0.021160668,0.006769934,0.124964307,-0.871271914,1.039463118,0.001021474,0.007612791,0.009062335,0.99992839,0.0,0.0,0.5,0.0,0.0,0.0,0.86058265,0.0,3.658064604
1772729816.0136807,-0.072954,0.029585,0.400138,-0.00373198,0.0261038,0.01155532,0.99958548,-0.006867,0.052296,0.02294,-0.017940266,-0.013462581,0.005958028,0.004701422,-0.023676764,0.025876214,-0.020782288,0.026285396,1.002840188,-0.051721065,0.044105064,0.011792964,49884.606106467,51112.125444412,54460.230878255,49819.658547132,-0.072754932,0.029313479,0.400154578,0.025304526,-0.025847277,0.001602568,-0.006056123,0.025288498,0.00338873,0.093677033,-0.884660113,1.041618327,0.000747252,0.007727154,0.009083131,0.999927813,0.0,0.0,0.5,0.0,0.0,0.0,0.86058265,0.0,3.658064604
1772729816.0236807,-0.073157,0.029449,0.400202,-0.0039834,0.02607393,0.01160457,0.99958472,-0.007368,0.052242,0.023025,-0.017572997,-0.01318018,0.006520636,-0.011769975,-0.0256444,0.028561657,-0.016689334,0.017324908,1.00396155,-0.055111009,0.048584284,0.014102331,49960.620467139,51455.207874494,54473.864581141,49304.580510159,-0.072923981,0.029191831,0.400209857,0.025584687,-0.025449728,0.002022398,0.0010387,0.017383607,0.0075416,0.062241805,-0.911419293,1.049227756,0.000470294,0.007958192,0.009151504,0.999925581,0.0,0.0,0.5,0.0,0.0,0.0,0.86058265,0.0,3.658064604
1772729816.0336819,-0.073314,0.029339,0.400234,-0.00382569,0.02597402,0.01197184,0.99958361,-0.007036,0.052041,0.023769,-0.01725563,-0.01287103,0.007137633,-0.035521328,-0.034684353,0.026869077,-0.01102302,0.017105811,1.0124043,-0.008601351,0.045027178,0.022454912,50451.61196277,51781.463728442,54076.348206953,48850.535450315,-0.073102572,0.029057445,0.400289247,0.025896117,-0.0250251,0.002554886,0.009532349,0.008191827,0.012645069,0.045023922,-0.939836282,1.059433127,0.000317048,0.008204815,0.009241628,0.999922884,0.0,0.0,0.5,0.0,0.0,0.0,0.86058265,0.0,3.658457401
1772729816.0436819,-0.073497,0.029196,0.400326,-0.00397816,0.0258624,0.01217686,0.99958343,-0.007333,0.051823,0.024173,-0.016739313,-0.01241392,0.008127183,-0.047126087,-0.025299002,0.023076614,-0.005507184,0.018260831,1.021546432,0.044383245,0.041774437,0.031938205,50575.8812,51380.360711111,53998.415955556,49073.315333333,-0.073281848,0.028919223,0.400388487,0.026322304,-0.024509632,0.00423315,0.01139863,0.015773063,0.021999558,0.052149162,-0.969844684,1.0732788,0.000375772,0.008467294,0.009361781,0.99991967,0.0,0.0,0.5,0.0,0.0,0.0,0.86058265,0.0,3.659475827
1772729816.0536811,-0.073653,0.029061,0.400417,-0.00443094,0.0256457,0.01191121,0.99959031,-0.008258,0.051399,0.023619,-0.01584378,-0.011992261,0.009122483,-0.03580201,-0.010613003,0.025555803,-0.005634787,0.015917046,1.01074707,0.063528149,0.056865738,0.029696464,50535.343231994,51141.078718691,53964.845702602,49205.063432563,-0.073422622,0.028820098,0.400480559,0.026730818,-0.024041002,0.006125612,0.011447654,0.01710581,0.012883265,0.077351415,-1.002176872,1.09051386,0.000591723,0.008751578,0.009510084,0.999915685,0.0,0.0,0.5,0.0,0.0,0.0,0.86058265,0.0,3.660494181
1772729816.0636806,-0.073806,0.028971,0.400509,-0.00449869,0.02552431,0.01219134,0.99958974,-0.008382,0.05116,0.024177,-0.01522517,-0.011916212,0.010817163,-0.029375387,0.030880675,0.020927795,-0.003282214,0.012626429,1.001890511,0.079470348,0.049159892,0.029439253,50313.271508061,51490.153279117,54094.258524754,48725.422884862,-0.073580528,0.028697904,0.400604355,0.027263273,-0.023564349,0.007582813,0.011436913,0.012825735,0.003573415,0.123219604,-1.030487603,1.108665136,0.00098819,0.009002581,0.00966468,0.999911719,0.0,0.0,0.5,0.0,0.0,0.0,0.86058265,0.0,3.661512559
1772729816.0736809,-0.073955,0.028842,0.400623,-0.00463253,0.02557954,0.01239524,0.99958521,-0.008639,0.051275,0.024578,-0.01453156,-0.011664055,0.011223748,-0.005817491,0.065348052,0.015540372,-0.001511482,0.007711321,1.000639175,0.063796106,0.046930656,0.030010125,50243.860614725,51317.932952109,54118.172980701,48869.41343817,-0.073720702,0.028587529,0.400721584,0.027809049,-0.023183234,0.008055377,0.016135117,0.004240893,-0.000268013,0.169339308,-1.057990786,1.125748212,0.001386919,0.009246663,0.009809743,0.999907739,0.0,0.0,0.5,0.0,0.0,0.0,0.86058265,0.0,3.662531009
1772729816.0836809,-0.074098,0.02873,0.400737,-0.0044961,0.02622211,0.01252484,0.99956756,-0.008343,0.052558,0.02484,-0.013418874,-0.010825496,0.010188627,0.055695251,0.057861689,0.029028377,-0.008062303,0.020887434,0.997251695,0.037702471,0.008958652,0.018804499,49926.216576949,51452.761300789,54349.378438168,48681.892633287,-0.073855978,0.028475338,0.400836555,0.028410052,-0.022894199,0.008223293,0.011523497,0.015586241,-0.001986002,0.200120302,-1.078954789,1.140461021,0.001652504,0.009432433,0.00993532,0.999904046,0.0,0.0,0.5,0.0,0.0,0.0,0.86058265,0.0,3.663549436
1772729816.093681,-0.074231,0.028612,0.400843,-0.00400925,0.02660237,0.01263863,0.99955815,-0.007353,0.053308,0.025091,-0.012445156,-0.010065317,0.008688528,0.143449098,-0.019362309,0.056320314,-0.012155711,0.038738332,0.993972756,0.032694357,-0.027451312,0.017872134,49802.721093922,51393.772368453,54377.28486937,48787.390913312,-0.073986992,0.028367308,0.400945403,0.029089442,-0.02264411,0.008081614,0.006890045,0.035730601,-0.00651998,0.224133837,-1.078134456,1.152625236,0.001861117,0.009427553,0.010039512,0.999902452,0.0,0.0,0.5,0.0,0.0,0.0,0.86058265,0.0,3.664567886
1772729816.1036816,-0.074365,0.028509,0.400957,-0.00375119,0.02697371,0.0126288,0.99954933,-0.006828,0.054044,0.025083,-0.012005373,-0.010149602,0.008823202,0.187612448,-0.082321946,0.058577439,-0.013866847,0.04104163,0.995175181,0.011860043,-0.022085833,0.010972874,49911.341143951,50864.88790134,54210.587539868,49471.401530938,-0.074095699,0.028274974,0.401019155,0.029763422,-0.022435755,0.007490797,0.003983551,0.038399528,-0.00527139,0.23682092,-1.069217459,1.159501811,0.001972044,0.009350971,0.010098636,0.999902304,0.0,0.0,0.5,0.0,0.0,0.0,0.86058265,0.0,3.665586361
1772729816.1136813,-0.074457,0.028422,0.400994,-0.0023914,0.02601187,0.01295525,0.99957482,-0.004112,0.052087,0.025813,-0.012233326,-0.010222115,0.010389326,0.176903476,-0.093955524,0.050374469,-0.011545026,0.028312566,0.9954191,-0.012118966,-0.007443223,0.005078423,49968.769028871,50754.195538058,54171.381889764,49571.202099738,-0.07419307,0.028198684,0.401088425,0.030293519,-0.022289696,0.007020898,0.006466403,0.025048326,-0.004048515,0.235576127,-1.061933944,1.163749783,0.001961482,0.009287378,0.01013594,0.999902506,0.0,0.0,0.5,0.0,0.0,0.0,0.86058265,0.0,3.666604763
1772729816.123682,-0.07458,0.028343,0.401079,-0.00093138,0.02476969,0.01359882,0.99960025,-0.00119,0.049565,0.027177,-0.012904907,-0.010545892,0.012543213,0.114125225,-0.058833381,0.030478219,-0.007296923,0.016599836,1.000628299,-0.035321382,0.00276118,-0.000355801,49871.546785304,50934.770378875,54197.604477612,49410.901836969,-0.074303827,0.028102825,0.401189913,0.030812866,-0.022204149,0.006751983,0.010813009,0.012355459,0.000282277,0.223819621,-1.05875325,1.166490448,0.001858958,0.009258628,0.010160866,0.999902754,0.0,0.0,0.5,0.0,0.0,0.0,0.86058265,0.0,3.667623263
1772729816.1336815,-0.074708,0.028226,0.401215,-0.00013449,0.0239584,0.01384847,0.99961702,0.000395,0.047921,0.027715,-0.013500129,-0.010665472,0.014847605,0.017407629,0.027677601,-0.004238559,-0.006760457,0.013727777,1.003418687,-0.042376987,0.020876908,-0.003231124,49884.253747289,50843.815282562,54075.885157546,49570.073255517,-0.074396883,0.028016364,0.401310684,0.031144204,-0.02218692,0.006985091,0.011551916,0.008437897,0.002203961,0.207563853,-1.061558804,1.166243868,0.001716884,0.009281665,0.010159984,0.999902833,0.0,0.0,0.5,0.0,0.0,0.0,0.86058265,0.0,3.668621778
1772729816.1436815,-0.074873,0.028069,0.401467,-0.00140111,0.02582324,0.01310369,0.99957966,-0.002127,0.051685,0.026162,-0.01381769,-0.010894338,0.016864332,-0.093057724,0.141795125,-0.0526269,-0.010028671,0.017094725,1.002357751,-0.034345497,0.046271363,-0.0051025,49930.927952517,50779.838488866,54032.952127199,49532.425526384,-0.074506693,0.027925033,0.401449594,0.031562389,-0.022097722,0.00747745,0.00875387,0.010640631,0.001714017,0.19077981,-1.068434117,1.162916301,0.001570089,0.009340123,0.010132201,0.999902844,0.0,0.0,0.5,0.0,0.0,0.0,0.86058265,0.0,3.668621778
1772729816.1536825,-0.075005,0.02799,0.401614,-0.00216043,0.02688475,0.01287992,0.99955323,-0.003632,0.053827,0.025672,-0.012492009,-0.010276797,0.016156756,-0.138770609,0.174444175,-0.067004039,-0.01770514,0.021702258,0.996131219,-0.004260367,0.072241691,-0.012780354,50003.825744347,50873.115983882,53912.045310051,49407.219453772,-0.074623145,0.02783587,0.40159197,0.032054672,-0.021919328,0.007946345,0.001597795,0.018078179,-0.001687405,0.179818885,-1.092643118,1.161236738,0.00147244,0.009550376,0.010118088,0.999901339,0.0,0.0,0.5,0.0,0.0,0.0,0.86058265,0.0,3.668621778
1772729816.1636827,-0.075122,0.027907,0.401736,-0.00269741,0.02733944,0.01273369,0.99954146,-0.004703,0.05475,0.025349,-0.010442939,-0.009218735,0.014280744,-0.110826163,0.135248395,-0.049986033,-0.016976428,0.008984258,1.003171497,0.037741491,0.074574744,-0.011735159,50116.590755199,51056.443377323,53753.143715885,49220.277689491,-0.074730031,0.027750362,0.401729185,0.032604766,-0.021689961,0.008108139,0.003783678,0.008020374,0.001314436,0.182356374,-1.132389131,1.15659784,0.001491465,0.009897353,0.010076805,0.999898466,0.0,0.0,0.5,0.0,0.0,0.0,0.86058265,0.0,3.668621778
1772729816.1736832,-0.075216,0.027811,0.40189,-0.00334554,0.02812997,0.0123289,0.99952264,-0.006004,0.056345,0.024499,-0.008861275,-0.008407079,0.012844029,-0.041793159,0.065683796,-0.01493001,-0.011107033,-0.004248434,1.007582472,0.064442121,0.075186734,-0.008292902,50171.63194636,50971.236351291,53642.752827346,49300.56073755,-0.074821618,0.027664885,0.401864755,0.033235304,-0.02145865,0.008376593,0.008724812,-0.006024286,0.010090706,0.204323838,-1.173304172,1.152539907,0.0016799,0.010256238,0.010038807,0.999895012,0.0,0.0,0.5,0.0,0.0,0.0,0.86058265,0.0,3.668621778
1772729816.1836836,-0.075297,0.027713,0.402019,-0.00350457,0.02847629,0.01219211,0.99951397,-0.006322,0.057041,0.024215,-0.0077712,-0.008724795,0.01334401,0.011945927,0.035587117,0.008093089,-0.007310613,0.004441055,1.009269493,0.051201328,0.098329723,-0.015679455,50086.376999485,50871.618825189,53610.064040724,49426.639701817,-0.074891693,0.027588091,0.401979043,0.033907945,-0.021258721,0.009111725,0.014452101,0.000120235,0.009655396,0.229085078,-1.214350357,1.147588247,0.001892813,0.010616481,0.009992625,0.999891379,0.0,0.0,0.5,0.0,0.0,0.0,0.86058265,0.0,3.668621778
1772729816.1936839,-0.075321,0.027654,0.402074,-0.00216255,0.02697734,0.0130183,0.99954893,-0.003626,0.054013,0.025949,-0.006764245,-0.009559197,0.014518351,0.047881323,0.043561801,0.019505326,-0.00384156,0.015376573,1.006516424,0.048365531,0.083090395,-0.018574109,49903.507742844,51150.379868606,53674.625762553,49138.411543876,-0.074935519,0.027524786,0.402064945,0.03468697,-0.021065685,0.009814939,0.018153997,0.011832744,0.00629632,0.251930895,-1.258683137,1.140039629,0.002089003,0.011005169,0.009923758,0.999887523,0.0,0.0,0.5,0.0,0.0,0.0,0.86058265,0.0,3.668621778
1772729816.2036843,-0.075437,0.027547,0.402307,-0.00250437,0.0281881,0.01274161,0.99951829,-0.004295,0.056443,0.025373,-0.00602013,-0.009603156,0.014990923,0.074143057,0.042477449,0.022870536,-0.001355263,0.018874105,0.998347376,0.044846506,0.044855171,-0.020728897,49701.169225811,51296.681162089,53746.29192661,48963.585372591,-0.075015099,0.027434685,0.402236632,0.035580854,-0.020935073,0.010781939,0.02118464,0.016410423,-0.001959318,0.274898318,-1.299364489,1.128968125,0.002286961,0.011361908,0.009824064,0.999883823,0.0,0.0,0.5,0.0,0.0,0.0,0.86058265,0.0,3.668621778
1772729816.2136843,-0.075511,0.027436,0.402468,-0.00245587,0.02892544,0.0126288,0.99949877,-0.004186,0.057916,0.025148,-0.005895713,-0.009329516,0.015717633,0.085400532,0.03558614,0.021635262,-0.003552199,0.010638942,0.991893098,0.037115064,-0.001445776,-0.023221158,49599.464578142,51449.8416993,53819.392642696,48754.670677584,-0.075084907,0.027338357,0.402399793,0.036503897,-0.020878192,0.01082816,0.019408854,0.007190161,-0.007407877,0.296792042,-1.317184741,1.117008131,0.002477658,0.011519021,0.009717126,0.99988232,0.0,0.0,0.5,0.0,0.0,0.0,0.86058265,0.0,3.668621778
1772729816.2236843,-0.075549,0.027331,0.402643,-0.00227303,0.02952312,0.0126573,0.99948137,-0.003803,0.059108,0.025214,-0.006076094,-0.009563723,0.017464139,0.052982165,0.050094563,-0.008721218,-0.005807288,0.009864118,0.99239259,0.023529167,-0.061472946,-0.022097343,49230.989670214,51834.085993673,54087.616863196,48360.956284153,-0.075135797,0.027236266,0.402569639,0.037542044,-0.02086484,0.010221244,0.017247318,0.004349614,-0.006283181,0.313611837,-1.306966196,1.105231051,0.00262646,0.011431014,0.009612935,0.99988355,0.0,0.0,0.5,0.0,0.0,0.0,0.86058265,0.0,3.668621778
1772729816.2336843,-0.075566,0.027259,0.402731,-0.00102904,0.02842217,0.01300511,0.99951087,-0.00132,0.056874,0.025984,-0.005823374,-0.009359527,0.017420763,0.032866102,0.029925405,-0.032528088,-0.005608015,0.020526248,0.993687178,0.003650507,-0.086369558,-0.020401795,49109.422513089,51501.862789828,54153.147083022,48790.525168287,-0.075165012,0.027147578,0.402698274,0.038624655,-0.020853101,0.009615044,0.017730626,0.012472135,-0.005763583,0.323467979,-1.268462267,1.092300769,0.002716962,0.011095564,0.009500103,0.999887832,0.0,0.0,0.5,0.0,0.0,0.0,0.86058265,0.0,3.668621778
1772729816.2436843,-0.075652,0.027179,0.402932,-0.0011641,0.02845883,0.0125821,0.9995151,-0.001614,0.05695,0.025129,-0.004215699,-0.008207778,0.014851898,0.067033873,-0.093376198,-0.01910783,-0.006159996,0.024522568,0.993600317,-0.016497833,-0.080247788,-0.020396972,48988.644240838,51374.02604712,54255.887041885,48885.422382199,-0.075205688,0.027080554,0.402825783,0.039363256,-0.020851285,0.009377667,0.012230574,0.027383094,-0.009147138,0.320974972,-1.222263549,1.080417148,0.002700174,0.010691964,0.009397811,0.999892555,0.0,0.0,0.5,0.0,0.0,0.0,0.86058265,0.0,3.668687649
1772729816.2536852,-0.075722,0.02709,0.40314,-0.00114167,0.0284485,0.01255329,0.99951578,-0.001571,0.056929,0.025073,-0.003894914,-0.007621142,0.015055084,0.06728779,-0.189540825,-0.017065934,-0.00777782,0.0206356,0.994261987,-0.036134792,-0.075786862,-0.020738442,48924.061564598,51206.170347599,54307.841005312,49058.656311517,-0.075260343,0.026996919,0.402999611,0.040163581,-0.020859403,0.008912392,0.008008921,0.027649782,-0.00961138,0.308417103,-1.177220758,1.070296178,0.002595227,0.010297673,0.009311765,0.999898535,0.0,0.0,0.5,0.0,0.0,0.0,0.86058265,0.0,3.669121412
1772729816.2636855,-0.075757,0.026979,0.403316,-0.00159723,0.02821149,0.01190394,0.99952982,-0.002525,0.056464,0.023747,-0.0034224,-0.0076347,0.015638185,0.048472412,-0.255784717,-0.016332203,-0.009608996,0.016330003,0.995852799,-0.041895041,-0.065221797,-0.021205891,49227.879708356,51418.719441397,53960.775804535,48944.320008228,-0.075308214,0.026898355,0.40318397,0.040928353,-0.0208892,0.008394434,0.013162312,0.008375125,-0.002585588,0.284051789,-1.130889021,1.059373243,0.002387351,0.009891184,0.009219688,0.99990406,0.0,0.0,0.5,0.0,0.0,0.0,0.86058265,0.0,3.669555144
1772729816.273686,-0.07575,0.026941,0.403362,-0.00047799,0.02608473,0.01221749,0.99958496,-0.000319,0.052183,0.024436,-0.002763639,-0.007572365,0.016824084,0.013156895,-0.27754552,-0.016590086,-0.011900629,0.011120795,0.999447743,-0.017728874,-0.041490254,-0.021945121,49570.761535257,51502.646495157,53689.834288095,48817.791063431,-0.075328943,0.026823429,0.403308558,0.041627474,-0.020829856,0.008176539,0.013514659,-0.000390967,0.002447342,0.265651206,-1.097225783,1.04440442,0.002230769,0.009595671,0.009091374,0.99990896,0.0,0.0,0.5,0.0,0.0,0.0,0.86058265,0.0,3.669988887
1772729816.2836857,-0.075741,0.026883,0.403493,0.00034678,0.02319271,0.0125932,0.99965163,0.001279,0.046377,0.025224,-0.001744737,-0.007668869,0.017477911,-0.02760755,-0.251941236,-0.017335799,-0.014192097,0.00591196,1.00304243,0.006435565,-0.017760408,-0.022684298,49590.817015008,51523.990256094,53624.490020647,48816.408507504,-0.075332154,0.026781692,0.403383582,0.042053353,-0.02075823,0.008299399,0.007644547,-0.000924725,0.003602154,0.262252452,-1.087797318,1.037769798,0.002202413,0.009513002,0.00903396,0.999910313,0.0,0.0,0.5,0.0,0.0,0.0,0.86058265,0.0,3.670422598
1772729816.2936857,-0.075822,0.026777,0.403805,-0.00064188,0.02280852,0.01222757,0.99966487,-0.000726,0.045633,0.024446,-0.001269193,-0.00806918,0.018667131,-0.077437924,-0.146222087,-0.0284261,-0.014858887,0.00898906,1.000638047,0.019878866,0.005209889,-0.020897238,49597.907028411,51543.741007715,53566.75705437,48819.953514205,-0.075331694,0.026748849,0.40344729,0.04238593,-0.020693206,0.00851237,0.004369653,0.005027846,0.001916268,0.262394217,-1.080246308,1.029439788,0.002204938,0.009446961,0.008961421,0.999911622,0.0,0.0,0.5,0.0,0.0,0.0,0.86058265,0.0,3.67085632
1772729816.3036857,-0.075826,0.026684,0.403978,-0.00151731,0.02298921,0.01185464,0.99966427,-0.002491,0.046015,0.023659,-0.000564977,-0.008930506,0.018913557,-0.11091549,-0.009340466,-0.030283871,-0.01394682,0.007953169,0.998896696,0.040796331,0.018773256,-0.019031536,49718.355195987,51644.142872997,53396.951480446,48664.732609757,-0.075360822,0.026679733,0.403624983,0.042769586,-0.020630763,0.00911882,0.0049753,0.002465604,-0.000980995,0.270825989,-1.078359162,1.018061207,0.002279599,0.009430927,0.008861474,0.999912664,0.0,0.0,0.5,0.0,0.0,0.0,0.86058265,0.0,3.671290042
1772729816.313686,-0.075826,0.026614,0.404157,-0.0022194,0.02329576,0.01163419,0.99965846,-0.003899,0.046644,0.023184,0.000277409,-0.00977532,0.01772053,-0.120901171,0.120049318,-0.035447874,-0.010162848,0.009632941,0.998871396,0.059031963,0.030918007,-0.017805998,50120.486821259,51116.084095492,53073.221662106,49158.967935331,-0.075380952,0.026608563,0.403793507,0.043149027,-0.020579828,0.009413702,0.008613186,0.004197882,-0.001644583,0.289888716,-1.089718822,1.007119553,0.002445965,0.009531291,0.008764172,0.999912264,0.0,0.0,0.5,0.0,0.0,0.0,0.86058265,0.0,3.671723774
1772729816.323686,-0.07579,0.026501,0.404298,-0.00269208,0.02418233,0.0115988,0.99963665,-0.004827,0.048428,0.023088,0.001502488,-0.009505584,0.014093118,-0.065525268,0.163325179,-0.009731148,-0.004697264,0.024647434,0.999501016,0.05617305,0.055888403,-0.017856451,50142.91583815,51162.194450867,53070.963699422,49024.665741811,-0.07539124,0.026542034,0.403948744,0.043548023,-0.020530166,0.009661927,0.012409223,0.017297936,-0.000121115,0.313216402,-1.110168554,0.998618836,0.002648671,0.009711316,0.00868754,0.999910876,0.0,0.0,0.5,0.0,0.0,0.0,0.86058265,0.0,3.672157496
1772729816.3336864,-0.075773,0.02641,0.404421,-0.00233518,0.02474241,0.01177778,0.99962175,-0.004091,0.049541,0.023462,0.002017154,-0.00953511,0.012025711,0.002784432,0.139981656,0.018598457,-0.00438594,0.030750847,0.99452144,0.05370987,0.037968574,-0.020433516,49885.718598117,51558.825072288,53266.697742141,48553.933269077,-0.075391929,0.026475083,0.404098553,0.044001098,-0.020495425,0.009964405,0.015154161,0.032522676,-0.002460513,0.344168417,-1.12807465,0.991549525,0.002917994,0.009869727,0.008622747,0.999909097,0.0,0.0,0.5,0.0,0.0,0.0,0.86058265,0.0,3.672591238
1772729816.3436863,-0.075754,0.026305,0.404537,-0.00249009,0.02542864,0.01185246,0.99960327,-0.004381,0.050918,0.023602,0.001433082,-0.009794862,0.012142805,0.038352776,0.122307359,0.019173462,-0.004074632,0.036853968,0.989542102,0.051246807,0.020049599,-0.023010458,49591.080149388,51653.955281373,53424.113057761,48520.789077471,-0.07537714,0.026395274,0.404236984,0.044543488,-0.020524817,0.010062822,0.016196811,0.033651578,-0.008713601,0.376038904,-1.14384443,0.983927685,0.003195563,0.010009517,0.008553037,0.999907432,0.0,0.0,0.5,0.0,0.0,0.0,0.86058265,0.0,3.67302496
1772729816.3536863,-0.075749,0.026219,0.404666,-0.00239814,0.02639864,0.01184773,0.99957841,-0.004175,0.052856,0.023594,0.00196832,-0.009970134,0.011759452,0.04984929,0.103082384,0.010468156,-0.00436299,0.028978708,0.987908479,0.033233723,0.000694916,-0.02120334,49098.183058934,51192.223065191,53711.157952368,49203.955926636,-0.075360706,0.026320493,0.404350872,0.045070789,-0.020598429,0.00958873,0.015111396,0.02198076,-0.012540744,0.398306723,-1.156864826,0.973377178,0.003389819,0.010124485,0.008458634,0.999906211,0.0,0.0,0.5,0.0,0.0,0.0,0.86058265,0.0,3.673458682
1772729816.3636863,-0.075709,0.026128,0.404753,-0.00194745,0.02673466,0.01204304,0.99956812,-0.003254,0.053519,0.024008,0.003893477,-0.010041288,0.01097907,0.043369281,0.11297081,-0.004614141,-0.006764678,0.020561808,0.987168738,0.008071635,0.021564701,-0.017771861,44777.370991166,54809.203171186,56598.985681822,45637.554632904,-0.075342095,0.026233473,0.404466406,0.04567819,-0.020724745,0.008729769,0.015526261,0.009242228,-0.012642587,0.406739049,-1.161495422,0.959930339,0.003464244,0.010165108,0.008340409,0.999906391,0.307446549,0.003188267,0.500106274,0.0,0.0,0.0,0.86058265,0.0,3.673892403
1772729816.3736863,-0.075674,0.026006,0.404903,-0.00178327,0.02749891,0.0118791,0.99954966,-0.002916,0.055043,0.023688,0.007733982,-0.010173281,0.009675534,0.016059597,0.202471071,-0.010884924,-0.011376417,0.023427288,0.984713645,-0.012977721,0.095512938,-0.016004106,42993.388997108,56167.33309722,58115.742311552,44018.801546544,-0.075322823,0.026142738,0.404582439,0.046309914,-0.020867066,0.007753934,0.01363495,0.006673966,-0.012021535,0.411839093,-1.154464929,0.949524438,0.00351018,0.010103815,0.008249381,0.999907659,0.766940227,0.007953284,0.500265105,0.0,0.0,0.0,0.86058265,0.0,3.666907982
1772729816.383686,-0.07557,0.025922,0.404969,-0.00177179,0.02885095,0.0116329,0.99951446,-0.002875,0.057747,0.023193,0.013403684,-0.009684061,0.007012516,-0.011405576,0.403755533,-0.004922284,-0.015938929,0.024163353,0.983242817,-0.033207128,0.219469448,-0.012915336,43723.445650502,56264.127243963,58104.347322625,43440.089868383,-0.075296339,0.026053325,0.404684488,0.046947497,-0.0210153,0.006732901,0.00414831,0.017354454,-0.014956868,0.401195708,-1.191993577,0.944152507,0.003415073,0.010430358,0.008202273,0.999905452,0.999869496,0.015347673,0.500511596,0.0,0.0,0.0,0.86058265,0.0,3.659784999
1772729816.3936856,-0.075388,0.025819,0.40502,-0.00213828,0.03138703,0.0117237,0.99943626,-0.003545,0.06283,0.023348,0.019519638,-0.007965742,0.003279976,-0.06262808,0.753906841,-0.007079118,-0.0186766,0.01383816,0.993348669,-0.048376562,0.663128542,-0.009641265,44587.530923695,56485.172690763,58098.627041499,42912.062115127,-0.075258418,0.025941447,0.40480543,0.047696511,-0.021209067,0.005208007,0.002952759,0.007707354,-0.007560098,0.380125113,-1.416622857,0.938171564,0.003215646,0.012388732,0.008145387,0.999888137,0.999647483,0.026112357,0.500870502,0.0,0.0,0.0,0.86058265,0.0,3.652662187
1772729816.4036856,-0.075134,0.025737,0.405017,-0.00253916,0.03621354,0.01159667,0.99927356,-0.004246,0.072497,0.023055,0.029240354,-0.00624954,-0.002047749,-0.118512396,1.254440355,-0.019420055,-0.017752638,0.00773728,1.006211106,-0.075940433,1.23597423,-0.022435334,45035.774126702,56545.669330965,58293.809946714,42907.316459443,-0.075200482,0.025848048,0.404896103,0.04860478,-0.021341908,0.004648341,0.009865909,0.003521273,0.002855262,0.352736116,-1.804340031,0.933974949,0.002949387,0.015769689,0.008100884,0.999844965,0.99935809,0.035470426,0.501182592,0.0,0.0,0.0,0.86058265,0.0,3.645539034
1772729816.4136856,-0.074786,0.025688,0.404998,-0.00350134,0.04395813,0.01171208,0.99895858,-0.005989,0.08802,0.023184,0.042480072,-0.005155153,-0.009109449,-0.169000777,1.872964042,-0.041863716,-0.017023916,0.009098562,1.002173016,-0.122121774,1.737916136,-0.036605775,45301.180118946,56616.048428207,58592.193712829,43324.338997451,-0.075103174,0.025760552,0.404964757,0.05003248,-0.021424107,0.004912467,0.01884635,0.010302748,0.001595157,0.308200901,-2.519499203,0.926038631,0.002511188,0.022005933,0.008020184,0.999746399,0.999042492,0.043497994,0.501450399,0.0,0.0,0.0,0.86058265,0.0,3.638415882
1772729816.4236856,-0.074308,0.025658,0.404861,-0.00445785,0.05520718,0.01146847,0.9983991,-0.007682,0.110565,0.022548,0.059965753,-0.004697363,-0.01490353,-0.234381493,2.592463296,-0.089416887,-0.016295193,0.010459843,0.998134926,-0.168303115,2.239858041,-0.050776215,46758.688953488,55948.569767442,58317.56245725,45264.749786252,-0.074951071,0.025673601,0.405013308,0.052370357,-0.021436915,0.005095849,0.028248436,0.00987339,0.001549279,0.237470133,-3.426663108,0.908832772,0.001834559,0.029914058,0.007866775,0.999544737,0.998662033,0.051600742,0.501720818,0.0,0.0,0.0,0.86058265,0.0,3.631292729
1772729816.4336855,-0.073702,0.025656,0.404682,-0.00616852,0.07017224,0.01071125,0.99745831,-0.01091,0.140583,0.020708,0.078475968,-0.003343962,-0.022832636,-0.3172742,3.483770039,-0.135453642,-0.019244519,0.020630566,1.005374972,-0.237775626,3.075367345,-0.07775307,50393.035921412,53804.902097545,56630.796607138,49337.959530927,-0.074721734,0.02559516,0.405034902,0.056216653,-0.021293553,0.004630751,0.049387886,0.008103756,0.002597854,0.126166222,-4.850330529,0.878621435,0.000776419,0.042321037,0.007616567,0.9991188,0.998066881,0.062026686,0.502068892,0.0,0.0,0.0,0.86058265,0.0,3.624169577
1772729816.4436855,-0.072694,0.025571,0.404388,-0.00812606,0.08908473,0.009977,0.99594093,-0.014642,0.178556,0.018724,0.098215459,-0.000722631,-0.031923243,-0.418825557,4.51724789,-0.16056525,-0.020032967,0.020744476,1.010485261,-0.310694709,3.68208141,-0.097896733,54560.049025306,50929.165630868,54323.181078423,53683.248233926,-0.074364223,0.025532605,0.405010505,0.062803481,-0.020853157,0.003854766,0.072964269,0.008279445,0.004408301,-0.034259748,-6.720741202,0.832326608,-0.000722345,0.058610707,0.007273546,0.998348374,0.997322898,0.072979252,0.502434838,0.0,0.0,0.0,0.86058265,0.0,3.617046424
1772729816.4536855,-0.071605,0.025553,0.404065,-0.01060796,0.11232827,0.00903142,0.99357348,-0.019546,0.225306,0.015968,0.118907068,0.001322301,-0.03689347,-0.54867042,5.429881172,-0.164765067,-0.020821415,0.020858385,1.015595549,-0.383613793,4.288795475,-0.118040395,57555.174545923,48538.454463481,52745.615870153,56931.24848641,-0.073894066,0.025496241,0.40491852,0.072192107,-0.020091304,0.003164625,0.11137792,0.020079888,0.009743373,-0.24922063,-9.087909073,0.769361567,-0.002696989,0.079204474,0.006872492,0.99700938,0.996584126,0.082480601,0.502752499,0.0,0.0,0.0,0.86058265,0.0,3.609923272
1772729816.4636855,-0.070269,0.025595,0.403744,-0.01398827,0.1400904,0.00800219,0.99000756,-0.026499,0.2813,0.012413,0.139009903,0.004001597,-0.038676902,-0.652745581,5.806849498,-0.182989788,-0.021609863,0.020972294,1.020705837,-0.456532877,4.895509541,-0.138184058,59472.110389353,47612.774903949,52078.333980275,58955.493127896,-0.073145728,0.025468769,0.404735592,0.08731035,-0.018805928,0.001959511,0.151993546,0.029245595,0.006777109,-0.495238104,-11.665967887,0.686374221,-0.004902944,0.101595399,0.006408603,0.995117259,0.995673364,0.092574902,0.50309034,0.0,0.0,0.0,0.86058265,0.0,3.60280012
1772729816.4736855,-0.0689,0.02571,0.4032,-0.01772054,0.17273426,0.00738152,0.98478138,-0.034414,0.347419,0.008951,0.160678378,0.00738606,-0.037397491,-0.662441565,5.487737401,-0.224934813,-0.01037006,0.017968452,1.031707475,-0.458848002,4.875393724,-0.15874948,60571.271900229,48545.476322448,52494.856789975,59763.70171105,-0.072207329,0.025433732,0.40449358,0.105747419,-0.017280875,0.000277902,0.202326842,0.018201772,0.010460067,-0.797343966,-14.594155315,0.566735837,-0.007523079,0.126968847,0.005801356,0.99232984,0.994651643,0.102232788,0.503414078,0.0,0.0,0.0,0.86058265,0.0,3.593793092
1772729816.483686,-0.067125,0.025825,0.402815,-0.0217154,0.2019153,0.00657233,0.97914016,-0.043428,0.406821,0.004466,0.182445454,0.013708269,-0.035420741,-0.609929999,4.748088285,-0.299764444,0.001555337,0.014786898,1.043045174,-0.457142055,4.819576445,-0.179339904,60670.475919129,50640.227485653,54282.861841705,59776.139293898,-0.071179662,0.025417984,0.404238244,0.12617015,-0.015508041,-0.001577466,0.280183115,0.031456905,0.005021708,-1.073010969,-17.123477814,0.436098921,-0.009815599,0.148822996,0.00517261,0.98905493,0.993629874,0.111891135,0.503737832,0.0,0.0,0.0,0.86058265,0.0,3.583565455
1772729816.493686,-0.065114,0.025861,0.40267,-0.02565196,0.22084004,0.00535608,0.97495793,-0.052832,0.445484,-0.000982,0.212570308,0.016621286,-0.031829945,-0.497789846,3.69173658,-0.323084708,0.006712523,0.014458396,1.045618639,-0.465284055,4.340432314,-0.197546344,60242.999709842,52940.665389972,56368.809366295,59320.904654132,-0.069831463,0.025456553,0.40389161,0.153753444,-0.012890547,-0.004464254,0.330213181,0.038881308,-0.008922265,-1.407149926,-19.872931726,0.259874208,-0.012475832,0.172506565,0.004367492,0.985259749,0.992548072,0.121798471,0.50407006,0.0,0.0,0.0,0.86058265,0.0,3.573338305
1772729816.503686,-0.062878,0.02609,0.402318,-0.02749321,0.23031883,0.00290432,0.97272243,-0.05837,0.464787,-0.007847,0.246433957,0.021859695,-0.026189477,-0.372202795,2.588130433,-0.355485369,0.006304098,0.006211981,1.068918697,-0.416770223,3.482916388,-0.233541476,59311.140418975,56320.270970992,58766.717384219,57907.499481466,-0.067807969,0.025577051,0.403342764,0.195324376,-0.008703203,-0.009664988,0.388463392,0.039803593,-0.009635036,-1.80827079,-22.720111361,0.021957111,-0.015504055,0.196943749,0.003301159,0.980699241,0.991042287,0.133460304,0.504462041,0.0,0.0,0.0,0.86058265,0.0,3.563111155
1772729816.513686,-0.060203,0.026369,0.402084,-0.02883917,0.23937422,0.00117763,0.97049827,-0.062621,0.483287,-0.013011,0.286493319,0.026290138,-0.018907536,-0.268084281,1.649373294,-0.360338232,0.001992774,0.008882213,1.083226936,-0.391604906,2.65562928,-0.278457442,58319.628205128,58305.074519231,60364.469484509,57076.105836004,-0.065749848,0.02568518,0.402964746,0.235596981,-0.004668572,-0.013570686,0.434407879,0.045060817,-0.009577447,-2.167854626,-24.729328164,-0.216924973,-0.018072452,0.214129243,0.00220244,0.977329551,0.989497466,0.144462208,0.504832399,0.0,0.0,0.0,0.86058265,0.0,3.552884005
1772729816.523686,-0.057259,0.026753,0.401806,-0.03102192,0.25087701,-0.0004848,0.96752164,-0.068994,0.506852,-0.018878,0.330389592,0.030843483,-0.012655626,-0.228968651,1.037166994,-0.322188118,-0.003831125,0.016052733,1.097203524,-0.412595809,2.033160579,-0.313152386,57425.554030012,59938.887298886,61466.996983292,55999.433439047,-0.063880745,0.025802345,0.402692069,0.270564019,-0.001060851,-0.016359034,0.460712499,0.056063793,-0.006917492,-2.425414522,-25.770873705,-0.402037476,-0.019842167,0.22302132,0.001308156,0.974914457,0.988213274,0.153009488,0.505120506,0.0,0.0,0.0,0.86058265,0.0,3.542656855
1772729816.5336857,-0.053536,0.026888,0.401803,-0.03215189,0.25346035,-0.00059453,0.96681113,-0.071728,0.512157,-0.020018,0.37838181,0.035666856,-0.004229705,-0.261675107,0.599001951,-0.277511346,-0.004144303,0.018075486,1.110709114,-0.408019315,1.560345287,-0.336737134,56598.000037669,61067.107783679,62277.386496905,55201.823407541,-0.062130962,0.025942673,0.402451961,0.302125696,0.002346329,-0.01859062,0.483310497,0.064901231,3.734e-05,-2.657312733,-26.50157872,-0.568430508,-0.021425975,0.22926062,0.00049606,0.973274896,0.987096391,0.160108367,0.505360034,0.0,0.0,0.0,0.86058265,0.0,3.532429949
1772729816.5436854,-0.04962,0.027447,0.401835,-0.03422207,0.25481152,-0.00283046,0.96638084,-0.077725,0.514726,-0.026325,0.426528515,0.041198194,0.004803462,-0.320299865,0.158516685,-0.26418544,-0.005526142,0.016881168,1.120004626,-0.417924995,1.162147898,-0.358844768,55855.440049723,61416.79560779,62827.723509248,55137.046897955,-0.060539388,0.026084826,0.402280754,0.329597634,0.005429998,-0.01988733,0.495978808,0.064963945,0.001186094,-2.876156024,-27.072787574,-0.725212742,-0.022915441,0.234138884,-0.000273702,0.972109968,0.986180719,0.165600394,0.505545623,0.0,0.0,0.0,0.86058265,0.0,3.522203042
1772729816.5536854,-0.045024,0.027763,0.401941,-0.03604703,0.25324422,-0.00326502,0.96672505,-0.081908,0.511401,-0.028179,0.475015876,0.050399193,0.012703489,-0.393834057,-0.323906831,-0.292134326,-0.007735854,0.013911045,1.127474874,-0.435997129,0.798432273,-0.381272337,55307.176137365,61882.471084368,63106.779450641,55051.514615172,-0.058284034,0.026321621,0.402050197,0.366621656,0.009811202,-0.02136517,0.508253889,0.064685391,0.003379758,-3.214079327,-27.647687873,-0.970276241,-0.025206187,0.239066167,-0.001514904,0.970820896,0.984998186,0.172503634,0.505779085,0.0,0.0,0.0,0.86058265,0.0,3.511975892
1772729816.5636857,-0.040034,0.028348,0.402058,-0.03866421,0.25174637,-0.00384476,0.96701296,-0.087923,0.508178,-0.030799,0.523689039,0.061734694,0.018152737,-0.478944371,-0.593022379,-0.333670709,-0.015235,0.008957135,1.141716504,-0.468342188,0.383367413,-0.424178581,54650.352427524,62340.661344244,63232.898183723,54948.577017115,-0.054836908,0.026647647,0.401810748,0.417608871,0.015938908,-0.022251122,0.520618398,0.066861807,0.011712578,-3.613563428,-28.031875215,-1.263689353,-0.027917884,0.242394859,-0.003056907,0.969872352,0.983152764,0.182720117,0.506125146,0.0,0.0,0.0,0.86058265,0.0,3.501748499
1772729816.5736864,-0.034612,0.02905,0.40225,-0.04143633,0.2489149,-0.00490159,0.96762616,-0.094407,0.502145,-0.034362,0.571387491,0.074249158,0.020808683,-0.562078431,-0.614766261,-0.388045745,-0.019213665,0.009143749,1.156001638,-0.49356016,0.18702265,-0.454771599,54521.994116878,62395.293894627,62895.79147601,55143.796313244,-0.050019292,0.027090289,0.401749188,0.476650516,0.023661655,-0.020692508,0.526004655,0.072347914,0.019273067,-4.054869048,-28.176038935,-1.570559997,-0.030976428,0.243708138,-0.00467371,0.969436204,0.980979604,0.193807081,0.506501756,0.0,0.0,0.0,0.86058265,0.0,3.491520617
1772729816.5836868,-0.028666,0.029856,0.402457,-0.04453126,0.24567213,-0.00622987,0.96830954,-0.101669,0.495212,-0.038589,0.622168989,0.084358725,0.023415446,-0.59224057,-0.615308346,-0.431666899,-0.023192234,0.00933036,1.170286431,-0.518777531,-0.009317432,-0.485363887,54594.132068127,61666.473381995,62034.716107056,56194.106277372,-0.044170807,0.027691737,0.401780121,0.542691834,0.032985644,-0.017683534,0.527445975,0.079740006,0.029931666,-4.694246499,-28.157711029,-2.010713448,-0.035452849,0.243719422,-0.00704417,0.96914119,0.978412079,0.206139339,0.506921675,0.0,0.0,0.0,0.86058265,0.0,3.495695209
1772729816.5936875,-0.022118,0.030774,0.402835,-0.04905101,0.24161247,-0.00727659,0.96910498,-0.111763,0.486553,-0.042783,0.672720397,0.095672605,0.026135903,-0.583565073,-0.50853446,-0.480155184,-0.031186529,0.007873645,1.178957268,-0.517708253,-0.019672089,-0.49186222,54915.781113845,61146.52245073,60997.021807346,56632.41673251,-0.038440749,0.028297709,0.401833218,0.605673922,0.042112198,-0.014467514,0.528887328,0.087132274,0.04059052,-5.256343996,-28.114987434,-2.398177261,-0.039393782,0.2435198,-0.009143433,0.969058834,0.975847032,0.218453691,0.507340993,0.0,0.0,0.0,0.86058265,0.0,3.504216464
1772729816.6036875,-0.015175,0.031775,0.402998,-0.0521111,0.24035808,-0.0091199,0.96924159,-0.119337,0.483612,-0.048283,0.723215181,0.107460709,0.030204904,-0.529638804,-0.391596267,-0.520346027,-0.031177962,0.009480659,1.182289382,-0.492508306,0.00801648,-0.482920042,55107.680455851,60585.059404164,60126.046153386,56992.464076334,-0.032947498,0.028969776,0.402000442,0.656900299,0.050817221,-0.010072619,0.530328579,0.094524014,0.051248611,-5.735325483,-28.065404459,-2.733553585,-0.042746678,0.2432677,-0.01098522,0.968971049,0.97368015,0.227915638,0.507664534,0.0,0.0,0.0,0.86058265,0.0,3.51273711
1772729816.6136875,-0.007705,0.032897,0.403315,-0.05494488,0.23866863,-0.01107744,0.96948215,-0.12639,0.479745,-0.053803,0.773478321,0.119781524,0.035085892,-0.45939984,-0.272358231,-0.535908618,-0.0298816,0.011581996,1.184863946,-0.463894993,0.039317058,-0.471882863,55474.899493722,59971.152354244,59109.10875871,57124.248910914,-0.026106406,0.02987619,0.402263656,0.71505618,0.061611455,-0.004568824,0.532717067,0.106313722,0.053868914,-6.211621219,-28.016923189,-3.070033305,-0.046075259,0.243034496,-0.012843052,0.968853923,0.970859942,0.239616888,0.508065777,0.0,0.0,0.0,0.86058265,0.0,3.521257755
1772729816.6236882,0.00031,0.034112,0.403672,-0.05746749,0.23746145,-0.01296463,0.96960893,-0.132756,0.476869,-0.059052,0.823222075,0.13167971,0.041461287,-0.386495977,-0.205700278,-0.523326669,-0.03183066,0.011469549,1.182961169,-0.433127396,-0.021634856,-0.445823285,55517.551724876,59817.155351237,58459.896903465,56728.256617466,-0.020555031,0.030645859,0.402526108,0.75887523,0.070271227,-0.000192763,0.528975018,0.109159471,0.052110184,-6.585243823,-27.962693579,-3.342221316,-0.048677021,0.242735438,-0.014382031,0.968751393,0.968843183,0.247673492,0.508342586,0.0,0.0,0.0,0.86058265,0.0,3.52977901
1772729816.6336892,0.008818,0.035495,0.404175,-0.0598732,0.23677033,-0.01453952,0.96961003,-0.138754,0.475079,-0.063633,0.873119209,0.14386997,0.048802708,-0.341691561,-0.235802523,-0.489886636,-0.033858544,0.011303362,1.180949664,-0.402306825,-0.084827512,-0.419398469,55437.309180443,59479.777699613,57844.076679564,56491.899050299,-0.013453533,0.031669817,0.402797212,0.810857422,0.081154653,0.004329106,0.526204895,0.115769825,0.051835294,-6.930103342,-27.906853329,-3.596398647,-0.05107517,0.242417929,-0.015831687,0.968702832,0.966184908,0.257849596,0.508693201,0.0,0.0,0.0,0.86058265,0.0,3.538300469
1772729816.6436892,0.017675,0.037172,0.404721,-0.06224153,0.23481075,-0.01757032,0.9698872,-0.145216,0.470456,-0.071089,0.922680736,0.156426237,0.056484611,-0.344148355,-0.331540823,-0.433079767,-0.037412172,0.012683488,1.180219553,-0.398943836,-0.191017034,-0.387275567,54892.588419343,58864.610123173,57484.876747594,56472.665610519,-0.005768611,0.032820455,0.403121213,0.863189183,0.092683248,0.008868377,0.523977348,0.124479876,0.052388325,-7.258958542,-27.80856296,-3.827659574,-0.053406333,0.241738413,-0.017150149,0.968747538,0.963679767,0.266883972,0.509005725,0.0,0.0,0.0,0.86058265,0.0,3.546821114
1772729816.6536899,0.027247,0.03863,0.405292,-0.06426435,0.2328914,-0.01824951,0.97020546,-0.149676,0.466272,-0.073219,0.970580471,0.168666692,0.062062977,-0.348903328,-0.449883574,-0.369178821,-0.039353449,0.011013807,1.175927969,-0.403671075,-0.320438164,-0.370549698,54195.664718792,58782.030328671,57369.493191253,55910.306459716,0.001698004,0.033965844,0.403459524,0.910857995,0.103615853,0.013022916,0.518786447,0.127239728,0.048681221,-7.592166958,-27.633401276,-4.044306144,-0.05584253,0.240413924,-0.018389875,0.968887799,0.961174846,0.275916021,0.509318171,0.0,0.0,0.0,0.86058265,0.0,3.555342369
1772729816.6636896,0.037185,0.040377,0.405945,-0.06642312,0.23054073,-0.0191204,0.97060463,-0.15444,0.461161,-0.075718,1.017796717,0.181547046,0.067967042,-0.33444984,-0.69146214,-0.307537199,-0.038526817,0.008579647,1.169717029,-0.399692342,-0.499046483,-0.337664893,53426.372024232,58541.022385264,57086.751346603,55293.89171629,0.010761414,0.03543105,0.403948822,0.964534941,0.116666669,0.017748612,0.513594839,0.129996904,0.044972743,-7.932232083,-27.346958816,-4.239036331,-0.05843981,0.238147473,-0.019512887,0.969200265,0.958226697,0.286008787,0.509668641,0.0,0.0,0.0,0.86058265,0.0,3.563862812
1772729816.6736896,0.047579,0.042308,0.406648,-0.06867205,0.22671025,-0.01992943,0.97133384,-0.159094,0.453023,-0.077769,1.063621216,0.196507025,0.075057278,-0.385997877,-0.786220735,-0.253207198,-0.038399752,0.004806882,1.164315311,-0.412273108,-0.657877258,-0.318490874,52766.483705129,58065.881124301,56725.383933761,54881.596961908,0.019978388,0.037015255,0.404492881,1.014414759,0.129734669,0.021917532,0.508403107,0.132754146,0.041264177,-8.254407427,-26.968346407,-4.4035663,-0.061001436,0.235089882,-0.020495411,0.969712147,0.955177234,0.296027513,0.5100177,0.0,0.0,0.0,0.86058265,0.0,3.572514237
1772729816.6836898,0.058398,0.044357,0.407395,-0.07080603,0.22307369,-0.02033181,0.97201402,-0.163303,0.445359,-0.078884,1.106446995,0.212864849,0.080885275,-0.435233048,-0.812619105,-0.206251354,-0.03846214,0.000842376,1.159078545,-0.427639002,-0.812151877,-0.302012758,51896.078098944,57651.594325908,56546.016376619,54439.668127592,0.029286276,0.03861749,0.405047576,1.064128908,0.142863641,0.026068438,0.497133829,0.131709352,0.040159018,-8.535675308,-26.54155733,-4.519503206,-0.063350506,0.231595171,-0.021203485,0.97043884,0.952096294,0.305794484,0.510359077,0.0,0.0,0.0,0.86058265,0.0,3.581309906
1772729816.6936898,0.069699,0.046548,0.408275,-0.07319562,0.21740588,-0.02060715,0.97311481,-0.167638,0.433561,-0.07935,1.14347306,0.233194745,0.08362069,-0.441828129,-0.794339615,-0.222651095,-0.04208365,-0.002272636,1.151668482,-0.458104138,-1.005837107,-0.270033281,50885.50210052,57206.966348142,56521.280054853,54096.53242202,0.039138726,0.040339785,0.405673859,1.111862116,0.156294068,0.030021443,0.480565536,0.133085873,0.040337411,-8.818953575,-26.015972069,-4.602969085,-0.065839516,0.227247833,-0.021723032,0.971263011,0.949224479,0.314598514,0.510667764,0.0,0.0,0.0,0.86058265,0.0,3.590105365
1772729816.7036896,0.081378,0.048963,0.409165,-0.07540289,0.21186192,-0.02081039,0.97416418,-0.171548,0.422058,-0.079553,1.184101945,0.249159756,0.08830022,-0.477813061,-0.857969619,-0.227811623,-0.043271678,-0.000932282,1.143237177,-0.454734447,-1.172023633,-0.243350715,50114.228067895,56573.781419771,56337.204621663,53895.814067739,0.048347778,0.042020556,0.406280578,1.153775677,0.168845499,0.033465309,0.467568047,0.138671753,0.038510882,-9.110413577,-25.368636114,-4.65309621,-0.068532662,0.221850069,-0.022058082,0.972313595,0.946343668,0.323144749,0.510968411,0.0,0.0,0.0,0.86058265,0.0,3.598900615
1772729816.7136896,0.09339,0.051574,0.410127,-0.07979578,0.2122864,-0.020762,0.97372278,-0.181038,0.422567,-0.081569,1.224511346,0.264740812,0.09684848,-0.524911409,-0.958962814,-0.228439392,-0.043317288,0.001686948,1.134730844,-0.439274786,-1.3253942,-0.220009845,49078.660014491,56232.083842252,56308.046972363,53177.469578719,0.060760734,0.0443698,0.407130616,1.205980392,0.185688294,0.037811858,0.451558819,0.145029395,0.035927205,-9.388619339,-24.6272535,-4.66303968,-0.071244,0.215623286,-0.022177088,0.973469385,0.942733765,0.333544743,0.511335358,0.0,0.0,0.0,0.86058265,0.0,3.607696074
1772729816.7236896,0.105748,0.054261,0.410938,-0.08119735,0.20581512,-0.02099674,0.97499039,-0.183027,0.409255,-0.08115,1.263950681,0.279423887,0.104900314,-0.573800711,-1.131188988,-0.218903948,-0.043362897,0.004306178,1.126224511,-0.423815125,-1.478764766,-0.196668974,49028.389378176,55714.146600532,55565.567190902,53056.927050569,0.071446679,0.046452102,0.407915221,1.247818105,0.200137575,0.041493017,0.434349169,0.151473837,0.03318091,-9.647699837,-23.799077703,-4.639570856,-0.073901079,0.208627019,-0.022144989,0.974710497,0.939548037,0.342407723,0.511649334,0.0,0.0,0.0,0.86058265,0.0,3.616491533
1772729816.7336895,0.118479,0.057248,0.411966,-0.08384972,0.19958536,-0.02192137,0.97604014,-0.188018,0.396216,-0.082761,1.301583662,0.293136682,0.11125842,-0.578052574,-1.370404184,-0.196457958,-0.0434904,0.003790338,1.12059458,-0.393149606,-1.579503734,-0.179866309,48344.48359682,56016.429406927,55175.472630906,51694.858219867,0.081898742,0.048579521,0.408698848,1.285887879,0.214328992,0.044709226,0.417139519,0.157918278,0.030434614,-9.849880527,-22.998750667,-4.594707015,-0.076096641,0.201832407,-0.022037675,0.97610473,0.936431402,0.350829974,0.511948673,0.0,0.0,0.0,0.86058265,0.0,3.625286992
1772729816.7436903,0.131931,0.060103,0.413346,-0.08835304,0.18995493,-0.02099874,0.97758371,-0.19558,0.376516,-0.08033,1.336585463,0.306494892,0.115679617,-0.53237008,-1.627318346,-0.183425356,-0.049026469,0.00506314,1.111443862,-0.35864667,-1.676391939,-0.160681262,47582.531739076,55573.173531989,54832.069237511,51451.468886941,0.093865377,0.051132818,0.409627553,1.326457863,0.230771525,0.04831674,0.395455751,0.166777999,0.02877663,-10.017879278,-22.185989013,-4.532223786,-0.078032847,0.19490393,-0.021870333,0.977415401,0.932852508,0.360238729,0.512284218,0.0,0.0,0.0,0.86058265,0.0,3.634083081
1772729816.75369,0.145401,0.063264,0.414591,-0.09097601,0.18330554,-0.02007995,0.97863131,-0.199679,0.363046,-0.077799,1.367663911,0.320535465,0.118617868,-0.41553143,-1.891166063,-0.185940056,-0.05386862,0.005543078,1.100724907,-0.312632281,-1.768496723,-0.147670515,47618.415508535,55107.559742916,54152.028045574,51181.903009056,0.103648143,0.053271102,0.41033195,1.357077272,0.244100837,0.050849414,0.371249314,0.176999928,0.027733216,-10.196343754,-21.195978659,-4.441341297,-0.080180956,0.186434918,-0.021607171,0.978733249,0.92990221,0.36777614,0.51255404,0.0,0.0,0.0,0.86058265,0.0,3.64287833
1772729816.7636907,0.159156,0.066575,0.415601,-0.09327096,0.17421582,-0.01988334,0.98007858,-0.202994,0.344559,-0.076009,1.392567179,0.338524798,0.116197488,-0.290396687,-1.887951019,-0.165454098,-0.055838118,0.004365271,1.091226483,-0.260486937,-1.852997447,-0.139803301,47386.521498396,55236.27314037,53691.787154422,50342.490950053,0.114752616,0.055792771,0.41116613,1.389686132,0.259309144,0.053630631,0.347890118,0.178668347,0.024126682,-10.317744656,-20.293865168,-4.344460722,-0.081795847,0.178687617,-0.021330211,0.980129625,0.926771931,0.37559135,0.512834661,0.0,0.0,0.0,0.86058265,0.0,3.651674419
1772729816.7736914,0.173188,0.070052,0.416714,-0.09404923,0.16427221,-0.01972167,0.9817232,-0.203057,0.324495,-0.073521,1.413583652,0.357597019,0.110190179,-0.105323213,-1.831176644,-0.152913835,-0.057643079,0.003761631,1.082061989,-0.207137979,-1.934735217,-0.132952365,47596.066169618,55085.599254427,52878.644920783,50034.284249767,0.127703024,0.058763583,0.412273005,1.423937958,0.2765171,0.056749047,0.325488973,0.172115722,0.018876228,-10.394144572,-19.401742544,-4.237039712,-0.083020702,0.170996976,-0.021035738,0.981222938,0.923127406,0.384404629,0.513152558,0.0,0.0,0.0,0.86058265,0.0,3.660470507
1772729816.7836914,0.187431,0.073685,0.417847,-0.09441629,0.1551697,-0.01999258,0.98316236,-0.202593,0.306096,-0.07202,1.433305699,0.377686627,0.108373064,0.08327369,-1.682854005,-0.120712137,-0.057938311,0.006793096,1.075772444,-0.147222629,-1.989826394,-0.133101469,47244.219828147,54868.371663846,52271.65619711,49641.327268585,0.141451816,0.061910133,0.413520622,1.458520825,0.294433159,0.060001351,0.302619495,0.173911877,0.018204875,-10.435748836,-18.423434139,-4.114339754,-0.083974453,0.16253105,-0.020738432,0.983004041,0.919184352,0.393726648,0.513489945,0.0,0.0,0.0,0.86058265,0.0,3.666575897
1772729816.7936916,0.201892,0.077531,0.419022,-0.09378584,0.14454268,-0.0199004,0.98484293,-0.199804,0.284806,-0.069148,1.455536411,0.3938428,0.111980682,0.166724857,-1.57287741,-0.055396751,-0.056519666,-0.001052211,1.07100496,-0.120945827,-2.002811245,-0.119836453,46804.52876164,54768.667870507,51992.932773475,49090.641719607,0.151729076,0.06432577,0.414407603,1.482586978,0.307761138,0.062162613,0.281780121,0.175594506,0.018128662,-10.472694472,-17.433550579,-3.989589457,-0.084891929,0.153961011,-0.020440738,0.984208692,0.916019722,0.401109232,0.513757694,0.0,0.0,0.0,0.86058265,0.0,3.671376654
1772729816.8036919,0.216461,0.081696,0.419965,-0.09344569,0.14047594,-0.01908351,0.9854797,-0.198339,0.276828,-0.066443,1.471335203,0.411103908,0.113467688,0.212022914,-1.479758119,-0.022478381,-0.060922272,0.000595482,1.06580655,-0.05152007,-2.080856085,-0.109794261,46592.946151261,54615.043344538,51697.258453782,48717.996554622,0.160073116,0.066334375,0.415093756,1.500796695,0.318534118,0.063716312,0.265856801,0.177002195,0.019493279,-10.487308008,-16.568057261,-3.87487333,-0.085530705,0.146451069,-0.020154362,0.985199917,0.913769377,0.406213902,0.513943651,0.0,0.0,0.0,0.86058265,0.0,3.676177411
1772729816.8136919,0.231315,0.085808,0.421188,-0.09252143,0.13316271,-0.01880264,0.98658701,-0.195452,0.26227,-0.063971,1.486553982,0.426375562,0.114797235,0.21664444,-1.621746224,-0.040308637,-0.06540818,-0.00099859,1.056705717,-0.010496471,-2.141029157,-0.107453018,46223.565781513,53838.921613445,51427.977344538,49348.903865546,0.170065844,0.06881302,0.415901375,1.520589751,0.331306797,0.065562613,0.243468302,0.172667267,0.01522306,-10.483455026,-15.805441517,-3.768457084,-0.085939013,0.13981789,-0.019877351,0.986090073,0.910720046,0.41299508,0.514191526,0.0,0.0,0.0,0.86058265,0.0,3.680978055
1772729816.8236928,0.246271,0.090114,0.42245,-0.09042808,0.12446752,-0.01772858,0.98793537,-0.18987,0.245174,-0.059349,1.501070565,0.439762657,0.11847826,0.182778231,-1.976828365,-0.077037771,-0.066999533,-0.006742514,1.044610563,-0.01365425,-2.171081951,-0.114376801,45979.426881061,53893.550141156,50980.720535166,48913.65852461,0.182751585,0.072023839,0.416920545,1.543821837,0.347255508,0.067180187,0.219143847,0.167554443,0.009227996,-10.488316022,-15.764699483,-3.760628423,-0.086006718,0.139462652,-0.019837869,0.98751054,0.906801105,0.421527848,0.514504526,0.0,0.0,0.0,0.86058265,0.0,3.685779155
1772729816.8336928,0.261334,0.094558,0.423584,-0.09115302,0.11347212,-0.01762076,0.98919397,-0.190165,0.223126,-0.05699,1.512829939,0.452472576,0.121684712,0.126264813,-2.435534469,-0.125042305,-0.062299065,-0.003677014,1.039613662,0.006443167,-2.25072471,-0.112173612,45210.15368637,53903.912168227,50987.053955635,48430.867624054,0.197860724,0.075971326,0.418135135,1.568650466,0.366003203,0.06880934,0.196351526,0.178883928,0.006613325,-10.420605858,-13.277129467,-3.423538264,-0.086723314,0.117771281,-0.019054956,0.988936183,0.901912574,0.431820045,0.514884336,0.0,0.0,0.0,0.86058265,0.0,3.690579798
1772729816.8436928,0.276362,0.099252,0.42468,-0.09059721,0.10014772,-0.01821989,0.9906718,-0.187846,0.196386,-0.055337,1.521690729,0.46620194,0.123062005,0.076605118,-2.899210317,-0.166492471,-0.062965074,-0.005688698,1.020438964,0.00506002,-2.360329173,-0.108970208,44421.904012092,53630.066925594,51016.707961046,48342.644077525,0.222897043,0.082568411,0.419684192,1.603911389,0.395069674,0.068891983,0.156152427,0.178795222,-0.004662851,-10.368409913,-11.418037463,-3.161293288,-0.087125673,0.101507037,-0.018346059,0.99076483,0.896539972,0.442934585,0.515295859,0.0,0.0,0.0,0.86058265,0.0,3.695380441
1772729816.853694,0.29178,0.103912,0.426055,-0.0904953,0.08353922,-0.01724828,0.99223702,-0.186001,0.163386,-0.050036,1.528338559,0.481344942,0.120240616,0.067113131,-3.208447636,-0.190898284,-0.064877568,-0.003453383,1.005901227,0.017696671,-2.452197675,-0.107328749,43868.932309105,53647.723496661,50939.661105478,48248.743222301,0.242501808,0.088313621,0.421357774,1.62595277,0.419111683,0.069248393,0.116472582,0.172500544,-0.014934492,-10.329413904,-9.291154751,-2.858518904,-0.087680635,0.082875176,-0.017470652,0.992427099,0.889128504,0.457631005,0.515844517,0.0,0.0,0.0,0.86058265,0.0,3.700181657
1772729816.863694,0.307065,0.108785,0.427274,-0.09090429,0.0676107,-0.01614718,0.99343066,-0.185458,0.131778,-0.044777,1.528937084,0.496349036,0.116174897,0.139311508,-3.268650505,-0.186264512,-0.068839743,0.005084564,1.004234573,0.06386964,-2.503181893,-0.110839089,43440.900098673,53884.77101195,50909.152373643,47769.517925666,0.256424185,0.092609003,0.422647325,1.63764242,0.436077681,0.069265412,0.089883763,0.177151345,-0.014959222,-10.285057647,-7.917252264,-2.666577858,-0.087793317,0.070819823,-0.01693229,0.99336217,0.884649111,0.466229726,0.516167699,0.0,0.0,0.0,0.86058265,0.0,3.7049823
1772729816.8736947,0.3223,0.113838,0.428363,-0.09037158,0.05176635,-0.01550374,0.99444098,-0.183284,0.100323,-0.040406,1.525452329,0.511644719,0.111381672,0.263062277,-3.108570256,-0.153418969,-0.069852725,-0.00210475,1.002879073,0.10262763,-2.568419347,-0.115868776,43548.919554876,53954.942235814,50654.940621814,47704.190027183,0.271429753,0.097176098,0.423815047,1.648054085,0.453307305,0.06885087,0.06564462,0.174164847,-0.014416699,-10.220856697,-6.479341378,-2.468134383,-0.087697656,0.05819003,-0.016383329,0.994141938,0.879891478,0.475047751,0.516501704,0.0,0.0,0.0,0.86058265,0.0,3.709783286
1772729816.883695,0.33757,0.11903,0.429442,-0.08923435,0.03582114,-0.01557779,0.9952444,-0.18013,0.068575,-0.037497,1.518541017,0.526421753,0.105193651,0.34766415,-2.796246499,-0.168496881,-0.076866896,-0.006996376,0.99774495,0.172927507,-2.593212333,-0.113768962,43320.927383441,54324.553485413,50757.115423066,47241.238025993,0.28721178,0.102064394,0.425049958,1.657324537,0.471344326,0.068527898,0.032530689,0.174817465,-0.01746326,-10.118083284,-4.861195334,-2.251385422,-0.087255794,0.043966723,-0.015812544,0.994977908,0.874687176,0.484456748,0.516860145,0.0,0.0,0.0,0.86058265,0.0,3.709479714
1772729816.8936949,0.352775,0.124359,0.430442,-0.08659937,0.0206807,-0.01533302,0.99591052,-0.174132,0.038546,-0.034155,1.513372286,0.53913917,0.100496794,0.456838006,-2.55105272,-0.145060231,-0.07966461,-0.010559753,0.993415067,0.238659716,-2.601326242,-0.112065628,43520.078516177,54488.806371122,50532.58080346,47013.272061881,0.304341012,0.107480904,0.426417391,1.664522638,0.490645081,0.068586757,-0.004654229,0.16986176,-0.014991205,-9.964169577,-3.143827026,-2.022527081,-0.086311592,0.028855625,-0.015191169,0.995656716,0.869482998,0.49386552,0.517218577,0.0,0.0,0.0,0.86058265,0.0,3.707717178
1772729816.9036956,0.367646,0.129887,0.431372,-0.08415254,0.01224443,-0.01446075,0.99627271,-0.168874,0.021966,-0.030887,1.508612336,0.551583743,0.09744883,0.558788432,-2.530891615,-0.076672888,-0.075626276,-0.011969965,0.99038866,0.296993373,-2.582398406,-0.111004941,43596.915779495,55067.507680716,50334.625978319,46127.59190122,0.323452972,0.113757208,0.427884999,1.668081479,0.511748075,0.067689368,-0.033363532,0.162658797,-0.020046695,-9.765298332,-1.293651216,-1.782473394,-0.084917399,0.012570392,-0.014530835,0.996139313,0.863466239,0.504393796,0.517622803,0.0,0.0,0.0,0.86058265,0.0,3.705954516
1772729816.9136958,0.382791,0.135414,0.432419,-0.08213625,-0.00032973,-0.01419826,0.99651991,-0.164432,-0.00299,-0.028247,1.499789464,0.564243623,0.093802692,0.609702025,-2.596666499,-0.008125277,-0.072590312,-0.011736026,0.983992104,0.339712047,-2.555509028,-0.111444284,43851.688281492,55282.024852744,50363.26299473,45852.776376976,0.338925349,0.119028004,0.429014147,1.667697124,0.528654341,0.06713385,-0.061589209,0.144798476,-0.032511141,-9.611881431,-0.077467411,-1.626086988,-0.083758084,0.001862564,-0.01407907,0.996404079,0.857729432,0.513910893,0.517993227,0.0,0.0,0.0,0.86058265,0.0,3.704191938
1772729816.923696,0.397775,0.141072,0.433357,-0.07954823,-0.01296322,-0.01376923,0.99665162,-0.158937,-0.028034,-0.025397,1.488070184,0.576169644,0.090127398,0.642415288,-2.617683731,-0.004275,-0.070111807,-0.010587568,0.975720828,0.373746463,-2.524190556,-0.112717987,43596.539522494,55531.219060773,50725.253610892,45890.503157064,0.358352621,0.125918127,0.430337686,1.662874586,0.549263582,0.064565154,-0.087966059,0.128688858,-0.045903729,-9.484337963,0.850994067,-1.505816394,-0.082755651,-0.006313743,-0.01370543,0.996437616,0.852087227,0.523212932,0.518355877,0.0,0.0,0.0,0.86058265,0.0,3.70242936
1772729816.933696,0.412773,0.146833,0.434244,-0.07578477,-0.02911759,-0.01078782,0.99664059,-0.151277,-0.05971,-0.017121,1.473155795,0.58718098,0.086281085,0.614822964,-2.640541418,-0.030831351,-0.067633362,-0.009439139,0.96744975,0.407780067,-2.492872831,-0.11399166,43744.380592159,55547.521351879,50776.331991215,46221.335732878,0.373171314,0.131396914,0.431300779,1.655969849,0.564559719,0.061357165,-0.105283733,0.13909271,-0.05227796,-9.159370176,2.94766365,-1.252771166,-0.080071126,-0.02476167,-0.012923161,0.996330004,0.846454227,0.532450965,0.518716554,0.0,0.0,0.0,0.86058265,0.0,3.700666824
1772729816.9436965,0.427198,0.152942,0.434952,-0.07254536,-0.04411014,-0.01011233,0.9963379,-0.144749,-0.089484,-0.013806,1.455062363,0.597601425,0.080144599,0.55511875,-2.606463848,-0.037569735,-0.0689316,-0.020086172,0.964004105,0.428830199,-2.424530217,-0.115841298,43897.881892565,55764.663464959,50875.200284596,46323.755602988,0.389737305,0.137632342,0.432375521,1.645542847,0.581050532,0.058204337,-0.135106667,0.14497568,-0.032976042,-8.826598959,5.017979519,-1.017258273,-0.077256613,-0.04296141,-0.01220554,0.996049764,0.840719243,0.541457156,0.519072471,0.0,0.0,0.0,0.86058265,0.0,3.698904204
1772729816.9536967,0.441631,0.15891,0.435801,-0.07058981,-0.05431127,-0.00996104,0.99597597,-0.14084,-0.109812,-0.012248,1.433111196,0.608143315,0.073660404,0.450336609,-2.455929471,-0.025289338,-0.071096357,-0.033439318,0.96166578,0.446900526,-2.347694575,-0.117823027,43805.779892686,55966.303586557,51141.845072014,46279.292798644,0.406649841,0.14409066,0.433443243,1.633141436,0.597593474,0.055210812,-0.176524364,0.12600264,-0.045090023,-8.755826954,5.446735273,-0.969640643,-0.076646533,-0.046728371,-0.01205421,0.995517432,0.834200605,0.551441637,0.519469934,0.0,0.0,0.0,0.86058265,0.0,3.697141625
1772729816.9636972,0.45591,0.164986,0.436571,-0.0683236,-0.06363885,-0.01036093,0.99557754,-0.136265,-0.128484,-0.012034,1.41254247,0.617345033,0.069184856,0.315892188,-2.337833738,-0.026082877,-0.073273766,-0.041577816,0.962597456,0.460430334,-2.271686802,-0.119328878,44027.270114943,55921.24137931,51346.862068966,46769.132183908,0.422479427,0.150476679,0.434356088,1.616924538,0.612542351,0.051499594,-0.195497084,0.099837935,-0.058705926,-8.314764213,7.895112345,-0.726651274,-0.07275176,-0.068200398,-0.011291029,0.994981843,0.828344355,0.560158011,0.519820002,0.0,0.0,0.0,0.86058265,0.0,3.695379005
1772729816.9736967,0.469923,0.171197,0.43719,-0.06769155,-0.07696262,-0.0084389,0.99469764,-0.135395,-0.15487,-0.006446,1.393148026,0.625606618,0.062920845,0.259023155,-2.249459184,0.005123952,-0.075519565,-0.021322004,0.981333271,0.449235083,-2.20020369,-0.118243352,44294.339938254,55887.082739265,51603.302666292,47258.68807185,0.437138434,0.156582351,0.435158773,1.599816033,0.62623122,0.047085524,-0.219980813,0.106475265,-0.052768913,-7.996706482,9.581444313,-0.566729241,-0.069894322,-0.082968184,-0.01073798,0.994144908,0.82281343,0.568238906,0.520146428,0.0,0.0,0.0,0.86058265,0.0,3.692747444
1772729816.9836977,0.483789,0.17752,0.437713,-0.06653857,-0.08909636,-0.00690296,0.99377402,-0.133541,-0.178956,-0.001894,1.373473474,0.636947441,0.053245059,0.334107864,-2.306481363,0.030061025,-0.077598813,-0.005256511,0.996591384,0.439423162,-2.123362242,-0.117317469,44225.350097625,56266.776299697,51780.821807883,47015.97212865,0.450395468,0.162202942,0.435878515,1.58234445,0.638386666,0.044106489,-0.244322728,0.125628822,-0.045297455,-7.808557161,10.575048786,-0.478524707,-0.068181866,-0.091655383,-0.010420606,0.993455085,0.817423198,0.57601744,0.520461892,0.0,0.0,0.0,0.86058265,0.0,3.689889028
1772729816.993698,0.497367,0.183958,0.438289,-0.06500659,-0.10075772,-0.00628095,0.99276512,-0.130839,-0.20225,0.000642,1.348447828,0.647477288,0.045567895,0.42068365,-2.253079371,0.004039707,-0.078491212,-0.019012081,0.987097797,0.439460837,-2.008493418,-0.117528064,44882.493927126,56279.008097166,51613.905533063,47310.371120108,0.463747759,0.168037695,0.436563872,1.561891638,0.650326938,0.041738309,-0.266998166,0.110623912,-0.055441497,-7.595577511,11.617836948,-0.397038571,-0.066235982,-0.100754571,-0.010123144,0.992578493,0.812102826,0.583496968,0.520767842,0.0,0.0,0.0,0.86058265,0.0,3.687030817
1772729817.003698,0.510691,0.190471,0.438746,-0.0630385,-0.11024608,-0.00564121,0.99188715,-0.127246,-0.221214,0.002776,1.321314139,0.656359678,0.039707983,0.51491937,-2.071722228,-0.044151378,-0.079383611,-0.032767651,0.97760421,0.439498512,-1.893624593,-0.117738658,45128.252571106,56262.767941232,51675.442832925,47673.414352985,0.477952903,0.174495882,0.437207591,1.537215763,0.662628646,0.0380348,-0.28137792,0.097820711,-0.062960864,-7.377696051,12.670343334,-0.316876766,-0.064244018,-0.10993517,-0.009829606,0.991795985,0.806462749,0.591269203,0.521087943,0.0,0.0,0.0,0.86058265,0.0,3.684172605
1772729817.0136983,0.523869,0.197056,0.439001,-0.05900185,-0.12039118,-0.00456562,0.9909611,-0.119584,-0.241485,0.005312,1.293984898,0.663909394,0.033806404,0.583200085,-1.838183737,-0.134358706,-0.069621312,-0.026834049,0.983396884,0.427716571,-1.761647616,-0.123943013,45310.251635647,56273.384698115,51765.838287575,48030.981148986,0.491519734,0.180826097,0.437771721,1.511924295,0.674076566,0.033449248,-0.298788301,0.096022251,-0.06060153,-7.113698716,13.883660516,-0.235853943,-0.061831072,-0.120500882,-0.009533728,0.990825326,0.800627169,0.599148954,0.521414804,0.0,0.0,0.0,0.86058265,0.0,3.681314394
1772729817.0236983,0.536604,0.203852,0.439248,-0.05559656,-0.1305855,-0.0053771,0.98986238,-0.112743,-0.262112,0.004012,1.263633256,0.671150776,0.027435555,0.60617339,-1.652261078,-0.181794878,-0.068781861,0.001559373,1.014304362,0.424101232,-1.619024524,-0.113540193,45623.744733862,56206.83204983,51980.918856172,48376.419620612,0.505680504,0.187647146,0.438294103,1.482935316,0.685876573,0.029298537,-0.316198266,0.094223834,-0.058242252,-7.047734963,14.175545838,-0.212708732,-0.061223077,-0.123043105,-0.009422623,0.98964988,0.793386239,0.608698502,0.521814285,0.0,0.0,0.0,0.86058265,0.0,3.67845625
1772729817.0336983,0.549066,0.210391,0.439723,-0.05402125,-0.1359965,-0.00482326,0.98922363,-0.109846,-0.27296,0.005349,1.231941404,0.678070868,0.021075817,0.604598347,-1.480132956,-0.213077911,-0.066115066,-0.005229726,1.017118088,0.444424268,-1.49738514,-0.108001593,45821.81886012,56302.366416211,52169.239285808,48503.758960128,0.520540684,0.195046054,0.438767366,1.449593898,0.698091282,0.025659477,-0.335714436,0.086581626,-0.065172254,-6.546484092,16.211264464,-0.106421184,-0.056657738,-0.140715563,-0.008966638,0.988526232,0.785742277,0.618482897,0.522228167,0.0,0.0,0.0,0.86058265,0.0,3.675598107
1772729817.0436983,0.561181,0.217344,0.439779,-0.05027648,-0.1444071,-0.0050455,0.98822741,-0.102356,-0.289968,0.004747,1.197933874,0.684131907,0.016387273,0.568073357,-1.323942624,-0.242447805,-0.06344827,-0.012018824,1.019931814,0.464747304,-1.375745756,-0.102462993,46328.361806734,56525.712601708,52264.880250712,48487.060579052,0.536413447,0.203346811,0.439197144,1.410297367,0.710521028,0.020024349,-0.344013846,0.076577895,-0.069916149,-6.344181568,16.95879433,-0.070208921,-0.054820415,-0.147194444,-0.008764443,0.987333843,0.778412288,0.627732428,0.522621565,0.0,0.0,0.0,0.86058265,0.0,3.672739964
1772729817.053698,0.573108,0.224167,0.439899,-0.04762198,-0.1502771,-0.00640743,0.98747551,-0.096642,-0.301968,0.001737,1.162600487,0.689185855,0.011821068,0.553863755,-1.165031051,-0.229549048,-0.060781539,-0.018807761,1.022745472,0.485069855,-1.254109272,-0.096924525,46554.075233812,57059.910971943,52559.69779568,48030.347946037,0.552554254,0.212029176,0.439580406,1.368066571,0.722882974,0.013714408,-0.367554685,0.087440298,-0.051336486,-6.018126208,17.925161506,-0.032851885,-0.051897062,-0.155556432,-0.008446473,0.986105258,0.770856959,0.636847219,0.523016224,0.0,0.0,0.0,0.86058265,0.0,3.669881888
1772729817.0636978,0.584475,0.231113,0.439988,-0.04430997,-0.15552448,-0.00627752,0.98681779,-0.089974,-0.31257,0.001464,1.127771044,0.693851011,0.004761524,0.566739417,-1.064364032,-0.197839545,-0.057330961,-0.026647852,1.019523644,0.50021686,-1.157698748,-0.096239136,47231.448645701,57202.513391505,52261.597406532,48204.724837908,0.567256608,0.220437255,0.439781239,1.324662399,0.733872029,0.008963324,-0.377028549,0.078015975,-0.059337041,-5.569604157,19.154771365,0.002889326,-0.047903454,-0.166184151,-0.008057193,0.984997052,0.763270607,0.645943504,0.523411058,0.0,0.0,0.0,0.86058265,0.0,3.66699777
1772729817.0736978,0.595586,0.238067,0.440011,-0.04150703,-0.16103716,-0.00653745,0.98605348,-0.08422,-0.323751,0.000502,1.091342513,0.698119508,-0.001783685,0.560040491,-0.977828213,-0.174402091,-0.053871177,-0.034335336,1.015852363,0.514791514,-1.062531605,-0.096007659,48215.931308516,57171.59105471,51870.774381007,48514.198351007,0.580709987,0.228437621,0.439909365,1.28208395,0.743386116,0.00409027,-0.392308184,0.059913588,-0.065197097,-5.274963765,19.734050044,0.004634507,-0.045332005,-0.171178289,-0.007819718,0.984069061,0.755663348,0.654942046,0.523803864,0.0,0.0,0.0,0.86058265,0.0,3.664093047
1772729817.083698,0.606293,0.24503,0.440016,-0.03916372,-0.16536251,-0.00687439,0.98543096,-0.079338,-0.33254,-0.000631,1.054481309,0.699449074,-0.005803502,0.535786021,-0.817173179,-0.115809012,-0.053818459,-0.030207743,1.02176932,0.52936194,-0.899513612,-0.092131733,48073.992146323,57634.664246571,52394.659604175,48147.153059444,0.59542763,0.237618109,0.439978392,1.231730002,0.753259803,-0.001712712,-0.40949095,0.045475343,-0.077036689,-4.987444582,20.278658528,0.004430733,-0.042827501,-0.175872238,-0.007589931,0.982985855,0.746971119,0.664787113,0.524241666,0.0,0.0,0.0,0.86058265,0.0,3.661188254
1772729817.0936975,0.616655,0.252055,0.439927,-0.03594211,-0.16919823,-0.00625114,0.98490662,-0.072926,-0.340266,-0.00016,1.018091084,0.703410247,-0.01366532,0.539304205,-0.720363448,-0.090935425,-0.053765746,-0.026080446,1.027685853,0.543931325,-0.736507278,-0.088256083,48822.675634729,57631.186472155,52086.102167485,48493.266964788,0.610155045,0.247304727,0.439960568,1.177184923,0.762205758,-0.008750402,-0.422984649,0.056011738,-0.057545677,-4.699945964,20.82322806,0.004226974,-0.040323176,-0.180565851,-0.007360159,0.982104671,0.737491744,0.675348851,0.524714749,0.0,0.0,0.0,0.86058265,0.0,3.658283668
1772729817.103697,0.626683,0.259117,0.439676,-0.03367988,-0.17276608,-0.00649157,0.98436548,-0.06819,-0.34752,-0.001215,0.981323372,0.705975498,-0.020374359,0.539264255,-0.589316902,-0.096782884,-0.054886266,-0.033137171,1.018786451,0.536758757,-0.599631537,-0.095910859,48902.466524973,57699.453523866,52217.360571597,48580.567436182,0.620472742,0.254415861,0.439860351,1.136017739,0.768063838,-0.013089662,-0.421773723,0.041290666,-0.076068961,-4.171604218,21.565784138,-0.022677388,-0.035792535,-0.186956105,-0.006993522,0.981507053,0.730771942,0.682614655,0.525044642,0.0,0.0,0.0,0.86058265,0.0,3.655379083
1772729817.1136973,0.636295,0.26617,0.439473,-0.03085147,-0.17518964,-0.00624315,0.9840314,-0.062403,-0.352419,-0.001574,0.942472402,0.709362953,-0.027274502,0.536688477,-0.488347369,-0.090172478,-0.054692812,-0.036323426,1.01369684,0.49686805,-0.535301655,-0.083981171,48973.715702036,57657.679504044,52518.848752801,48833.118800546,0.63010569,0.26132069,0.439670841,1.095979484,0.773027791,-0.018510613,-0.428553065,0.034492343,-0.073728945,-3.92160964,21.883625031,-0.038851004,-0.033658072,-0.189689651,-0.00682726,0.981018087,0.724083273,0.689705837,0.525369592,0.0,0.0,0.0,0.86058265,0.0,3.65247429
1772729817.123697,0.645512,0.273286,0.439201,-0.02803718,-0.17704037,-0.00612471,0.98378509,-0.056575,-0.356165,-0.002266,0.902387904,0.712320221,-0.033701606,0.515005016,-0.412729209,-0.088061514,-0.061191109,-0.011532166,1.030152693,0.44890907,-0.434963977,-0.05629466,48900.534679822,57449.573633566,52940.848141455,49300.996141259,0.639694177,0.26849012,0.439434773,1.053807844,0.777499435,-0.023878489,-0.446304708,0.055957411,-0.067990819,-3.576565367,22.230942173,-0.066741375,-0.030734716,-0.19267484,-0.006580852,0.980582688,0.716832592,0.69723707,0.525718045,0.0,0.0,0.0,0.86058265,0.0,3.649569635
1772729817.1336975,0.65437,0.280429,0.438791,-0.02563712,-0.17932803,-0.00622238,0.98343555,-0.051533,-0.360812,-0.003253,0.861787593,0.715054392,-0.039872008,0.46608159,-0.361316337,-0.074460947,-0.048121647,-0.031458157,1.036554121,0.370746405,-0.326333265,-0.035212156,48885.53910969,57442.250647175,53393.372316126,49322.870158875,0.649075243,0.275847639,0.439128185,1.010016293,0.78149252,-0.028937966,-0.443268829,0.030569053,-0.061340129,-3.17465189,22.626062334,-0.093600795,-0.02732265,-0.196071723,-0.006233644,0.980195603,0.709725436,0.70446982,0.526056085,0.0,0.0,0.0,0.86058265,0.0,3.646664773
1772729817.143698,0.662726,0.287581,0.438405,-0.02310426,-0.18061685,-0.006088,0.98326328,-0.046274,-0.363416,-0.00388,0.820435145,0.717790564,-0.045834096,0.408404083,-0.283071865,-0.050190839,-0.04675749,-0.03856889,1.032147363,0.327575795,-0.209383018,-0.018095934,49299.380246293,57298.928750942,53409.422467957,49539.082684091,0.657628287,0.28288392,0.43875998,0.967700669,0.784806689,-0.033425461,-0.441082616,0.020042418,-0.06183096,-3.075092477,22.72217513,-0.096403846,-0.026471885,-0.19689862,-0.00611018,0.979932931,0.70240099,0.711758274,0.526400512,0.0,0.0,0.0,0.86058265,0.0,3.643759911
1772729817.1536975,0.670778,0.294785,0.437866,-0.0216714,-0.18244237,-0.00592066,0.98295986,-0.043345,-0.367114,-0.003998,0.780151482,0.720191169,-0.052651488,0.32011934,-0.227379994,-0.039132893,-0.047863961,-0.039748954,1.032598277,0.286862413,-0.118822639,-0.001914442,49480.801385791,57090.449290494,53597.817474254,49793.451995634,0.663906169,0.288262146,0.438460859,0.935143791,0.78705481,-0.036835141,-0.440881245,0.024812044,-0.062282534,-2.955463843,22.814962704,-0.099349604,-0.025450504,-0.197697687,-0.005949509,0.979764468,0.696389215,0.717593629,0.52667978,0.0,0.0,0.0,0.86058265,0.0,3.641262679
1772729817.163698,0.678323,0.301981,0.437336,-0.01995383,-0.18300108,-0.00561503,0.98289415,-0.039851,-0.368231,-0.004003,0.739768518,0.721423007,-0.058006815,0.248145435,-0.114037364,-0.017332799,-0.046645585,-0.026289911,1.033129268,0.249910888,-0.030008261,0.012903524,50088.362653682,56715.143371881,53501.506025563,50340.301911138,0.671792102,0.295364537,0.437973618,0.892341182,0.789639475,-0.041723534,-0.440679856,0.029582125,-0.062734151,-2.716034663,22.942946547,-0.097646163,-0.023395723,-0.198804216,-0.005547464,0.979665333,0.690376866,0.723429541,0.526959074,0.0,0.0,0.0,0.86058265,0.0,3.639219333
1772729817.173698,0.68557,0.309213,0.436709,-0.0190902,-0.18373857,-0.00540285,0.9827749,-0.038122,-0.369719,-0.003866,0.700383283,0.722152981,-0.064186386,0.17651207,0.025132887,-0.008128653,-0.044584409,-0.007691293,1.033557486,0.214356731,0.058776454,0.027246832,50317.158141942,56568.31436678,53651.265231395,50630.054311568,0.679021726,0.302262277,0.437461526,0.850560907,0.791776439,-0.046294389,-0.441219157,0.045785595,-0.063010273,-2.479300624,23.010014622,-0.08677676,-0.021350571,-0.199390948,-0.005056977,0.979665918,0.683453718,0.729981491,0.527276824,0.0,0.0,0.0,0.86058265,0.0,3.637176084
1772729817.183698,0.692323,0.316436,0.436075,-0.01832942,-0.18255384,-0.00559497,0.98300907,-0.036431,-0.367313,-0.004615,0.661071784,0.722213179,-0.070487829,0.147664088,0.13602992,0.003075214,-0.048278214,-0.007417295,1.034516752,0.18597284,0.124477521,0.029983901,50356.558605882,56341.560676354,53981.746673824,50897.816648135,0.685209714,0.308470581,0.43694483,0.813173968,0.793469233,-0.050383501,-0.449569701,0.042212971,-0.065279537,-2.387706995,22.988679886,-0.07689663,-0.020550972,-0.199214339,-0.004809299,0.979728442,0.676957466,0.736008812,0.527572227,0.0,0.0,0.0,0.86058265,0.0,3.635132836
1772729817.1936984,0.698779,0.323661,0.435322,-0.0176602,-0.18282039,-0.00538583,0.98297295,-0.035105,-0.367845,-0.004427,0.620246609,0.721602903,-0.075496148,0.140205669,0.1928924,0.011399062,-0.047588323,-0.018359856,1.04175153,0.19971724,0.153350986,0.035955241,50682.987128086,57214.771658343,54089.680101287,49804.971723992,0.691596433,0.315224896,0.436351323,0.772621517,0.795076727,-0.054863726,-0.450811024,0.030393247,-0.062579596,-2.371055408,22.979163848,-0.074279765,-0.02040434,-0.199134107,-0.004756366,0.97985637,0.670182795,0.742179944,0.527877677,0.0,0.0,0.0,0.86058265,0.0,3.63308949
1772729817.203698,0.704756,0.330862,0.434554,-0.0169467,-0.18035288,-0.00500453,0.98344324,-0.033729,-0.362811,-0.00399,0.579221784,0.721382681,-0.079817831,0.16669784,0.237712757,0.020907653,-0.035983154,-0.018951286,1.050099875,0.253278014,0.169553935,0.053602095,51173.512188433,57723.304832714,54132.617252727,49180.971235298,0.699367119,0.323922255,0.435504921,0.72046068,0.796861586,-0.059963501,-0.441858722,0.024625545,-0.054456204,-2.238171114,22.903222707,-0.051553023,-0.019230964,-0.198493899,-0.004318579,0.98006167,0.66159198,0.749852002,0.528261595,0.0,0.0,0.0,0.86058265,0.0,3.631046338
1772729817.2136986,0.710381,0.338079,0.433673,-0.01642808,-0.17938705,-0.00495404,0.98362892,-0.032649,-0.360843,-0.004117,0.534800296,0.723844707,-0.085060668,0.188947538,0.231628545,0.022660667,-0.02920423,-0.019933967,1.050157338,0.292503585,0.194729063,0.059490366,51228.112897613,57649.306744623,54472.167675924,49418.47288926,0.706587754,0.332710499,0.43456721,0.667613504,0.798190175,-0.064120373,-0.432905352,0.018857155,-0.046331844,-2.070060324,22.808643694,-0.018493524,-0.017738936,-0.197696214,-0.003730188,0.980263356,0.652167857,0.758072921,0.528678496,0.0,0.0,0.0,0.86058265,0.0,3.629002944
1772729817.2236986,0.715512,0.345291,0.432861,-0.01478855,-0.17884852,-0.00409999,0.98375693,-0.029524,-0.359716,-0.002967,0.495058009,0.722223086,-0.088284777,0.198485358,0.149786749,0.101038602,-0.029790006,-0.024414959,1.051045234,0.273768101,0.273420615,0.057472951,51755.168150488,57323.575100517,54312.404867892,50016.070577254,0.712117906,0.339960705,0.433724499,0.623974912,0.798695133,-0.067857423,-0.429867057,0.002510997,-0.043009332,-1.911888546,22.71312902,0.012301295,-0.016335789,-0.196888527,-0.003180318,0.980492859,0.644351733,0.764727558,0.529020688,0.0,0.0,0.0,0.86058265,0.0,3.626959695
1772729817.2336984,0.720242,0.352507,0.431985,-0.01420847,-0.17824142,-0.00387802,0.98387656,-0.028384,-0.358474,-0.00274,0.456678738,0.719444664,-0.089717568,0.250901631,0.229770793,0.167982563,-0.032917636,-0.008619748,1.054150385,0.247563843,0.347590631,0.046382339,51644.440990982,57291.571642803,54593.150639906,50215.692002712,0.717242591,0.347224339,0.432881672,0.577936008,0.797802351,-0.071073453,-0.434555417,0.021008975,-0.03844646,-1.648973103,22.490280907,0.060476995,-0.014010256,-0.194993727,-0.002290504,0.980775009,0.637012676,0.770852632,0.529339327,0.0,0.0,0.0,0.86058265,0.0,3.624916495
1772729817.2436984,0.724582,0.359757,0.43107,-0.01253849,-0.17589232,-0.00293293,0.98432519,-0.025215,-0.353671,-0.001453,0.421935698,0.715243592,-0.091485169,0.280949366,0.240687823,0.227456561,-0.030180479,0.000141882,1.051342196,0.193199244,0.446219253,0.042585636,52010.20050248,56604.222624396,54430.68582196,51286.031724402,0.721205538,0.353335828,0.432134253,0.540082952,0.797179779,-0.073469792,-0.429039503,0.029235118,-0.040145573,-1.44038643,22.222322495,0.098393182,-0.012168317,-0.192708456,-0.001580256,0.981107118,0.63013512,0.776479502,0.529635492,0.0,0.0,0.0,0.86058265,0.0,3.622873246
1772729817.253698,0.72853,0.366997,0.430029,-0.01243923,-0.17614372,-0.0016536,0.98428447,-0.025489,-0.354149,0.001202,0.387168337,0.712130147,-0.093535151,0.326830661,0.334412155,0.251007347,-0.027973461,9.3501e-05,1.052137045,0.1358919,0.534750252,0.040134472,52244.501188056,56629.155191664,54483.89588045,51366.234748504,0.724861869,0.359488398,0.431357009,0.503335704,0.796722629,-0.075966384,-0.423683256,0.0189315,-0.033042168,-1.356198244,21.972222861,0.115995819,-0.011424988,-0.190569379,-0.00126215,0.981588267,0.62224948,0.782754711,0.52997143,0.0,0.0,0.0,0.86058265,0.0,3.620955523
1772729817.263698,0.732457,0.373822,0.429245,-0.01094545,-0.17407936,0.00170647,0.98466932,-0.02358,-0.349879,0.007634,0.349412629,0.711487683,-0.09449197,0.325695087,0.535078018,0.206882911,-0.027443096,-0.003161058,1.056932536,0.08331065,0.609267474,0.036570006,52323.210259015,56084.548778799,54633.240962187,52315.043676993,0.729625054,0.368212066,0.430174732,0.452205762,0.796037148,-0.079252605,-0.419004145,0.001594953,-0.02187302,-1.278925124,21.607139964,0.13643188,-0.010739549,-0.187443723,-0.000922833,0.982105157,0.614230151,0.789115933,0.530312644,0.0,0.0,0.0,0.86058265,0.0,3.619813604
1772729817.2736979,0.735679,0.38105,0.428272,-0.00826904,-0.16767509,0.00152232,0.98580646,-0.017816,-0.336902,0.006118,0.308773002,0.712457051,-0.093289541,0.255688705,0.927851477,0.089599624,-0.026912744,-0.00641554,1.061727912,0.030730654,0.68378292,0.033005625,52829.830880882,55816.46989914,54420.928540815,52715.103631532,0.733336365,0.375305713,0.429266315,0.410715754,0.794709246,-0.080376448,-0.418856872,-0.013292752,-0.014750942,-1.23566215,21.164980633,0.156389125,-0.010349015,-0.183654456,-0.000639051,0.982771743,0.605868734,0.795501917,0.530663361,0.0,0.0,0.0,0.86058265,0.0,3.618671712
1772729817.2836971,0.738621,0.388162,0.42727,-0.00826424,-0.16775794,0.00202345,0.9857915,-0.017985,-0.337061,0.007165,0.267749537,0.715396778,-0.09466833,0.126764034,1.185229919,-0.038823353,-0.026382417,-0.009669866,1.06652306,-0.021846835,0.758294812,0.029441413,52636.671487783,55889.778267297,54797.049302919,52835.807193994,0.736839424,0.383087688,0.428233528,0.36631407,0.793610392,-0.080771794,-0.412806819,-0.001781381,-0.00751372,-1.229076437,20.682437579,0.171796493,-0.010282242,-0.179515143,-0.000450481,0.983593833,0.59743691,0.801914449,0.531016475,0.0,0.0,0.0,0.86058265,0.0,3.617529875
1772729817.293697,0.741013,0.395415,0.426312,-0.00684883,-0.16014208,0.00172574,0.98706871,-0.014834,-0.321636,0.005903,0.226908763,0.716795924,-0.096117535,-0.078481642,1.195131861,-0.088469599,-0.025852052,-0.012924425,1.071318551,-0.074428085,0.832812034,0.025876947,52582.830352657,55975.964859841,55021.344443886,52929.059077665,0.74017074,0.391705014,0.427061752,0.318262945,0.792494737,-0.080538791,-0.397870108,0.007825536,-0.003761076,-1.218387102,20.530781734,0.179020942,-0.010183627,-0.17821412,-0.000357589,0.984381806,0.587347267,0.809324301,0.531433744,0.0,0.0,0.0,0.86058265,0.0,3.616387956
1772729817.303697,0.74297,0.402609,0.42545,-0.00831397,-0.1507789,0.00025224,0.98853252,-0.017301,-0.302697,0.003149,0.186382035,0.719299326,-0.098329503,-0.279601921,1.043135597,-0.090247742,-0.021358262,-0.014969977,1.07738918,-0.066929602,0.797985986,0.012740617,52474.091095687,56300.920814541,55198.977745969,52768.815729063,0.742650277,0.399604263,0.426028588,0.275383081,0.791756824,-0.079889898,-0.383103483,0.012547892,0.004755122,-1.277445663,19.731471022,0.188634695,-0.010700829,-0.171346637,-0.000287669,0.985156594,0.578609617,0.815590618,0.531792164,0.0,0.0,0.0,0.86058265,0.0,3.615246038
1772729817.3136969,0.744757,0.409741,0.42446,-0.01009839,-0.1432316,-0.00114828,0.98963701,-0.020501,-0.28746,0.000647,0.151783051,0.718818926,-0.097917537,-0.299083848,0.917456816,-0.094797401,-0.016842822,-0.017008844,1.083466664,-0.059101483,0.762560513,-0.000447947,52264.799382932,56711.782764182,55369.300750298,52530.592665311,0.744597663,0.407128121,0.425056208,0.235396074,0.791141407,-0.078569259,-0.370477298,0.006742517,0.017065774,-1.271972951,19.605643885,0.193244558,-0.010650639,-0.170265945,-0.000228184,0.985839362,0.569865345,0.821723261,0.532148186,0.0,0.0,0.0,0.86058265,0.0,3.614104146
1772729817.3236969,0.746171,0.41691,0.423348,-0.01146835,-0.14554256,-0.00039614,0.98928544,-0.023576,-0.292112,0.002667,0.115429345,0.71922893,-0.096503841,-0.25941962,0.789307253,-0.129482538,-0.013642866,-0.019416131,1.088736889,-0.053322053,0.729664109,-0.012799686,52284.804827456,57066.089831228,55394.298793136,52247.61443994,0.746103656,0.414154723,0.42408921,0.198816122,0.790644893,-0.076829479,-0.367199727,0.002626782,0.024259811,-1.294779147,19.220774076,0.189219594,-0.010864579,-0.166955048,-0.000258245,0.986427205,0.561926652,0.82717276,0.53246918,0.0,0.0,0.0,0.86058265,0.0,3.612962227
1772729817.3336966,0.747119,0.423994,0.42249,-0.0142758,-0.14399273,-0.00043249,0.98947567,-0.029347,-0.288972,0.003396,0.084044039,0.715794583,-0.093705995,-0.1541995,0.553711876,-0.113096289,-0.018515335,-0.023777366,1.088573201,-0.051250348,0.712965395,-0.019257143,52730.298611275,57689.185061184,55065.722278547,51490.956876429,0.747269445,0.421260243,0.423120904,0.162282009,0.790181081,-0.07445038,-0.363133185,-0.000162579,0.025904282,-1.325843966,18.475031829,0.160096192,-0.011195304,-0.160532151,-0.000478165,0.986984866,0.553764159,0.832659616,0.532797023,0.0,0.0,0.0,0.86058265,0.0,3.611820336
1772729817.3436968,0.747693,0.431381,0.421531,-0.01277469,-0.13721473,-0.00241679,0.990456,-0.02561,-0.275338,-0.001332,0.051837423,0.712386208,-0.087350977,-0.01954553,0.529233162,-0.106572995,-0.018222995,-0.023616233,1.086903205,0.040120191,0.693311781,-0.021131327,52559.902161856,56939.063278034,55252.064904972,52419.36120492,0.748061501,0.428565349,0.42217792,0.125638334,0.789950491,-0.071712314,-0.357060752,0.000461669,0.027237721,-1.303406125,17.976758817,0.13825263,-0.011045231,-0.156236771,-0.000586388,0.98754599,0.545134217,0.83833459,0.533141318,0.0,0.0,0.0,0.86058265,0.0,3.610678389
1772729817.3536963,0.748118,0.438463,0.420686,-0.01088892,-0.13242514,-0.00403786,0.99112497,-0.021263,-0.265703,-0.005306,0.018242247,0.708854308,-0.082225428,0.061363225,0.780938457,-0.09703567,-0.013287857,-0.022657185,1.089896859,0.067599519,0.665175166,-0.025286566,52644.454609595,57267.625587959,55237.09360301,52068.682737535,0.74856477,0.436716429,0.421163365,0.085919917,0.789714475,-0.0684418,-0.342093333,0.004195655,0.038237848,-1.26768683,17.541877098,0.118684085,-0.010775081,-0.152486621,-0.000663419,0.988180895,0.535865216,0.844288602,0.533508522,0.0,0.0,0.0,0.86058265,0.0,3.610557318
1772729817.3636963,0.748085,0.445407,0.419954,-0.01292997,-0.13088736,-0.00335442,0.99130725,-0.025639,-0.262593,-0.003382,-0.013352655,0.705083462,-0.078332359,0.092781647,1.038417146,-0.064590891,-0.008352483,-0.021698091,1.092890656,0.095080158,0.637037209,-0.029442003,52413.360670429,57924.330975852,55346.132390341,51299.038438249,0.748664136,0.444292559,0.420295563,0.049153234,0.789029684,-0.064342545,-0.331142997,0.003390092,0.045330781,-1.187700692,17.164373485,0.099643522,-0.010118578,-0.14922889,-0.000687036,0.988699477,0.526469937,0.850179646,0.533878172,0.0,0.0,0.0,0.86058265,0.0,3.610557318
1772729817.3736963,0.747995,0.452373,0.419171,-0.01122994,-0.12726652,-0.00273084,0.99180122,-0.022305,-0.255271,-0.002644,-0.044772653,0.702378914,-0.075776956,0.068322249,1.129671123,-0.008948125,-0.005887165,-0.022651851,1.093060198,0.106365349,0.627380066,-0.041073265,52288.166201117,57812.520734852,55289.283304684,51559.634185647,0.748513771,0.450798031,0.419583194,0.018158849,0.788142013,-0.060334505,-0.326184434,-0.002024034,0.044248938,-1.109642973,16.827183139,0.078412467,-0.009478955,-0.146317506,-0.000739983,0.989135416,0.518468765,0.855081618,0.53419096,0.0,0.0,0.0,0.86058265,0.0,3.610557318
1772729817.3836968,0.747249,0.459481,0.418485,-0.01168809,-0.12084128,-0.00339367,0.99259723,-0.023059,-0.242338,-0.00403,-0.077566993,0.701741967,-0.069857176,8.1951e-05,1.103952544,0.018528824,-0.009144944,-0.028425653,1.088182927,0.08233579,0.657473246,-0.066301504,52345.530399264,58042.835610872,55036.725968221,51400.791792306,0.748080039,0.457101123,0.41893287,-0.011214096,0.787263507,-0.056575647,-0.322434083,-0.0081955,0.041430058,-1.108818531,16.82362175,0.078188226,-0.0094722,-0.146286756,-0.000740542,0.989548554,0.510843219,0.85966016,0.534487463,0.0,0.0,0.0,0.86058265,0.0,3.610557318
1772729817.3936968,0.746248,0.466561,0.417626,-0.01097435,-0.11136764,-0.00330412,0.99371319,-0.021613,-0.223258,-0.004227,-0.10956817,0.704972351,-0.064710163,0.012803078,1.043064442,-0.014561365,-0.013762686,-0.036759944,1.090803301,0.062323131,0.680052999,-0.070457447,52433.049836497,57893.415499004,54867.742688029,51640.866731215,0.747430577,0.462832846,0.418340229,-0.037413519,0.786469421,-0.053351078,-0.319226857,-0.015345503,0.042710229,-1.040127536,16.55503838,0.050639913,-0.008918257,-0.143966012,-0.000869938,0.989967616,0.503819316,0.863798078,0.53475923,0.0,0.0,0.0,0.86058265,0.0,3.610557318
1772729817.4036973,0.745068,0.473567,0.417118,-0.01119825,-0.1077414,-0.0036701,0.99410911,-0.021986,-0.215971,-0.005,-0.138793742,0.705659939,-0.058548813,0.039555978,0.829961871,-0.044534245,-0.012383895,-0.031701076,1.09163158,0.06551262,0.682301204,-0.057309463,52483.177659192,57574.177659192,54792.813826598,52033.673402087,0.746700665,0.467909884,0.417803744,-0.060259546,0.785722534,-0.050508421,-0.31570224,-0.014194316,0.046013915,-0.986181814,16.293713497,0.021110979,-0.00849258,-0.141707154,-0.00103774,0.990298967,0.498118774,0.867104406,0.534978902,0.0,0.0,0.0,0.86058265,0.0,3.610557318
1772729817.413697,0.743557,0.480597,0.416569,-0.01141085,-0.10402643,-0.00419402,0.99450023,-0.022309,-0.208512,-0.0061,-0.165968282,0.703277691,-0.052155936,0.015710838,0.584795,-0.025039743,-0.010515874,-0.02868454,1.090925011,0.076234129,0.684236196,-0.052523108,52477.519336851,57568.519336851,54745.661140425,52001.609575489,0.745879272,0.472568386,0.417398599,-0.080841609,0.784931722,-0.04730384,-0.308142088,-0.011732839,0.046952729,-0.944604515,16.059969268,-0.006021263,-0.00816956,-0.139686267,-0.001203635,0.99057348,0.492417163,0.870344187,0.535197466,0.0,0.0,0.0,0.86058265,0.0,3.610557318
1772729817.4236972,0.741748,0.48766,0.416143,-0.01096506,-0.10506108,-0.00401095,0.99439723,-0.02144,-0.210586,-0.005801,-0.189396509,0.700390353,-0.047712555,0.05145856,0.479521772,-0.012317028,-0.008132739,-0.027817053,1.088603029,0.094883911,0.68584179,-0.056536226,52636.990103507,57357.602849425,54581.544617885,52192.128989076,0.745092244,0.476526641,0.417071036,-0.098058853,0.784242315,-0.044631625,-0.29958229,-0.009279606,0.046883902,-0.916846258,15.868809472,-0.024740315,-0.007953739,-0.13803315,-0.001318744,0.99081801,0.48700434,0.873392123,0.535404518,0.0,0.0,0.0,0.86058265,0.0,3.610557318
1772729817.4336967,0.739733,0.49466,0.415617,-0.01041203,-0.10169938,-0.0038394,0.99475328,-0.020357,-0.20382,-0.005637,-0.214645601,0.699031358,-0.043721196,0.056503216,0.563198529,-0.023168747,-0.006319857,-0.028164578,1.088144346,0.088086603,0.732517876,-0.054757452,52857.056785313,57071.365775823,54374.5114981,52464.329918963,0.744326821,0.480045893,0.4167921,-0.11316679,0.783616494,-0.04229313,-0.298698553,-0.011265975,0.048842055,-0.887524646,15.671995551,-0.044039383,-0.007725059,-0.136331105,-0.001436734,0.991056866,0.482276053,0.876008593,0.535584677,0.0,0.0,0.0,0.86058265,0.0,3.610557318
1772729817.4436972,0.737447,0.50163,0.415198,-0.01016455,-0.09827992,-0.00400979,0.99509882,-0.019826,-0.196949,-0.0061,-0.239845508,0.698197266,-0.041412666,0.071362372,0.782719527,-0.03688059,-0.004848678,-0.029240739,1.088802938,0.06602886,0.806227197,-0.04950529,53055.093470689,56835.974531449,54130.361277482,52660.717358052,0.743164847,0.484755526,0.416462914,-0.13307042,0.782766055,-0.038906895,-0.293854342,-0.013704572,0.052280732,-0.8104728,15.302350852,-0.081065907,-0.007103835,-0.133133487,-0.001642825,0.991438923,0.476653423,0.879077981,0.53579821,0.0,0.0,0.0,0.86058265,0.0,3.610557318
1772729817.4536965,0.73498,0.508555,0.4148,-0.00998826,-0.0921127,-0.00432689,0.99568909,-0.019424,-0.184564,-0.006894,-0.262219597,0.696425023,-0.035016234,0.051381062,0.937168493,-0.032574129,-0.003377675,-0.030316773,1.089461452,0.043973747,0.879927731,-0.044253755,53260.645239397,56155.825743966,53886.387331094,53287.08622979,0.741495513,0.490878577,0.41605536,-0.158515999,0.781590377,-0.034270088,-0.283043796,-0.016579887,0.057365378,-0.745036146,14.954576665,-0.109548302,-0.00657049,-0.130124247,-0.001794347,0.99190956,0.469696924,0.882819998,0.536061494,0.0,0.0,0.0,0.86058265,0.0,3.610557318
1772729817.4636967,0.732229,0.515545,0.414461,-0.00961021,-0.08741678,-0.004675,0.9961145,-0.018614,-0.175138,-0.007752,-0.285123854,0.695545924,-0.028627572,0.019629649,1.039856399,-0.027031058,-0.001922497,-0.031236192,1.089912812,0.024882387,0.948370198,-0.039566488,53525.853717704,56162.123295414,53560.771450105,53119.064579948,0.739283588,0.498067401,0.415592051,-0.187583307,0.780028868,-0.028651625,-0.2716694,-0.017315433,0.05738651,-0.666530639,14.499275643,-0.143015998,-0.005927266,-0.126183258,-0.001972536,0.992480711,0.460498462,0.887651528,0.536407843,0.0,0.0,0.0,0.86058265,0.0,3.610557318
1772729817.4736972,0.729243,0.522526,0.414245,-0.00939482,-0.08310843,-0.00498252,0.99648377,-0.018147,-0.166494,-0.008486,-0.307802081,0.69579099,-0.021636112,0.009006835,1.050536803,-0.007777917,-0.000647075,-0.030390838,1.088030715,0.039189119,0.957523983,-0.041238985,53638.843427296,56108.727602568,53312.977951437,53056.903711973,0.736788526,0.505315056,0.415173021,-0.21584937,0.778256479,-0.022991823,-0.260294732,-0.018050997,0.057407642,-0.606611335,13.986962418,-0.171019433,-0.005434618,-0.121745704,-0.002128085,0.993087386,0.451946557,0.892037124,0.536728214,0.0,0.0,0.0,0.86058265,0.0,3.611634236
1772729817.4836974,0.726025,0.529474,0.414064,-0.00936194,-0.07849503,-0.00505562,0.99685773,-0.018096,-0.157239,-0.008717,-0.33045589,0.693555984,-0.013845934,0.016092031,0.935883206,-0.019967203,0.000731704,-0.028538354,1.086241131,0.053405204,0.963543436,-0.042837792,53775.801014906,55757.80843641,53041.747542023,53384.064446559,0.734078341,0.512478742,0.414801956,-0.24259608,0.776406421,-0.017394235,-0.249238976,-0.015667296,0.05790732,-0.552309888,13.469185188,-0.197273094,-0.004987789,-0.117260178,-0.002275881,0.9935954,0.441325517,0.897333822,0.537123846,0.0,0.0,0.0,0.86058265,0.0,3.613229174
1772729817.4936967,0.72271,0.536357,0.413992,-0.00958484,-0.0733576,-0.00442557,0.99724982,-0.01867,-0.146925,-0.007501,-0.352105017,0.691562742,-0.00697489,0.029801024,0.856281822,-0.043380681,0.003525732,-0.012898049,1.085717591,0.066383625,0.926655945,-0.043428187,53886.566026038,55877.604463732,52795.999380037,53174.130812151,0.731585995,0.518559905,0.414538878,-0.264384442,0.774847373,-0.012562291,-0.239141221,-0.003215396,0.060132669,-0.502622856,12.967421601,-0.222336433,-0.004576903,-0.112910839,-0.002423628,0.994066113,0.433446531,0.901170415,0.537415945,0.0,0.0,0.0,0.86058265,0.0,3.61482396
1772729817.5036972,0.719016,0.543307,0.413887,-0.00930776,-0.06869699,-0.00514244,0.9975809,-0.018035,-0.137591,-0.009067,-0.372758883,0.688437117,0.000415055,0.051920755,0.734928672,-0.079778958,0.005383232,-0.019150591,1.084246446,0.089906621,0.895491521,-0.047819083,53474.85976721,56337.976283625,53035.405146648,52535.659878988,0.72872918,0.525050386,0.414324623,-0.286751642,0.773149625,-0.007261254,-0.226868628,-0.007231633,0.061074212,-0.444678342,12.438878112,-0.249185506,-0.00409293,-0.10832704,-0.002582758,0.994539592,0.425468565,0.904967774,0.537710467,0.0,0.0,0.0,0.86058265,0.0,3.616418936
1772729817.5136971,0.715208,0.550188,0.41394,-0.00868476,-0.06490392,-0.00572166,0.99783732,-0.016731,-0.129992,-0.010379,-0.392828813,0.685382025,0.009201524,0.082584982,0.45139921,-0.129040845,0.007093731,-0.02647136,1.087104798,0.110605935,0.806333669,-0.060230363,52913.494427752,56899.042611308,53292.38363835,51811.940344168,0.725079184,0.532766953,0.414150896,-0.312165693,0.770972747,-0.000664723,-0.210167324,-0.017574731,0.070420123,-0.371099529,11.860496968,-0.280667048,-0.003473876,-0.103308849,-0.002771284,0.995012898,0.41588969,0.909407407,0.538062435,0.0,0.0,0.0,0.86058265,0.0,3.618013836
1772729817.5236976,0.711154,0.556945,0.414141,-0.00810698,-0.06610779,-0.00695794,0.99775529,-0.015393,-0.132418,-0.012926,-0.410435959,0.683575089,0.015976899,0.096946633,0.257631346,-0.15613213,0.008787552,-0.033725949,1.090540051,0.130695314,0.709456165,-0.073653596,52638.58339938,56624.872685352,53225.202175949,52026.612219901,0.721453549,0.539951227,0.414060824,-0.33486354,0.768798288,0.006121696,-0.202901559,-0.025024581,0.071712476,-0.287761233,11.365473286,-0.311692264,-0.002767929,-0.09901245,-0.002955835,0.995404538,0.405479668,0.914092107,0.538442946,0.0,0.0,0.0,0.86058265,0.0,3.619608813
1772729817.533698,0.70701,0.563878,0.41422,-0.00768137,-0.06093722,-0.00708509,0.9980869,-0.014579,-0.122053,-0.013306,-0.42564961,0.683082683,0.019845124,0.099805548,0.315209104,-0.127609868,0.008626035,-0.034971229,1.086789757,0.102648756,0.690306338,-0.071007516,52139.402506784,56307.556661067,53406.214627213,52232.37433777,0.71765276,0.54699604,0.414030199,-0.356310435,0.766570346,0.012751165,-0.201339942,-0.021937381,0.065627746,-0.114235666,10.56568264,-0.382845809,-0.001299476,-0.092068412,-0.003420122,0.99576129,0.396488526,0.918029213,0.538770122,0.0,0.0,0.0,0.86058265,0.0,3.621203789
1772729817.5436988,0.702637,0.570619,0.414573,-0.0071423,-0.06297069,-0.00785782,0.99795888,-0.013372,-0.126131,-0.014903,-0.438571863,0.681903234,0.024855871,0.062832056,0.459332597,-0.089623577,0.008464513,-0.036216539,1.083039373,0.074601529,0.671156054,-0.068361373,52259.155744526,55920.018151558,53107.941904613,52345.495319083,0.713073894,0.554954364,0.414129738,-0.379656639,0.763689979,0.019920176,-0.189402788,-0.017729966,0.062018321,-0.084311472,10.430614876,-0.395406802,-0.001046342,-0.090895645,-0.003503185,0.996109399,0.386135723,0.922428904,0.539145107,0.0,0.0,0.0,0.86058265,0.0,3.622798803
1772729817.5536988,0.698183,0.577429,0.414872,-0.00677652,-0.06253892,-0.00853309,0.99798304,-0.012557,-0.125269,-0.016313,-0.453088253,0.680982293,0.030609955,0.032392296,0.597894717,-0.082563699,0.008303003,-0.037461761,1.079289258,0.046556309,0.65200714,-0.065715419,52070.501255761,55630.112742528,53065.911737918,52371.886595093,0.708564118,0.562414706,0.41428477,-0.400559938,0.760900432,0.026347684,-0.173290093,-0.024289434,0.063800567,-0.001929366,10.002327677,-0.439650341,-0.000350953,-0.087175265,-0.003823951,0.996409391,0.376164385,0.926539275,0.539504608,0.0,0.0,0.0,0.86058265,0.0,3.624393703
1772729817.5636995,0.693644,0.584302,0.415032,-0.00674109,-0.05484821,-0.00844906,0.9984362,-0.012611,-0.10986,-0.016231,-0.467597513,0.67854243,0.038303281,0.010259466,0.649093727,-0.075678073,0.007950229,-0.03616835,1.07578406,0.023887895,0.637306729,-0.06616198,51897.563081395,55459.335949612,52922.693992248,52426.982655039,0.704617795,0.568651722,0.414495354,-0.417429202,0.758444938,0.031804866,-0.170583205,-0.035882921,0.062030239,0.084546204,9.37353003,-0.491844106,0.000384908,-0.081710664,-0.004217919,0.996631708,0.367184482,0.930110021,0.539826731,0.0,0.0,0.0,0.86058265,0.0,3.625988717
1772729817.5736995,0.688895,0.591091,0.415439,-0.00656394,-0.0491205,-0.00849448,0.99873517,-0.012337,-0.098387,-0.016403,-0.482448809,0.675328364,0.04695628,-0.014747741,0.551868727,-0.099755935,0.007014495,-0.027136421,1.073026496,0.017616978,0.636171618,-0.07603579,51859.429049133,55410.526843779,52573.415673402,52428.397415119,0.701089247,0.574047454,0.414731763,-0.431582009,0.756244382,0.036555291,-0.167217283,-0.031541265,0.060217194,0.101577243,9.178268143,-0.511134682,0.000526955,-0.080013008,-0.004375419,0.996851906,0.359721901,0.933009475,0.540093607,0.0,0.0,0.0,0.86058265,0.0,3.628213296
1772729817.5836995,0.683986,0.59776,0.416096,-0.00710462,-0.04997425,-0.00989498,0.99867622,-0.013268,-0.100124,-0.019151,-0.495848336,0.67300105,0.053917728,-0.033438147,0.457724057,-0.111274655,0.006078762,-0.018104492,1.070268931,0.01134606,0.635036507,-0.0859096,51784.969983545,55339.98925687,52327.281042537,52421.831911634,0.697554257,0.57935376,0.41497046,-0.444969433,0.754122932,0.041021871,-0.160969162,-0.019674185,0.057497036,0.111662443,9.026367841,-0.527134362,0.000609608,-0.078692116,-0.004509268,0.997052453,0.352203264,0.935920347,0.540362363,0.0,0.0,0.0,0.86058265,0.0,3.630651744
1772729817.5937,0.67891,0.60448,0.416687,-0.00665745,-0.04896932,-0.0103148,0.99872483,-0.012347,-0.098108,-0.020049,-0.509411636,0.669885798,0.06156894,-0.026283381,0.255152735,-0.114249688,0.009595333,-0.013849034,1.070374918,0.001556508,0.635210909,-0.081614801,51622.689290329,55042.049781808,52293.315902387,52544.242838685,0.69327651,0.585663601,0.415224651,-0.459993802,0.751736156,0.045765282,-0.153079008,-0.013830138,0.059097925,0.126237211,8.767406271,-0.558780372,0.000726006,-0.076439832,-0.004777935,0.997262886,0.343978664,0.938975094,0.540654802,0.0,0.0,0.0,0.86058265,0.0,3.633090307
1772729817.6037,0.67377,0.611163,0.41729,-0.00693053,-0.04778715,-0.0105576,0.9987777,-0.012895,-0.09575,-0.020522,-0.520277419,0.667672082,0.066465079,-0.011717722,0.187885567,-0.106493835,0.011736361,-0.022823237,1.070713594,0.001422497,0.631600269,-0.063339966,51598.628984752,54547.903922846,52120.738146748,52712.338720188,0.688419379,0.592564564,0.415614613,-0.475788081,0.749055463,0.051393916,-0.142181503,-0.024347641,0.060547919,0.147581582,8.393135397,-0.60447791,0.000898721,-0.073184151,-0.005166823,0.997508265,0.334299126,0.942465877,0.5409978,0.0,0.0,0.0,0.86058265,0.0,3.635528754
1772729817.6137,0.668545,0.617871,0.417941,-0.00714825,-0.04624635,-0.01154345,0.99883779,-0.01327,-0.092683,-0.022497,-0.529601379,0.66627548,0.069354514,0.007264698,0.343252837,-0.076035464,0.00320723,-0.031576138,1.064950768,0.016163685,0.612766899,-0.057774439,51642.938770757,54772.829540955,51752.784591378,52140.900295782,0.68314536,0.599736696,0.41620291,-0.491688343,0.746048221,0.05779186,-0.14319807,-0.032712459,0.056877693,0.169252794,8.013473623,-0.644153269,0.001080843,-0.069880869,-0.00550446,0.997729562,0.323751128,0.946137932,0.541370128,0.0,0.0,0.0,0.86058265,0.0,3.637967201
1772729817.6237,0.663212,0.624504,0.418641,-0.00692521,-0.04445682,-0.01160533,0.99891989,-0.012855,-0.089096,-0.022662,-0.539732741,0.66503525,0.072642532,0.014917131,0.482410286,-0.04435049,0.004175479,-0.025056948,1.059941412,0.031874765,0.570703533,-0.059635739,51540.024791323,54689.651871845,51499.589393712,51994.905283151,0.678265662,0.606169461,0.416778723,-0.505341639,0.743358465,0.063121943,-0.136638721,-0.029168202,0.050260376,0.196335444,7.651850741,-0.677274405,0.001315359,-0.066734234,-0.005783023,0.997926745,0.314999039,0.949091512,0.541678002,0.0,0.0,0.0,0.86058265,0.0,3.640405649
1772729817.6337004,0.657729,0.631163,0.419414,-0.00653689,-0.04108498,-0.01146839,0.99906845,-0.012161,-0.082336,-0.022456,-0.55000404,0.662922194,0.078115479,0.00845526,0.498229102,-0.036808989,0.01184672,-0.024244583,1.057183708,0.062678027,0.545887086,-0.060033092,51687.338114754,54835.069672131,51006.207991803,51614.792008197,0.672888996,0.613091473,0.417433449,-0.519219344,0.740430525,0.068243535,-0.120385633,-0.024458096,0.052108727,0.232311641,7.305318598,-0.709855452,0.001628718,-0.063718962,-0.006053109,0.998103193,0.304835496,0.952401582,0.542034292,0.0,0.0,0.0,0.86058265,0.0,3.642844212
1772729817.6437004,0.652241,0.637743,0.420232,-0.00649532,-0.03836237,-0.01205086,0.99917011,-0.012091,-0.076893,-0.023655,-0.559230564,0.660752398,0.08326661,0.026679533,0.494165737,-0.027088474,0.006896887,-0.030687752,1.052501683,0.06749596,0.502254252,-0.061204356,50986.07925478,55065.222213875,51386.890921384,51189.256131916,0.668575071,0.618566142,0.417976118,-0.529692513,0.738149325,0.07223797,-0.12194356,-0.032028974,0.04625166,0.270004923,7.0310194,-0.737600286,0.00195727,-0.061332467,-0.006280434,0.998240845,0.298315332,0.954457011,0.542262178,0.0,0.0,0.0,0.86058265,0.0,3.645282659
1772729817.6537004,0.646562,0.644343,0.421116,-0.00627454,-0.03624867,-0.01213187,0.99924946,-0.011691,-0.072659,-0.023856,-0.567468704,0.658067255,0.088318169,0.048357239,0.48425801,-0.016783614,0.004529002,-0.032334416,1.051779151,0.078746381,0.47088339,-0.062596222,51315.346692709,54636.701911881,50874.084457048,51418.482984637,0.664258731,0.623915188,0.418542847,-0.539387276,0.735803645,0.075677975,-0.118368814,-0.034248966,0.046453781,0.309144437,6.804781251,-0.76194653,0.002298433,-0.059364462,-0.006477449,0.998339259,0.289974081,0.95702325,0.542553104,0.0,0.0,0.0,0.86058265,0.0,3.647721106
1772729817.6637013,0.640812,0.650961,0.421934,-0.00643435,-0.03450296,-0.01210759,0.99931054,-0.012053,-0.069169,-0.023814,-0.574200664,0.655406161,0.093059083,0.067386903,0.489336204,-0.039796471,0.011561076,-0.027269221,1.053378946,0.10189198,0.460483737,-0.061587019,50862.677502478,54385.389296333,51034.567888999,51449.747076313,0.659344718,0.629895196,0.419217379,-0.549887181,0.733163527,0.079747647,-0.107214069,-0.033212339,0.046766001,0.365475688,6.53865956,-0.795696404,0.002788176,-0.057050117,-0.006750629,0.998460799,0.281437063,0.959566661,0.542850044,0.0,0.0,0.0,0.86058265,0.0,3.650159786
1772729817.6737013,0.63507,0.657479,0.422935,-0.0058234,-0.03181226,-0.01228424,0.9994014,-0.010881,-0.063773,-0.024235,-0.580908149,0.652099981,0.097266352,0.099691313,0.489219089,-0.038019052,0.014728281,-0.028341857,1.044692805,0.09335031,0.431797788,-0.056403273,50745.78964955,53692.302401417,50930.886813342,51910.465770245,0.654529532,0.635659663,0.41991049,-0.55952773,0.730506576,0.083518093,-0.098775045,-0.035078518,0.040629399,0.436305474,6.281404827,-0.825586022,0.003408277,-0.054813828,-0.006987952,0.998559281,0.272318479,0.962169155,0.543166143,0.0,0.0,0.0,0.86058265,0.0,3.652598233
1772729817.6837013,0.629275,0.663964,0.423943,-0.00486292,-0.02950535,-0.01259469,0.99947344,-0.008993,-0.059137,-0.024935,-0.587930009,0.649635157,0.100662198,0.134095175,0.50882612,-0.028807412,0.014712105,-0.020939707,1.042639617,0.065132042,0.439684044,-0.051162517,50809.276506888,53376.620582185,50586.893972449,51896.786012591,0.648483015,0.64275264,0.420821575,-0.570858893,0.727132643,0.087692334,-0.095215744,-0.033095783,0.036193234,0.50713526,6.024150093,-0.855475641,0.004028379,-0.052577539,-0.007225275,0.998687496,0.261816263,0.965083253,0.543529445,0.0,0.0,0.0,0.86058265,0.0,3.655319129
1772729817.6937015,0.623331,0.670442,0.424975,-0.00408685,-0.02631476,-0.012611,0.9995658,-0.007517,-0.052734,-0.025033,-0.59212438,0.645767574,0.104223992,0.146172062,0.486511881,-0.033981366,0.01511116,-0.017400398,1.039530304,0.045895131,0.435022165,-0.044562375,50647.646888063,53572.913686329,50549.733588791,51403.051478557,0.641656489,0.650557287,0.421883188,-0.58246027,0.723325424,0.091675921,-0.090209443,-0.030850572,0.032437266,0.577966734,5.766889226,-0.885365973,0.004648495,-0.050341197,-0.007462604,0.998771,0.252236911,0.967651952,0.543860064,0.0,0.0,0.0,0.86058265,0.0,3.658063655
1772729817.7037022,0.617388,0.676899,0.426013,-0.00371878,-0.02384256,-0.01323248,0.99962123,-0.006812,-0.047784,-0.026311,-0.59830702,0.643618155,0.107017915,0.123945844,0.432239823,-0.036035329,0.01616124,-0.019917408,1.034765114,0.040739444,0.410686644,-0.035830849,50429.398411269,53532.277946114,50408.055523708,51045.785930718,0.635033967,0.658078455,0.422918892,-0.593378723,0.719629593,0.095367412,-0.08852897,-0.035043564,0.02539709,0.651011338,5.425835512,-0.916125377,0.005296249,-0.047374787,-0.007716785,0.998906764,0.239449494,0.970771329,0.544298869,0.0,0.0,0.0,0.86058265,0.0,3.660808312
1772729817.713703,0.611326,0.68333,0.427075,-0.00288331,-0.02248981,-0.0127441,0.99966168,-0.005197,-0.045053,-0.025378,-0.60474133,0.64204696,0.108618324,0.080389408,0.364822697,-0.031837196,0.017211321,-0.022434419,1.029999924,0.035583757,0.386351123,-0.027099324,50161.241728669,52782.553246342,50182.96573871,51392.757457202,0.62704395,0.666918915,0.424281916,-0.604859424,0.714957926,0.098770503,-0.076768147,-0.036588372,0.022689848,0.722509393,5.113991481,-0.937738126,0.005933511,-0.044662395,-0.007893757,0.999038027,0.222934062,0.974647143,0.544864368,0.0,0.0,0.0,0.86058265,0.0,3.66355297
1772729817.7237024,0.605281,0.689753,0.428162,-0.00237055,-0.02072563,-0.01300309,0.99969783,-0.004204,-0.041512,-0.025925,-0.610311674,0.639872871,0.110381554,0.050678209,0.291378867,-0.019810058,0.018261276,-0.024951129,1.025235303,0.030428685,0.362018502,-0.018368839,49842.551211018,52230.381826817,50104.18825104,51580.226301323,0.614918839,0.679996963,0.426391298,-0.620566316,0.707789215,0.103004508,-0.06410651,-0.037918434,0.020551584,0.814519949,4.772880399,-0.970363543,0.006749174,-0.041696843,-0.008164944,0.999142147,0.207233683,0.978274127,0.545401549,0.0,0.0,0.0,0.86058265,0.0,3.6662973
1772729817.733702,0.599255,0.696072,0.429331,-0.00233655,-0.01958199,-0.0133529,0.99971635,-0.004152,-0.039225,-0.02663,-0.616260669,0.637834932,0.111745775,0.036238652,0.270605506,-0.00197116,0.019446115,-0.025417909,1.02197773,0.05534298,0.305852397,-0.010485986,49523.860693367,52900.95979104,50205.589779383,50490.159871631,0.607595743,0.687732193,0.427685879,-0.629092933,0.703457582,0.105514447,-0.059539455,-0.039982108,0.018195185,0.872125483,4.484705519,-0.98939753,0.007266741,-0.039189557,-0.00832941,0.999217615,0.195782808,0.98060304,0.54579108,0.0,0.0,0.0,0.86058265,0.0,3.66904163
1772729817.743702,0.592941,0.702521,0.430426,-0.00251027,-0.01793276,-0.01348042,0.99974516,-0.004539,-0.035932,-0.026885,-0.620247581,0.634719758,0.11343383,0.029186546,0.261982718,-0.002030175,0.017961102,-0.023838981,1.01562651,0.082097717,0.271475473,-0.006840802,49931.239064273,52276.12178892,49515.13961106,50906.106829671,0.600909848,0.694724687,0.428913978,-0.636165801,0.699401481,0.107640072,-0.057141803,-0.0292109,0.011511424,0.925752379,4.276384751,-0.993941928,0.007749095,-0.037377276,-0.00836598,0.999275781,0.184861903,0.982727822,0.54616196,0.0,0.0,0.0,0.86058265,0.0,3.671786091
1772729817.7537024,0.586731,0.708821,0.431562,-0.00207401,-0.01674556,-0.01321271,0.99977033,-0.003707,-0.033545,-0.026368,-0.62307845,0.630969075,0.114929072,0.03263392,0.243573073,0.00542735,0.01647602,-0.022259977,1.009274988,0.10885373,0.237096911,-0.003195444,49818.269334853,52379.835151688,49514.597749608,50413.424213075,0.594790003,0.701023082,0.430029379,-0.642298751,0.695836413,0.108937316,-0.054452354,-0.016723176,0.009123437,0.986781967,4.066927751,-1.002019986,0.008295205,-0.035555798,-0.008433229,0.99933337,0.174581983,0.984605733,0.546510282,0.0,0.0,0.0,0.86058265,0.0,3.674076883
1772729817.7637026,0.580468,0.715131,0.43267,-0.00167839,-0.01604679,-0.01293985,0.9997861,-0.002942,-0.032136,-0.025837,-0.629131971,0.629647531,0.11355071,0.084483218,0.213041937,0.010705624,0.014990972,-0.020681011,1.002923618,0.135609105,0.202719169,0.000449827,49900.717857071,52288.295596474,49308.946948856,50314.121081906,0.588552428,0.707355712,0.431158987,-0.648174642,0.692177757,0.10993707,-0.052924362,-0.021115083,0.006434629,1.046527173,3.931226086,-1.00499987,0.008826072,-0.034377011,-0.008452236,0.999363454,0.164250542,0.986405678,0.546859875,0.0,0.0,0.0,0.86058265,0.0,3.674845473
1772729817.773703,0.574165,0.721411,0.433852,-0.00127455,-0.01380769,-0.0130375,0.99981886,-0.002189,-0.027647,-0.026048,-0.634297847,0.627964449,0.112674175,0.140456902,0.168019682,-0.032288694,0.014761966,-0.019323863,0.999662218,0.152309052,0.1703687,0.001866718,49642.449088814,52136.473133191,49510.403304881,50249.418774538,0.5830258,0.712912457,0.432152339,-0.653006575,0.688860599,0.110192815,-0.051056252,-0.03127241,-0.000873714,1.106273803,3.795521187,-1.007979824,0.009356952,-0.033198197,-0.008471243,0.999389392,0.155512795,0.98782171,0.547154938,0.0,0.0,0.0,0.86058265,0.0,3.675614082
1772729817.7837036,0.567958,0.727597,0.435029,-0.00069129,-0.01420699,-0.01358827,0.9998065,-0.000997,-0.028431,-0.027166,-0.635934445,0.623847681,0.113541289,0.17296013,0.146002301,-0.044509923,0.016147281,-0.018251845,1.000372271,0.156084859,0.140624755,0.000419563,49660.881025759,52105.621274149,49397.316697332,50083.948390064,0.577489028,0.718433238,0.433151881,-0.657559021,0.685485703,0.110065898,-0.048853064,-0.039837176,-0.006228684,1.182324712,3.688682252,-1.006285026,0.010029187,-0.032271896,-0.008444418,0.999410093,0.147321596,0.98907859,0.547431163,0.0,0.0,0.0,0.86058265,0.0,3.676382691
1772729817.793704,0.561465,0.733868,0.436123,0.0003428,-0.01327043,-0.01305004,0.99982672,0.001032,-0.02653,-0.026117,-0.638704222,0.619583303,0.114059977,0.18661534,0.125359729,-0.022029508,0.017532596,-0.017179828,1.001082324,0.159860667,0.11088081,-0.001027591,49500.666140768,52145.664822097,49329.347210775,49955.281159489,0.571705624,0.724160947,0.434213178,-0.662009352,0.681830872,0.109981308,-0.04469018,-0.039805341,-0.000978124,1.342733202,3.526443145,-0.999640826,0.01144288,-0.030868048,-0.008358611,0.999424659,0.137779934,0.990453438,0.547752525,0.0,0.0,0.0,0.86058265,0.0,3.6771513
1772729817.8037043,0.554884,0.740189,0.43713,0.00195444,-0.01256309,-0.01397688,0.99982148,0.004261,-0.02507,-0.02801,-0.642518173,0.615616457,0.113808053,0.181579713,0.148484292,0.026918453,0.019872168,-0.017984545,1.001777964,0.163704368,0.088660339,-0.00502571,49263.499234382,52017.159110851,49449.33231251,49955.715620322,0.566338184,0.729438394,0.435195625,-0.66593154,0.678327045,0.10997491,-0.040843145,-0.045597294,-0.002501695,1.385959864,3.4843297,-0.997772455,0.012357536,-0.030192787,-0.008338661,0.999431341,0.129357603,0.991593817,0.548035838,0.0,0.0,0.0,0.86058265,0.0,3.677919891
1772729817.8137043,0.548595,0.746201,0.4384,0.00247628,-0.0123354,-0.01417339,0.99982039,0.005303,-0.024599,-0.028415,-0.645559784,0.611774729,0.113448438,0.163662334,0.169110371,0.060794314,0.024190771,-0.02332225,0.996005115,0.167697651,0.079545728,0.006208784,49278.853752902,51856.921706099,49468.994606889,49892.047013858,0.561117247,0.734499915,0.436112711,-0.669784166,0.67498966,0.109801599,-0.035201685,-0.047902575,-0.006114395,1.429461565,3.458495676,-0.999078112,0.01273168,-0.029974839,-0.008341405,0.999434774,0.121378213,0.992601796,0.548303894,0.0,0.0,0.0,0.86058265,0.0,3.678688463
1772729817.823704,0.542286,0.752214,0.439578,0.00301437,-0.01071252,-0.01243261,0.99986078,0.006296,-0.021349,-0.024935,-0.648523307,0.608514702,0.113047641,0.147767194,0.160548749,0.053013799,0.016571569,-0.015762491,0.989209908,0.17851156,0.056234771,0.014663219,49269.512761476,52143.465193749,49408.347768579,49428.760250821,0.554695133,0.740654641,0.437160003,-0.67454914,0.671037568,0.109109781,-0.044034089,-0.040735047,-0.011039624,1.528677684,3.400911833,-0.998857419,0.013074802,-0.029786676,-0.008316212,0.999436758,0.111459481,0.993764131,0.548636794,0.0,0.0,0.0,0.86058265,0.0,3.679457017
1772729817.8337045,0.535685,0.758311,0.440661,0.00377203,-0.01063483,-0.01216492,0.99986233,0.007804,-0.021177,-0.024415,-0.647933466,0.603238338,0.113095465,0.113312402,0.117377034,0.07326074,0.013862499,-0.016425072,0.984360739,0.178802035,0.039260125,0.014192666,49299.5,51665.621212121,49226.106060606,49873.606060606,0.548136437,0.746888985,0.438349813,-0.678806395,0.666401361,0.108149196,-0.042645626,-0.042924316,-0.020258811,1.647763241,3.341997964,-0.99194874,0.014119886,-0.02928062,-0.008232518,0.999434155,0.101380364,0.994843735,0.548974705,0.0,0.0,0.0,0.86058265,0.0,3.680225626
1772729817.8437045,0.529036,0.76445,0.441719,0.00426577,-0.00894003,-0.01216844,0.9998769,0.00875,-0.017775,-0.024416,-0.651533333,0.600301291,0.110711158,0.13113714,0.028331389,0.06512554,0.017662695,-0.025858254,0.980064795,0.171656228,0.031520562,0.011906383,49230.236893626,51607.178594736,49275.357407005,49800.028931912,0.540855529,0.753754393,0.439666656,-0.683087019,0.660949235,0.106089449,-0.040407525,-0.053903611,-0.02039282,1.769426773,3.294860673,-0.985807599,0.015186288,-0.028877426,-0.008154291,0.999427669,0.090167215,0.995924756,0.549350238,0.0,0.0,0.0,0.86058265,0.0,3.680994198
1772729817.8537047,0.522604,0.770393,0.442849,0.00529293,-0.00988815,-0.01260986,0.99985759,0.010836,-0.019641,-0.025328,-0.65704715,0.599573707,0.106181589,0.19000238,-0.055902093,0.034148845,0.01951462,-0.024255526,0.983479725,0.182335115,0.030715322,0.019293233,49341.512326134,51558.224164392,49208.177153842,49711.789308735,0.533825532,0.760312367,0.440836673,-0.687693991,0.656227894,0.104004569,-0.041332397,-0.05409457,-0.024677654,1.887870166,3.259237612,-0.981069465,0.016223307,-0.02857448,-0.008088282,0.999418341,0.080772171,0.996731391,0.549664541,0.0,0.0,0.0,0.86058265,0.0,3.681762789
1772729817.8637047,0.51604,0.776353,0.443907,0.00616277,-0.01091594,-0.01241977,0.99984429,0.012598,-0.021677,-0.024979,-0.658793616,0.59505047,0.104456199,0.218722438,-0.128364282,0.013897533,0.017394261,-0.016597687,0.980163149,0.201534003,0.018680645,0.017834814,49353.370010178,51663.926947868,49158.713671831,49564.076444645,0.525969835,0.767604936,0.442094961,-0.692877377,0.651171066,0.101509747,-0.041840248,-0.054274916,-0.029327219,1.988488709,3.232097866,-0.973339858,0.017104911,-0.028343705,-0.007999947,0.999407448,0.068496875,0.997642683,0.550074859,0.0,0.0,0.0,0.86058265,0.0,3.682531361
1772729817.873705,0.509582,0.782168,0.445006,0.00657524,-0.01043366,-0.01082306,0.99986537,0.013378,-0.020724,-0.021787,-0.660395812,0.590057692,0.102019581,0.235172998,-0.113290969,0.016662509,0.014581922,-0.008209136,0.975231271,0.221669003,0.004189467,0.014272408,49365.227976931,51769.632251498,49109.249010517,49416.360058804,0.520990124,0.772019234,0.442975731,-0.694930204,0.646282139,0.099904601,-0.038954016,-0.05900154,-0.033636124,2.09951738,3.206414109,-0.961488469,0.018078175,-0.028125568,-0.007873269,0.999394384,0.060951638,0.99813892,0.550326882,0.0,0.0,0.0,0.86058265,0.0,3.683299951
1772729817.883705,0.502763,0.788181,0.445917,0.00906001,-0.01258139,-0.01218854,0.99980551,0.01843,-0.02494,-0.02461,-0.663663298,0.585209707,0.099067616,0.243251709,-0.066621992,0.008248037,0.020049486,-0.029667498,0.964223352,0.227027456,-0.009773645,0.011880984,49474.110468999,51706.635768223,49057.898083937,49402.229824832,0.513457438,0.778819112,0.44420029,-0.698986923,0.640277938,0.097066662,-0.036192303,-0.063020471,-0.035723819,2.23464526,3.185623282,-0.949886748,0.019261131,-0.027951567,-0.007742479,0.999375186,0.048383516,0.998819986,0.550746464,0.0,0.0,0.0,0.86058265,0.0,3.684068524
1772729817.8937051,0.496094,0.794064,0.446868,0.01012471,-0.01179004,-0.01147169,0.99981343,0.020523,-0.023346,-0.023186,-0.666879463,0.580606129,0.096040224,0.233590765,0.012735929,-0.001043495,0.020514804,-0.017509824,0.984224905,0.218068145,-0.015033892,0.019817927,49602.395292188,51271.223981507,49060.751758594,49726.18975417,0.506507588,0.785012972,0.445291672,-0.702677842,0.634565866,0.094370567,-0.035766911,-0.06009646,-0.019553803,2.376616907,3.171913492,-0.94321343,0.020501982,-0.02784039,-0.007652139,0.999351954,0.037717432,0.999278761,0.551102329,0.0,0.0,0.0,0.86058265,0.0,3.684837114
1772729817.9037051,0.489506,0.799734,0.447893,0.01053226,-0.0119384,-0.01196008,0.99980173,0.021353,-0.023622,-0.024176,-0.667981775,0.574800024,0.093969223,0.212488511,0.025739738,-0.007677162,0.011606805,-0.010293174,0.971026618,0.176181105,-0.020814867,0.021203252,49702.329658892,51436.472796518,48977.867176042,49517.676136632,0.499630828,0.79106325,0.446284116,-0.706565895,0.629018437,0.092012238,-0.04036685,-0.056522448,-0.034023555,2.511601158,3.164427983,-0.934981476,0.021681762,-0.027782541,-0.007548981,0.999329788,0.027719631,0.999605264,0.551435768,0.0,0.0,0.0,0.86058265,0.0,3.685605687
1772729817.9137056,0.482812,0.805469,0.448798,0.01179922,-0.0109767,-0.01208106,0.99979715,0.023867,-0.021666,-0.024424,-0.66905126,0.568937392,0.091722854,0.20064119,0.014821443,0.013593268,0.011436726,0.011029344,0.964347702,0.217102544,-0.033388437,0.019913773,49766.789517471,51820.760399334,48933.47171381,49147.0,0.493250341,0.796616867,0.447201297,-0.709956975,0.623630254,0.089196439,-0.041979673,-0.037547429,-0.036535504,2.628658777,3.161817444,-0.924009352,0.022705464,-0.027765294,-0.007425431,0.999305504,0.018469541,0.999820997,0.551744179,0.0,0.0,0.0,0.86058265,0.0,3.686374295
1772729817.9237046,0.476146,0.811104,0.449716,0.01289862,-0.0112501,-0.01142072,0.99978829,0.026058,-0.022203,-0.023135,-0.670487528,0.563178762,0.089179087,0.193505993,-0.012966834,0.049832238,0.017209606,-0.010233605,0.967828815,0.225600448,-0.079012316,0.015643019,49676.91291841,51856.159976464,49077.664748954,49147.0,0.486763873,0.802173643,0.448126921,-0.71302881,0.61755997,0.086234504,-0.038403843,-0.051955703,-0.034006209,2.750439498,3.165200299,-0.915108583,0.023769374,-0.027800828,-0.007317572,0.999272384,0.008965358,0.999952705,0.552061019,0.0,0.0,0.0,0.86058265,0.0,3.687142794
1772729817.9337046,0.469376,0.816751,0.450568,0.01380977,-0.01190548,-0.01128165,0.99977011,0.027893,-0.023496,-0.022895,-0.675014902,0.55937363,0.085363951,0.222464634,-0.102691388,0.025965203,0.017436662,-0.022467318,0.977208239,0.217805008,-0.105412552,0.011639306,49508.000209205,51908.259675732,49283.869874477,49147.0,0.479151479,0.808624805,0.449163349,-0.716200503,0.609758415,0.082934734,-0.037053581,-0.072606651,-0.026190349,3.022999606,3.217906469,-0.904524442,0.026144779,-0.028275299,-0.007146708,0.999229403,-0.003702128,0.99998086,0.55248329,0.0,0.0,0.0,0.86058265,0.0,3.687911367
1772729817.9437046,0.462599,0.822341,0.451412,0.0147166,-0.01264902,-0.01113665,0.99974967,0.029721,-0.024967,-0.022649,-0.678141769,0.554610824,0.082110102,0.225468156,-0.156071399,0.018870809,0.01471018,-0.014116201,0.975944873,0.193698885,-0.118612788,0.008493573,49457.825747429,51779.208622912,49335.665242993,49367.553589932,0.471931153,0.81468555,0.450120704,-0.719234086,0.602226737,0.079975158,-0.035282672,-0.073908921,-0.029485348,3.07557106,3.229288816,-0.90267849,0.026602807,-0.028377449,-0.00711516,0.999177971,-0.013135974,0.999902028,0.552797777,0.0,0.0,0.0,0.86058265,0.0,3.688679939
1772729817.953705,0.455826,0.82784,0.452216,0.01633095,-0.01315882,-0.01106178,0.99971885,0.032961,-0.025952,-0.022557,-0.682118094,0.54971385,0.078901105,0.20454139,-0.178107111,-0.003138896,0.011983569,-0.005764686,0.974681446,0.169591613,-0.131813652,0.00534769,49502.517157035,51466.892482579,49313.496111072,49780.636570001,0.466255851,0.81937386,0.45083919,-0.72178448,0.596337156,0.077493023,-0.043551313,-0.059799318,-0.037356204,3.175318072,3.279613684,-0.902915737,0.027468703,-0.02882249,-0.007080148,0.999141031,-0.022135289,0.999730923,0.553097813,0.0,0.0,0.0,0.86058265,0.0,3.689448548
1772729817.9637053,0.448965,0.833316,0.45298,0.01705372,-0.01427062,-0.01130757,0.99968878,0.03444,-0.02815,-0.023106,-0.686207686,0.544680123,0.075424994,0.180980209,-0.16142937,-0.01543624,0.009257022,0.002586631,0.973418049,0.145484915,-0.145014202,0.002201881,49520.732644204,51255.413495651,49352.558663041,50061.195987682,0.461483547,0.823283457,0.451428036,-0.724100027,0.59153828,0.075110232,-0.049245147,-0.051286533,-0.031332039,3.31235879,3.367287421,-0.90947327,0.028655197,-0.029597025,-0.007080163,0.999108826,-0.029763376,0.999506304,0.553352203,0.0,0.0,0.0,0.86058265,0.0,3.689137996
1772729817.9737055,0.442136,0.838691,0.453755,0.01787595,-0.01526731,-0.01151068,0.99965737,0.036115,-0.030117,-0.023572,-0.689247025,0.538780545,0.072589735,0.159155324,-0.165147348,-0.005630207,0.010983772,-0.008469402,0.968916331,0.135894083,-0.140685889,0.003224084,49461.059752562,51327.927389292,49499.8525095,50006.055214392,0.45602036,0.827704567,0.452076647,-0.726906644,0.58604573,0.072578858,-0.045565042,-0.062353424,-0.028819886,3.418297238,3.440952117,-0.91582258,0.029571577,-0.030247434,-0.007089309,0.999076897,-0.037391464,0.999281685,0.553606593,0.0,0.0,0.0,0.86058265,0.0,3.688182261
1772729817.983706,0.435211,0.844075,0.454443,0.01865582,-0.01610894,-0.01141328,0.99963103,0.037694,-0.031786,-0.023433,-0.692037451,0.532207267,0.069669938,0.1346563,-0.156787733,-0.000119072,0.018264831,-0.019806698,0.972474968,0.135952805,-0.14225188,0.001230786,49038.732345517,51685.676043854,50011.88851423,49664.471858803,0.450524546,0.832090739,0.452698918,-0.729898225,0.58057267,0.070220293,-0.041838584,-0.073517217,-0.026325007,3.452425343,3.469380652,-0.917725727,0.029866405,-0.030497892,-0.007089314,0.9990447,-0.045808532,0.998907356,0.553887456,0.0,0.0,0.0,0.86058265,0.0,3.687226503
1772729817.993706,0.428179,0.849444,0.455086,0.01914555,-0.01616014,-0.01118411,0.99962354,0.038667,-0.031885,-0.022992,-0.694020301,0.524846421,0.067300763,0.118552909,-0.159184587,-0.012304518,0.022440349,-0.017419083,0.978372854,0.133195665,-0.149776483,-0.003394385,49404.052141837,51523.148453118,49626.892693955,49950.97591623,0.444188588,0.837086024,0.45340417,-0.733428626,0.574191239,0.067911324,-0.0409091,-0.077677555,-0.029411739,3.486551821,3.497807832,-0.919628783,0.03016122,-0.030748338,-0.00708932,0.999010801,-0.054526109,0.998475935,0.554178402,0.0,0.0,0.0,0.86058265,0.0,3.686270791
1772729818.0037055,0.421301,0.854582,0.455789,0.01968542,-0.0174041,-0.01133261,0.99959049,0.039783,-0.034355,-0.023357,-0.697601034,0.518606419,0.06395247,0.139380748,-0.138009411,-0.015379159,0.016898395,-0.007860037,0.973888045,0.13297739,-0.139420998,-0.005265269,49908.731094362,51822.442807725,49141.391697785,49733.360999748,0.437507336,0.842283866,0.454111333,-0.737267231,0.56749062,0.065422513,-0.044372932,-0.069949816,-0.031828197,3.562669771,3.563084678,-0.925485653,0.030818116,-0.031323699,-0.007102103,0.998969559,-0.063862901,0.997946392,0.554490132,0.0,0.0,0.0,0.86058265,0.0,3.685315125
1772729818.0137055,0.414333,0.859733,0.456419,0.02065586,-0.01843461,-0.01138974,0.99955179,0.041753,-0.03639,-0.023549,-0.701433614,0.512315271,0.06065134,0.154688339,-0.126610529,-0.011218173,0.015477423,0.000133059,0.976428336,0.184475312,-0.121702865,-0.01387179,49788.612811134,51866.749397805,49350.341065215,49726.238023017,0.431945052,0.846553549,0.454660897,-0.740608515,0.561994951,0.063364071,-0.048129999,-0.062143661,-0.027195133,3.625308192,3.614323938,-0.932652423,0.031358142,-0.031776231,-0.007133149,0.998936491,-0.072500304,0.997357316,0.554778709,0.0,0.0,0.0,0.86058265,0.0,3.684359413
1772729818.023706,0.407318,0.864784,0.457011,0.0212238,-0.01861357,-0.01165575,0.99953351,0.042904,-0.036723,-0.024109,-0.704942086,0.505369227,0.058180436,0.163926208,-0.116069938,-0.012852203,0.017012712,-0.016792812,0.964235271,0.181477933,-0.137789671,-0.004979456,49646.681885436,51825.396110759,49595.319594166,49823.284295075,0.426843612,0.850424643,0.455146176,-0.743732898,0.556952075,0.061471606,-0.043601312,-0.081562132,-0.03966126,3.705844137,3.664878615,-0.942216491,0.03205349,-0.03222462,-0.007179779,0.998897944,-0.079485058,0.996835294,0.555012187,0.0,0.0,0.0,0.86058265,0.0,3.683403655
1772729818.033706,0.400219,0.869841,0.457576,0.0221255,-0.01966201,-0.01201658,0.9994896,0.04475,-0.038782,-0.024912,-0.709943509,0.499273767,0.055081035,0.184761551,-0.122302648,0.001764567,0.017359544,-0.015010129,0.966161282,0.184524231,-0.149722306,-0.002878641,49780.385590152,51827.123668149,49578.412847833,49915.339815868,0.419967603,0.855551638,0.455803587,-0.747775039,0.549864889,0.058218465,-0.049021172,-0.085311366,-0.033777831,3.807332446,3.72110818,-0.95197804,0.03293085,-0.032723915,-0.007219891,0.998847616,-0.089148563,0.996017808,0.555335448,0.0,0.0,0.0,0.86058265,0.0,3.682447943
1772729818.043706,0.393003,0.874889,0.458059,0.02343495,-0.01956578,-0.0112551,0.99947051,0.047338,-0.038593,-0.023435,-0.71510278,0.493284736,0.052407393,0.202387695,-0.156139484,0.022074838,0.017342025,-0.007491748,0.972415951,0.189423445,-0.160381528,-0.002859941,49725.289064429,51666.801777339,49802.718834856,50139.254998766,0.412968394,0.860688225,0.456434053,-0.751963641,0.542527761,0.055204926,-0.045007353,-0.08133717,-0.033290887,3.914035496,3.781972431,-0.960184969,0.033853581,-0.03326357,-0.007242668,0.998795733,-0.099248605,0.995062477,0.555673597,0.0,0.0,0.0,0.86058265,0.0,3.681492231
1772729818.053706,0.38593,0.879702,0.458616,0.02407361,-0.02063911,-0.01117302,0.99943467,0.048641,-0.040728,-0.023349,-0.718226481,0.485321481,0.050478933,0.210379422,-0.202043003,0.030219204,0.018305004,-0.006278373,0.972994408,0.197245561,-0.180033142,-0.001628865,49658.436586362,51814.295549204,50011.279787668,50045.514985708,0.40610528,0.865624686,0.457014556,-0.756148196,0.53520587,0.052235389,-0.049018689,-0.059785836,-0.030642337,4.02700775,3.857814994,-0.968363179,0.034829443,-0.03393424,-0.007256895,0.998742047,-0.10813901,0.994130989,0.555971567,0.0,0.0,0.0,0.86058265,0.0,3.680536519
1772729818.063706,0.378724,0.884502,0.459129,0.02495627,-0.02174026,-0.01146891,0.99938632,0.050448,-0.042895,-0.024033,-0.722218502,0.477675494,0.048049657,0.219001582,-0.228835362,0.037908748,0.019688632,-0.007769936,0.971137688,0.206321644,-0.203542622,0.000122337,49602.937688822,52009.469163455,50181.092431503,49987.540876654,0.398526794,0.870972792,0.457610703,-0.760965532,0.527128874,0.049044209,-0.048553884,-0.07068482,-0.034347912,4.151644218,3.950193373,-0.977204887,0.035905183,-0.034750022,-0.007266913,0.998674483,-0.118989695,0.992895226,0.556335594,0.0,0.0,0.0,0.86058265,0.0,3.679580807
1772729818.073706,0.371453,0.889267,0.459571,0.02656338,-0.02346938,-0.01098222,0.99931125,0.053689,-0.04634,-0.023223,-0.726313669,0.470115852,0.045282619,0.215790292,-0.228201258,0.037537564,0.018505431,-0.011590887,0.975184511,0.202199847,-0.211923711,0.004513476,49492.061178248,52037.871028232,50503.344358787,50029.597484113,0.390764969,0.876319798,0.458167231,-0.766088511,0.518751517,0.045834085,-0.055347677,-0.09366275,-0.032449784,4.276280686,4.042571751,-0.986046594,0.036980923,-0.035565803,-0.007276931,0.998603993,-0.131157823,0.991352725,0.556744476,0.0,0.0,0.0,0.86058265,0.0,3.678889096
1772729818.0837057,0.364196,0.893936,0.460027,0.02746884,-0.02491499,-0.01092921,0.99925235,0.055537,-0.049212,-0.023241,-0.732022104,0.463859708,0.041927915,0.20704998,-0.208389667,0.025805779,0.016566764,-0.016097357,0.980968829,0.194193613,-0.215851857,0.009681523,49565.78597693,51938.971893417,50622.181786128,50189.228630434,0.383059438,0.881573046,0.458715955,-0.771236465,0.510309912,0.042961844,-0.05854089,-0.079276502,-0.033263306,4.395798567,4.13919108,-0.99416275,0.038011574,-0.036418018,-0.007278424,0.998526948,-0.140531695,0.990069189,0.557059883,0.0,0.0,0.0,0.86058265,0.0,3.678388943
1772729818.0937057,0.356846,0.898527,0.460413,0.02826211,-0.02502645,-0.01083953,0.99922842,0.057124,-0.049422,-0.023107,-0.735914377,0.456974698,0.03883813,0.201036162,-0.186278156,0.010815807,0.012193373,-0.012651004,0.979523109,0.189995172,-0.193891303,0.009869076,49766.921804005,51877.734756269,50530.639339205,50360.623492455,0.37549952,0.886552746,0.459223921,-0.776470468,0.501756379,0.040391416,-0.061355556,-0.064595161,-0.034033542,4.527290244,4.253969544,-1.000907989,0.039145097,-0.037428777,-0.007255652,0.998496413,-0.152410156,0.988305913,0.557460164,0.0,0.0,0.0,0.86058265,0.0,3.677888779
1772729818.103706,0.349422,0.903071,0.46079,0.0293633,-0.02597863,-0.01052847,0.99917569,0.059338,-0.051319,-0.022597,-0.73894478,0.448109033,0.036610835,0.174245596,-0.192670477,0.001127546,0.00771368,-0.008857671,0.977761982,0.18596273,-0.170800986,0.009839385,49968.94418258,51758.838905575,50465.684826694,50599.525398461,0.36797822,0.891414347,0.459690395,-0.781758397,0.493256145,0.037041202,-0.064003825,-0.062654318,-0.035972109,4.636857457,4.356890502,-1.005311861,0.040089146,-0.03833398,-0.007221709,0.9983999,-0.163004124,0.986613009,0.557817776,0.0,0.0,0.0,0.86058265,0.0,3.677388602
1772729818.1137059,0.342029,0.907528,0.46115,0.03025229,-0.02700826,-0.01063226,0.99912077,0.061151,-0.053351,-0.022915,-0.744287812,0.440659336,0.035590613,0.177286867,-0.181049595,-0.016631493,0.003234094,-0.005064428,0.976000897,0.181930385,-0.147711219,0.009809694,50287.056745271,51593.201462378,50319.763103075,50870.502291476,0.361266361,0.895699681,0.460087599,-0.78653032,0.485630157,0.034065022,-0.068530494,-0.082806641,-0.037617088,4.708285972,4.424411666,-1.010245418,0.040703709,-0.038928498,-0.007216297,0.998331225,-0.170819131,0.985293271,0.558081948,0.0,0.0,0.0,0.86058265,0.0,3.676888438
1772729818.123706,0.334545,0.911893,0.461485,0.03099094,-0.0278181,-0.01105166,0.99907136,0.062675,-0.054927,-0.023845,-0.750111982,0.433327317,0.034251431,0.203823316,-0.180378327,-0.017396745,0.011793506,-0.013822987,0.984450135,0.175411392,-0.145172719,0.010729806,50591.854549393,51683.825216638,50139.966536684,50890.266305604,0.355701611,0.899165263,0.460386536,-0.790587938,0.479235173,0.031761752,-0.065782701,-0.09634306,-0.025949917,4.774850999,4.478705424,-1.013327117,0.041277657,-0.039406799,-0.007200643,0.998308241,-0.178489731,0.983941393,0.558341571,0.0,0.0,0.0,0.86058265,0.0,3.676388261
1772729818.1337056,0.327152,0.916122,0.461848,0.03205056,-0.02956435,-0.01130428,0.99898495,0.06486,-0.058377,-0.024525,-0.756539863,0.425562974,0.032656014,0.220253113,-0.154084432,-0.003403231,0.01909263,-0.020726421,0.990092363,0.17457547,-0.139001063,0.010953462,50808.101473137,52043.63102253,49993.984719815,50640.098295783,0.350613651,0.902269978,0.460644045,-0.79446027,0.47329964,0.030680091,-0.06082212,-0.103347334,-0.017688448,4.847113955,4.535014733,-1.0159085,0.041901152,-0.039902824,-0.007177301,0.998308241,-0.185001551,0.982727038,0.558562388,0.0,0.0,0.0,0.86058265,0.0,3.675888121
1772729818.1437051,0.319428,0.920368,0.46214,0.032969,-0.02989001,-0.0105689,0.99895342,0.066666,-0.059055,-0.023129,-0.763433479,0.417122348,0.030903604,0.230291478,-0.102848034,0.026715544,0.020958026,-0.019879238,0.989199486,0.182955534,-0.122548192,0.009563314,50511.565538334,52071.348109271,50357.205063339,50611.949687553,0.342795395,0.90693802,0.461002039,-0.803196623,0.469131307,0.029807876,-0.061004976,-0.100499912,-0.015689157,4.985742672,4.665671329,-1.022855037,0.043094251,-0.04105222,-0.007139487,0.998216467,-0.192184472,0.98134657,0.558806212,0.0,0.0,0.0,0.86058265,0.0,3.67538798
1772729818.153705,0.311728,0.924567,0.462494,0.03476461,-0.02957972,-0.01086267,0.99889863,0.070273,-0.058372,-0.023801,-0.769612078,0.408299127,0.02916988,0.232549957,-0.05925153,0.045561743,0.011664437,0.000963744,0.987486218,0.179344907,-0.098117162,0.006757605,50102.102902001,52131.253966383,50867.432164832,50579.259506353,0.335242605,0.911396276,0.461347834,-0.808074513,0.461296075,0.028509726,-0.070338811,-0.088867199,-0.020031537,5.00992775,4.688465595,-1.024066925,0.043302398,-0.041252743,-0.00713289,0.998145791,-0.200704732,0.979641162,0.559095866,0.0,0.0,0.0,0.86058265,0.0,3.674887828
1772729818.163705,0.304059,0.928557,0.462725,0.0356342,-0.03033567,-0.01052355,0.99884894,0.072016,-0.059887,-0.023229,-0.774493513,0.399116348,0.027175706,0.217499022,-0.029797558,0.052780867,0.014024704,-0.00160863,0.98904092,0.192255433,-0.094221979,0.012137566,50337.681663086,52128.416908884,50810.630734235,50657.175154809,0.328522698,0.915254522,0.461671303,-0.806376763,0.44630852,0.0262504,-0.068552261,-0.093893274,-0.014644721,5.115707536,4.670009472,-1.021786954,0.044226346,-0.041097666,-0.007082229,0.998093437,-0.211688169,0.977326079,0.559470037,0.0,0.0,0.0,0.86058265,0.0,3.674387651
1772729818.173705,0.29626,0.932495,0.46298,0.03657438,-0.03032735,-0.00987225,0.99882186,0.073861,-0.059897,-0.021981,-0.779288253,0.389620515,0.025556512,0.19987885,-0.031051323,0.046044118,0.016864244,-0.005144031,0.990729997,0.205845156,-0.091171554,0.017854072,51162.795652723,51961.74506087,50208.138506256,50895.109524411,0.320649587,0.919626504,0.462011566,-0.8098836,0.433913102,0.024492305,-0.06379992,-0.102149065,-0.010798155,5.274981596,4.674425631,-1.023132914,0.04561276,-0.041146475,-0.007034984,0.998044403,-0.223064686,0.974791007,0.559858544,0.0,0.0,0.0,0.86058265,0.0,3.673888607
1772729818.183705,0.28848,0.936324,0.46327,0.03751455,-0.03078052,-0.0097257,0.99877456,0.075748,-0.060793,-0.021779,-0.783585557,0.379614329,0.024976073,0.191639233,-0.058487494,0.043479625,0.019703784,-0.008679432,0.992419073,0.219434879,-0.088121128,0.023570578,50956.339125225,52336.91302177,50537.07120032,50427.196624725,0.312897901,0.923791707,0.462310749,-0.818104551,0.42828833,0.023799732,-0.058780894,-0.110000905,-0.011468964,5.376501371,4.683560769,-1.021485981,0.046496706,-0.041231587,-0.006980428,0.997985882,-0.231288056,0.972872996,0.560140015,0.0,0.0,0.0,0.86058265,0.0,3.673431946
1772729818.1937048,0.280631,0.940084,0.463502,0.03834814,-0.03075502,-0.00997337,0.99874125,0.077433,-0.060705,-0.022323,-0.790263594,0.370803734,0.024472168,0.184899732,-0.055298617,0.042105825,0.022543256,-0.012214749,0.994108109,0.233024277,-0.085070776,0.029286948,50832.480069132,52574.480027653,50754.28145178,50136.617213965,0.306271016,0.927315819,0.462561148,-0.82507158,0.423876744,0.023320515,-0.058519412,-0.111946319,-0.014243378,5.429568553,4.727537887,-1.019578422,0.04695542,-0.041617012,-0.006926272,0.997972548,-0.237616909,0.97135654,0.560356948,0.0,0.0,0.0,0.86058265,0.0,3.672975296
1772729818.203705,0.272669,0.943768,0.46373,0.03932019,-0.0311918,-0.00940388,0.99869543,0.079358,-0.061602,-0.021278,-0.797170807,0.362326356,0.025027452,0.201049222,-0.033054322,0.018830166,0.021779716,-0.007168318,0.994799265,0.241867748,-0.078801591,0.032120605,51217.558755617,52392.959502247,50452.133867957,50388.890148635,0.303688882,0.928659681,0.462659782,-0.823031008,0.416775167,0.022640753,-0.060558898,-0.105072879,-0.013487231,5.48586578,4.763895589,-1.016650041,0.047443349,-0.041935829,-0.006865211,0.997972548,-0.242058155,0.970248811,0.560509527,0.0,0.0,0.0,0.86058265,0.0,3.672518624
1772729818.2137043,0.264645,0.947345,0.463994,0.04051376,-0.03174501,-0.00926461,0.99863159,0.081756,-0.062694,-0.021119,-0.803313159,0.352933107,0.02467784,0.202588213,-0.041393669,0.020066931,0.019873841,0.000598599,0.995173942,0.249205435,-0.071512493,0.034039918,51397.026636066,52561.527853119,50364.368523541,50230.256262605,0.300750522,0.930175202,0.462768806,-0.821486162,0.409389599,0.021923067,-0.062855837,-0.097212617,-0.012335816,5.569555558,4.747432854,-1.007383963,0.04817711,-0.041793528,-0.006760984,0.997905675,-0.246498977,0.969141187,0.560662091,0.0,0.0,0.0,0.86058265,0.0,3.672061996
1772729818.2237043,0.256584,0.950809,0.46425,0.04142797,-0.03169824,-0.00907711,0.99859729,0.083576,-0.062596,-0.020797,-0.809637388,0.342767751,0.025399772,0.196331507,-0.071373536,0.025167973,0.020061541,0.002009781,0.996429555,0.247001551,-0.073286347,0.027689868,51469.950691981,52911.563321511,50387.704221434,49858.635273663,0.295681916,0.932717311,0.462939983,-0.822902164,0.400302516,0.02097833,-0.062667798,-0.096329239,-0.009863278,5.664160584,4.734124533,-0.997004674,0.049006019,-0.041678794,-0.006641769,0.99784131,-0.254138595,0.967158641,0.560925201,0.0,0.0,0.0,0.86058265,0.0,3.671605334
1772729818.2337043,0.248483,0.954197,0.46449,0.04220701,-0.03172172,-0.00927474,0.99856211,0.085151,-0.06261,-0.021244,-0.816715037,0.333381553,0.025264224,0.170434956,-0.080280853,0.030783792,0.021407356,-0.000891148,0.998270608,0.230277964,-0.077082708,0.020972565,52011.577629675,52022.589336607,49893.976980752,50960.052176963,0.289482552,0.935752041,0.463154989,-0.826291513,0.390686996,0.020135433,-0.064966451,-0.10256978,-0.009032222,5.805948902,4.73576699,-0.982203966,0.050245958,-0.041694811,-0.006460563,0.997851077,-0.26238461,0.964951039,0.561209755,0.0,0.0,0.0,0.86058265,0.0,3.671148673
1772729818.2437048,0.24026,0.957479,0.464755,0.04323775,-0.03215304,-0.00902554,0.99850649,0.087213,-0.063472,-0.020848,-0.823546764,0.32392595,0.024524654,0.128514183,-0.072143891,0.026816742,0.022411263,-0.004190613,1.000145003,0.198437295,-0.074002395,0.02319631,51845.895791583,52295.320641283,50225.673346693,50708.73747495,0.281804492,0.939420887,0.463403102,-0.831572283,0.379740538,0.0194287,-0.068994641,-0.109387837,-0.007693736,5.956255317,4.752558223,-0.96953956,0.051557816,-0.041843741,-0.006287937,0.997716629,-0.272080173,0.962262261,0.561545117,0.0,0.0,0.0,0.86058265,0.0,3.670691991
1772729818.2537048,0.232023,0.960671,0.464995,0.04375251,-0.03329089,-0.00858834,0.99845064,0.088246,-0.065775,-0.020108,-0.830126472,0.314220016,0.023945264,0.093789764,-0.084911569,0.040365997,0.023415122,-0.007489921,1.002019309,0.166598144,-0.070922228,0.02541995,51246.755677715,52197.909063381,50807.091612122,50876.772472106,0.274230964,0.94293171,0.463630639,-0.83740868,0.369459613,0.019065664,-0.066641498,-0.112871446,-0.005285364,6.084091955,4.767493097,-0.955859864,0.052674511,-0.041974478,-0.006115187,0.99765068,-0.281665331,0.959500357,0.561877643,0.0,0.0,0.0,0.86058265,0.0,3.67023533
1772729818.263705,0.223673,0.963731,0.465268,0.04409679,-0.03401679,-0.00865718,0.99841043,0.08896,-0.067213,-0.020334,-0.83706696,0.303908876,0.024658027,0.074311723,-0.100265505,0.052938976,0.024714539,-0.007140936,1.007845456,0.149704073,-0.068611078,0.024133929,51428.136699536,52502.655523696,50598.272839593,50660.726787421,0.266254971,0.946508753,0.463875046,-0.843852617,0.358849578,0.01881693,-0.062344518,-0.114092766,0.000596953,6.192639627,4.78925536,-0.945579961,0.053621345,-0.042164902,-0.005975584,0.99760569,-0.29142901,0.956579248,0.562217344,0.0,0.0,0.0,0.86058265,0.0,3.669778658
1772729818.2737055,0.215199,0.966792,0.465435,0.04415036,-0.03322698,-0.00818129,0.99843867,0.089016,-0.065675,-0.019314,-0.842421685,0.292041712,0.026089613,0.072576328,-0.099992084,0.036111866,0.02416337,-0.001706605,1.015484343,0.144787583,-0.082088876,0.022347591,50813.65203,52611.532555411,51352.166034692,50429.172623287,0.2560274,0.950795803,0.464120235,-0.853649271,0.345845977,0.018925955,-0.06211193,-0.119506886,0.002944562,6.294457121,4.821126747,-0.938039221,0.054507624,-0.042444025,-0.005857023,0.997578505,-0.302624201,0.953102356,0.562608107,0.0,0.0,0.0,0.86058265,0.0,3.669321975
1772729818.2837052,0.206816,0.969615,0.465733,0.04443275,-0.03412819,-0.00827119,0.998395,0.089611,-0.067463,-0.019594,-0.849365728,0.281154328,0.026217119,0.044108599,-0.125592395,0.02213183,0.019280426,-0.002171201,1.010438412,0.100624963,-0.11939107,0.033716661,50685.367536766,52696.762663929,51496.705754808,50341.306532032,0.246913141,0.954575767,0.464443372,-0.860514885,0.333489485,0.019453443,-0.066978358,-0.117756371,-0.000967652,6.382449321,4.861699498,-0.929290757,0.055273191,-0.042797508,-0.00572855,0.997527064,-0.316621047,0.948511843,0.563099159,0.0,0.0,0.0,0.86058265,0.0,3.668865325
1772729818.2937052,0.19831,0.972368,0.466017,0.04492668,-0.03531662,-0.00794523,0.99833421,0.09061,-0.069858,-0.019085,-0.855746737,0.270501113,0.026475899,0.026965456,-0.152778704,0.014564962,0.019100855,-0.000911833,1.009381181,0.086498657,-0.102233611,0.025264289,50557.079984916,52781.994804542,51641.248921104,50253.438345833,0.236057186,0.958893338,0.46478419,-0.869547129,0.319075702,0.019905924,-0.065342183,-0.117807882,0.001839961,6.45326492,4.928807357,-0.921123352,0.055886588,-0.043381171,-0.005597726,0.99742358,-0.328071814,0.94453376,0.563503246,0.0,0.0,0.0,0.86058265,0.0,3.668621778
1772729818.3037055,0.189683,0.975006,0.466324,0.04522215,-0.03586882,-0.00789204,0.99830161,0.091213,-0.070962,-0.019051,-0.861823743,0.259663631,0.027119606,0.011618087,-0.168101368,0.02298283,0.019107946,0.000415984,1.008482228,0.073564096,-0.082914388,0.016025059,50381.065473231,52826.018564562,51774.422509531,50248.683407923,0.224519012,0.963259064,0.465160921,-0.878915168,0.303810476,0.02044099,-0.065775859,-0.130194688,0.003603479,6.518769117,5.007074463,-0.91600078,0.05645158,-0.044063105,-0.005489477,0.997379747,-0.339522855,0.940555583,0.563907342,0.0,0.0,0.0,0.86058265,0.0,3.668621778
1772729818.313706,0.181075,0.977518,0.466577,0.04531395,-0.0366109,-0.00845157,0.99826593,0.091456,-0.072392,-0.020246,-0.868787794,0.248907502,0.028149833,0.000802298,-0.141273902,0.022730938,0.019115037,0.001743832,1.007583254,0.060629227,-0.063594704,0.006785608,50834.042600048,51772.297288462,51385.182736313,51514.025377654,0.213682029,0.967140421,0.465463141,-0.888046385,0.289744724,0.021319686,-0.066802461,-0.130621191,0.00575482,6.566438937,5.078287666,-0.921268648,0.056857915,-0.044687801,-0.005481215,0.997370651,-0.351266227,0.936273836,0.564324019,0.0,0.0,0.0,0.86058265,0.0,3.668621778
1772729818.323706,0.172236,0.980048,0.466773,0.04424804,-0.03783189,-0.00772294,0.99827412,0.089296,-0.07492,-0.018821,-0.876029779,0.239050947,0.028628854,0.00348703,-0.065557628,0.024504502,0.020486682,0.004788415,1.008036228,0.056193753,-0.038488176,0.000999415,51008.67881353,51889.924159527,51202.608513128,51397.841781081,0.201091324,0.971322679,0.465859578,-0.898677533,0.273358026,0.021894279,-0.070385479,-0.112070764,0.00098611,6.609444173,5.135772329,-0.928748298,0.057223962,-0.045193878,-0.005500509,0.997309062,-0.365428822,0.930794527,0.564830204,0.0,0.0,0.0,0.86058265,0.0,3.668621778
1772729818.333706,0.163569,0.98235,0.467119,0.04499492,-0.03746772,-0.00778618,0.99825398,0.09079,-0.074172,-0.01897,-0.880994954,0.228020925,0.029703078,0.030787854,-0.010751569,0.020011692,0.025328161,0.009253224,1.013101233,0.084847673,0.004605904,0.011664853,50867.272364553,51869.335389542,51405.453065939,51385.457029609,0.191321652,0.97437237,0.466186107,-0.906943974,0.260732629,0.022362839,-0.067092629,-0.103772147,0.007976326,6.638398942,5.150224606,-0.931996826,0.057473323,-0.045322678,-0.005510023,0.997303764,-0.37642188,0.926437138,0.565224384,0.0,0.0,0.0,0.86058265,0.0,3.668621778
1772729818.3437068,0.154687,0.984545,0.46746,0.04529207,-0.03724198,-0.0074022,0.99825191,0.091352,-0.07375,-0.018203,-0.887398302,0.217261396,0.031074777,0.080701368,0.035097659,0.031411601,0.024314694,0.001478709,1.014308506,0.096025797,0.028278756,0.020207375,51248.525663615,51930.824181855,51288.110048814,51039.192051067,0.180945669,0.977428632,0.46652185,-0.915635286,0.247254785,0.023320148,-0.068788021,-0.11467842,0.007701317,6.677326061,5.139271536,-0.927333814,0.057814972,-0.045226866,-0.00545965,0.997286971,-0.38714583,0.922010674,0.565611124,0.0,0.0,0.0,0.86058265,0.0,3.668621778
1772729818.353707,0.145764,0.986674,0.467772,0.04568333,-0.03696303,-0.00759023,0.99824303,0.092144,-0.073168,-0.018582,-0.894624299,0.206211599,0.032632626,0.117766618,0.104755506,0.025958021,0.0233013,-0.006295251,1.015515693,0.107203122,0.051949915,0.028749286,51483.369422008,51659.284642264,51022.257375265,51278.542762216,0.170531252,0.980343099,0.46681511,-0.92436127,0.234124872,0.024010369,-0.069734056,-0.121607063,0.004551832,6.713962883,5.105480414,-0.91097507,0.058143374,-0.044926237,-0.005320184,0.997281975,-0.398125841,0.917329758,0.566008976,0.0,0.0,0.0,0.86058265,0.0,3.668621778
1772729818.363707,0.136805,0.98869,0.468081,0.04638106,-0.03655399,-0.00750354,0.99822658,0.093527,-0.072345,-0.018421,-0.901363292,0.195453508,0.032694981,0.119927148,0.149551515,0.004018386,0.024065616,-0.007411411,1.016149004,0.102307884,0.058660398,0.029274664,51341.47140273,51467.923147334,51155.361045528,51409.78009197,0.161691906,0.982671309,0.467118121,-0.931419721,0.222822735,0.024719294,-0.069505278,-0.124722409,0.001408725,6.751878584,5.068057492,-0.892373192,0.058484021,-0.044592818,-0.005162777,0.997278193,-0.407155501,0.91335869,0.566337771,0.0,0.0,0.0,0.86058265,0.0,3.668621778
1772729818.3737068,0.127784,0.990595,0.468375,0.04702798,-0.03596091,-0.00718288,0.99822021,0.094787,-0.071178,-0.017768,-0.908865455,0.185797535,0.032194475,0.095623378,0.15378433,0.0088243,0.025014575,-0.007835972,1.016722691,0.095743223,0.063608957,0.028967317,51375.597095595,51724.779924884,51054.812129049,51086.195397122,0.154170982,0.984543773,0.467391985,-0.9373639,0.213230639,0.025163945,-0.068142355,-0.124372802,0.006637875,6.789457007,5.023815403,-0.87341053,0.058822377,-0.044199763,-0.005006093,0.997273706,-0.415308418,0.909675646,0.566635986,0.0,0.0,0.0,0.86058265,0.0,3.668621778
1772729818.3837063,0.118589,0.992404,0.468744,0.0476311,-0.03496427,-0.00684597,0.99822939,0.095949,-0.069208,-0.01704,-0.914729369,0.175049351,0.03288993,0.097099915,0.160106241,0.001097069,0.025963511,-0.008260523,1.017296364,0.089178718,0.068557399,0.028659978,51409.721974821,51981.630578338,50954.265609903,50762.618417325,0.150686438,0.98534547,0.467516961,-0.940044886,0.208788836,0.025636225,-0.065841855,-0.124162766,0.010383332,6.816236648,4.985804061,-0.859065138,0.059064326,-0.043862757,-0.004890708,0.997267561,-0.419167169,0.907896954,0.566777619,0.0,0.0,0.0,0.86058265,0.0,3.668621778
1772729818.393707,0.109439,0.994082,0.469082,0.04774857,-0.0334697,-0.00719373,0.99827256,0.096172,-0.066185,-0.017598,-0.921011096,0.163167386,0.034050848,0.091544745,0.159131083,0.00623919,0.026912561,-0.008685125,1.017870105,0.08261343,0.07350643,0.028352603,51437.401167331,52163.580991442,50879.662073589,50523.607106519,0.147201478,0.986147262,0.467641951,-0.942726191,0.204346503,0.026108562,-0.06342906,-0.124687931,0.011941541,6.827595352,4.971647669,-0.854687431,0.059166084,-0.043737778,-0.004855673,0.997269839,-0.422469261,0.90636516,0.566898952,0.0,0.0,0.0,0.86058265,0.0,3.668621778
1772729818.4037068,0.10022,0.995678,0.469393,0.04801836,-0.03329396,-0.00720007,0.99826545,0.096709,-0.065828,-0.017612,-0.927794824,0.152093482,0.035182085,0.078430192,0.154046878,0.005585143,0.02786152,-0.009109686,1.018443791,0.076048769,0.07845499,0.028045256,51426.153559175,51893.307583705,50961.703450724,50795.203762275,0.14371685,0.986948978,0.467766929,-0.945407241,0.199904594,0.026580854,-0.061016494,-0.125213047,0.013499601,6.838952973,4.957492626,-0.850310142,0.059267832,-0.04361281,-0.004820642,0.997272118,-0.425822682,0.904803991,0.567022254,0.0,0.0,0.0,0.86058265,0.0,3.668621778
1772729818.4137068,0.090918,0.997146,0.469763,0.04878557,-0.03298193,-0.00686949,0.99824094,0.098219,-0.065224,-0.01697,-0.932852424,0.141222046,0.035911301,0.074571033,0.13456024,0.012828235,0.027969178,-0.008830459,1.01872923,0.06974903,0.083660403,0.028070915,51414.905682849,51623.027731987,51043.746783926,51066.80689356,0.140232139,0.987750712,0.467891911,-0.948088354,0.195462579,0.027053157,-0.063000477,-0.12459063,0.012386632,6.850310864,4.943337246,-0.845932748,0.059369583,-0.04348784,-0.004785611,0.997274397,-0.429547358,0.903030614,0.567159786,0.0,0.0,0.0,0.86058265,0.0,3.668621778
1772729818.4237068,0.081533,0.998493,0.470118,0.04923639,-0.03208582,-0.00682391,0.99824832,0.099099,-0.06343,-0.016818,-0.937903361,0.13083779,0.036141002,0.071236982,0.115750046,0.029697259,0.020999038,-0.002630384,1.016589608,0.065679317,0.09102566,0.030898108,51403.62385181,51396.824680747,51104.735972219,51297.794079309,0.136747429,0.988552447,0.468016892,-0.950769468,0.191020564,0.027525459,-0.068630371,-0.123016605,0.009058667,6.869672561,4.913628586,-0.835921165,0.059544421,-0.043224894,-0.004706761,0.997277429,-0.433272034,0.901257237,0.567297318,0.0,0.0,0.0,0.86058265,0.0,3.668621778
1772729818.4337075,0.072144,0.999708,0.470508,0.04941041,-0.03108195,-0.00648276,0.99827376,0.099404,-0.061455,-0.016046,-0.943441653,0.120258739,0.037206659,0.056350877,0.12154278,0.034628963,0.017950133,0.007243968,1.014583319,0.073345336,0.089153712,0.026895774,51392.09060266,51495.925191959,51010.334192142,51229.021741787,0.129287897,0.990129264,0.468274912,-0.956248331,0.181579751,0.028075681,-0.070244272,-0.121309908,0.007103505,6.893032504,4.874680834,-0.822450375,0.059756122,-0.042879894,-0.004601201,0.997281604,-0.440069555,0.897950869,0.567549274,0.0,0.0,0.0,0.86058265,0.0,3.668621778
1772729818.443708,0.062633,1.000917,0.470878,0.04941522,-0.03045956,-0.00638473,0.99829334,0.099394,-0.060221,-0.015787,-0.949028042,0.109686313,0.03770464,0.031984719,0.171491805,0.02464501,0.023300591,0.014850265,1.013757218,0.089538653,0.082690649,0.011650654,51380.557628465,51595.023340598,50915.93466262,51160.251043809,0.121045537,0.991775983,0.468578484,-0.962248044,0.171266999,0.028538008,-0.066163922,-0.119415315,0.007095008,6.923597263,4.806143709,-0.797448536,0.060037153,-0.042271571,-0.004408448,0.997290394,-0.448209717,0.893914604,0.56785213,0.0,0.0,0.0,0.86058265,0.0,3.668621778
1772729818.453708,0.053212,1.00195,0.471234,0.04979956,-0.03015385,-0.00623244,0.99828448,0.100149,-0.059619,-0.015475,-0.954222452,0.098998094,0.03799114,0.016166396,0.204164016,0.013509538,0.024011534,0.007044997,1.013749467,0.073717849,0.103741888,0.008180321,51186.615244642,51538.906220515,51094.634098261,51150.499561936,0.110438947,0.993755966,0.468975543,-0.969751355,0.157986114,0.02921219,-0.062849624,-0.119719598,0.007618102,6.977186712,4.735478342,-0.77936751,0.060515927,-0.041649104,-0.004269015,0.997282978,-0.458613121,0.888584142,0.568241805,0.0,0.0,0.0,0.86058265,0.0,3.668621778
1772729818.4637084,0.043604,1.002891,0.471611,0.04981943,-0.02910665,-0.00606399,0.99831561,0.100157,-0.057543,-0.015033,-0.958936812,0.088161564,0.037993937,0.00867737,0.240628014,0.007125231,0.02472251,-0.000760643,1.013741715,0.057896291,0.124794131,0.004709822,50982.151517055,51499.402726302,51304.413028457,51107.151517055,0.096973681,0.9960419,0.469464099,-0.978848651,0.141197092,0.029797122,-0.061246246,-0.124936428,0.009328903,7.023463403,4.628775439,-0.755066579,0.060935789,-0.040709259,-0.004098163,0.997296782,-0.471148226,0.882047922,0.568713063,0.0,0.0,0.0,0.86058265,0.0,3.668621778
1772729818.4737086,0.033989,1.003685,0.472024,0.0496807,-0.02746008,-0.00619187,0.99836839,0.099852,-0.054242,-0.015115,-0.964232699,0.076913807,0.037797666,-0.013234823,0.250256254,-0.009202423,0.025460075,-0.008156947,1.013649727,0.041938238,0.145789895,0.001216828,50913.761036742,51301.060286718,51284.631159214,51308.808981297,0.085961036,0.997717193,0.469882981,-0.986079165,0.127439187,0.030817774,-0.054683607,-0.129165485,0.004016839,7.05144326,4.541137082,-0.737576949,0.061192212,-0.03993819,-0.003983324,0.997327016,-0.48195684,0.876181646,0.569122995,0.0,0.0,0.0,0.86058265,0.0,3.668621778
1772729818.4837086,0.024275,1.004416,0.472392,0.04979275,-0.02553492,-0.00597957,0.99841519,0.100027,-0.050415,-0.014502,-0.966959003,0.064695128,0.038456738,-0.03857173,0.263663698,-0.037397148,0.027660884,0.006949633,1.008924811,0.018452796,0.163706476,-0.00351781,50963.081597586,51138.824211056,51147.877603621,51485.959536482,0.077171876,0.998927686,0.470225928,-0.991621423,0.116515468,0.031264076,-0.051591517,-0.118736922,0.002776956,7.079422449,4.453500813,-0.720087736,0.061448628,-0.03916714,-0.003868488,0.997337401,-0.490461298,0.871431444,0.569447721,0.0,0.0,0.0,0.86058265,0.0,3.668621778
1772729818.4937088,0.014638,1.005005,0.47278,0.04966711,-0.02472975,-0.00619648,0.99844039,0.09977,-0.048786,-0.014848,-0.970161687,0.053985988,0.038625212,-0.043327207,0.249238789,-0.051673023,0.033353961,0.014613904,1.012121597,0.011445187,0.20118729,-0.009366459,50684.32086213,51326.244394987,51196.350005857,51278.416656905,0.066616753,1.00022131,0.470630937,-1.000354791,0.10578283,0.031666751,-0.045709412,-0.109927071,0.00645627,7.091852877,4.344678361,-0.706814791,0.06156953,-0.03821335,-0.003807499,0.997370064,-0.498315376,0.866941305,0.56974929,0.0,0.0,0.0,0.86058265,0.0,3.668621778
1772729818.5037096,0.004924,1.005511,0.473128,0.04926276,-0.02360367,-0.00631044,0.99848697,0.098943,-0.046531,-0.014944,-0.973204405,0.043025216,0.038629951,-0.022992641,0.224310076,-0.042415273,0.026436696,0.008879712,1.01113157,-0.000677839,0.242110229,-0.005358556,50376.312619709,51302.748023445,51335.63061104,51296.474560406,0.051223068,1.001865583,0.471169752,-1.015114106,0.091853688,0.032185038,-0.047092085,-0.114503492,0.003184927,7.091836038,4.178501193,-0.692120598,0.061586151,-0.036759074,-0.00376953,0.9973948,-0.506848767,0.862025004,0.570077569,0.0,0.0,0.0,0.86058265,0.0,3.668970656
1772729818.5137095,-0.004863,1.005867,0.47354,0.04893281,-0.0230668,-0.00679996,0.99851253,0.098293,-0.045415,-0.015854,-0.978203885,0.032569728,0.038474823,0.002466756,0.239093119,-0.03251663,0.025581119,0.006254543,1.008632573,0.010715114,0.250223325,-0.007152913,50584.097754864,50710.197972321,51298.784991143,51921.038018981,0.039111401,1.003029249,0.471639417,-1.017354843,0.077054144,0.031802054,-0.044436974,-0.118326701,0.001826934,7.09020348,3.998746556,-0.676513321,0.061589873,-0.035186058,-0.003731496,0.997463738,-0.518953844,0.854679353,0.570549576,0.0,0.0,0.0,0.86058265,0.0,3.669498846
1772729818.52371,-0.014556,1.006104,0.473956,0.04922857,-0.02093783,-0.00710671,0.99854276,0.098856,-0.041127,-0.016269,-0.98260861,0.022052235,0.03820297,0.0343088,0.268918354,-0.022133635,0.025434278,0.003992761,1.005956995,0.024858393,0.254500474,-0.009625819,50469.496630972,51027.041268205,51258.162648648,51662.109221401,0.02350306,1.004274726,0.472264916,-1.026419044,0.06004665,0.031549212,-0.041781737,-0.122150093,0.000468876,7.065875388,3.795215307,-0.672033477,0.061393583,-0.033411169,-0.003809695,0.997529593,-0.530811734,0.847255669,0.571015935,0.0,0.0,0.0,0.86058265,0.0,3.670027061
1772729818.5337102,-0.024504,1.006331,0.474304,0.04982962,-0.02002784,-0.00645267,0.99853606,0.100016,-0.039364,-0.014894,-0.987692259,0.012606247,0.03721812,0.068089182,0.290769623,-0.008374996,0.025287441,0.001731032,1.00328148,0.039001333,0.25877752,-0.012098667,50333.141567203,51525.438194084,51249.181421899,51187.296315516,0.017715746,1.004686741,0.472538356,-1.027360723,0.052736788,0.031584326,-0.036950677,-0.124357633,0.000427407,7.0657109,3.591323157,-0.665042467,0.061407873,-0.031632439,-0.003858824,0.997596381,-0.542669341,0.839832162,0.571482284,0.0,0.0,0.0,0.86058265,0.0,3.670555264
1772729818.5437105,-0.034421,1.006383,0.474685,0.05008885,-0.01837268,-0.00633914,0.99855564,0.1005,-0.036065,-0.01451,-0.991525635,0.00273524,0.036763905,0.085927574,0.287556432,-0.003702257,0.025140604,-0.000530696,1.000605965,0.053144274,0.263054567,-0.014571514,50609.32228867,51395.940843705,50968.620379136,51269.751368076,0.006622931,1.00532509,0.472992729,-1.029137201,0.038517361,0.031692089,-0.032747717,-0.124596557,-0.002334139,7.068874987,3.396308523,-0.657232259,0.061450645,-0.029930638,-0.003895132,0.997644033,-0.552324258,0.833614436,0.571865133,0.0,0.0,0.0,0.86058265,0.0,3.671083466
1772729818.5537107,-0.044326,1.006362,0.475033,0.05041943,-0.01651444,-0.00671763,0.99856899,0.101141,-0.03231,-0.01509,-0.993028103,-0.008389868,0.036660796,0.079294965,0.269746854,-0.021805678,0.025648628,0.001344458,0.999087634,0.061858758,0.260748803,-0.016834715,50489.602684018,51643.150422484,51101.800551263,50999.67114003,-0.002502298,1.005698046,0.473350875,-1.031144374,0.02707399,0.031573427,-0.032877606,-0.121722412,-0.007470205,7.082252493,3.231883521,-0.646086402,0.061580675,-0.028493607,-0.003883397,0.99769063,-0.560297278,0.828276632,0.572184984,0.0,0.0,0.0,0.86058265,0.0,3.671611669
1772729818.5637107,-0.054221,1.006222,0.475396,0.05089322,-0.01578435,-0.00665516,0.99855718,0.102075,-0.030851,-0.014905,-0.994553454,-0.019975,0.037568354,0.068510386,0.244943192,-0.03751018,0.027569461,0.012144606,1.000065886,0.058861511,0.244241133,-0.018645565,50672.981629196,51556.54145365,50912.165275639,51138.128534031,-0.009250966,1.005902117,0.473626141,-1.032900015,0.018829003,0.031236792,-0.028252075,-0.110735418,-0.006282585,7.101958147,3.11021095,-0.637911244,0.061761952,-0.027430538,-0.003873294,0.997705549,-0.566045394,0.824362838,0.572416799,0.0,0.0,0.0,0.86058265,0.0,3.672139859
1772729818.573711,-0.064232,1.005997,0.475772,0.05122042,-0.01467924,-0.00678483,0.99855644,0.102715,-0.028625,-0.015061,-0.994777988,-0.031685869,0.03778638,0.07096084,0.23611188,-0.039793473,0.028016693,0.008377763,0.999118106,0.062656721,0.243537745,-0.01896389,50855.891095122,51445.452438796,50717.567650906,51308.509157167,-0.014781704,1.006036683,0.473854837,-1.03439307,0.012141649,0.030833864,-0.026421122,-0.114366795,-0.007208823,7.123545989,2.991788233,-0.630895687,0.061958906,-0.026396417,-0.003871571,0.997717231,-0.569809658,0.821762577,0.572569308,0.0,0.0,0.0,0.86058265,0.0,3.672668061
1772729818.583711,-0.07418,1.005591,0.476182,0.05153899,-0.01321174,-0.00691473,0.99855965,0.10333,-0.025675,-0.015177,-0.997637276,-0.042393047,0.037353785,0.071395447,0.221805051,-0.021644385,0.027959948,-0.000370773,0.997511666,0.068774785,0.248239337,-0.018771771,50575.670155111,51745.922444403,50990.60343861,51017.183890862,-0.021583096,1.006160665,0.474112548,-1.036473405,0.004165459,0.030401736,-0.024355422,-0.120034595,-0.008877767,7.146378094,2.875515551,-0.624647647,0.062166224,-0.025381448,-0.003875395,0.997730967,-0.574875682,0.818228853,0.572775207,0.0,0.0,0.0,0.86058265,0.0,3.673196251
1772729818.5937107,-0.084082,1.005073,0.476556,0.05180296,-0.01217021,-0.0073202,0.99855634,0.10385,-0.023549,-0.015885,-1.000394447,-0.053302421,0.036441177,0.061324146,0.242472162,-0.024405244,0.027903205,-0.0091191,0.995905265,0.074892703,0.252940818,-0.018579656,50801.971542025,51762.934764111,50825.456462135,50976.501370899,-0.029241902,1.006245886,0.474400691,-1.038802135,-0.004766835,0.029856854,-0.019517372,-0.132689799,-0.012862727,7.169209654,2.759245641,-0.618399756,0.062373536,-0.024366504,-0.00387922,0.997743668,-0.583044677,0.812426602,0.573109204,0.0,0.0,0.0,0.86058265,0.0,3.673724428
1772729818.6037104,-0.094187,1.004544,0.476903,0.05231704,-0.01086187,-0.00675945,0.99854858,0.104844,-0.020986,-0.01464,-1.002585746,-0.0636636,0.035043895,0.052828527,0.258603664,-0.04109741,0.026756324,0.001622064,0.995415448,0.074458988,0.236660767,-0.023577224,50883.001159555,51589.52448317,50709.904154519,51227.31616088,-0.039438613,1.006235148,0.474777239,-1.041674957,-0.016630821,0.029205069,-0.017273911,-0.128898251,-0.003506978,7.207693915,2.587824783,-0.606832882,0.062721194,-0.022868944,-0.003864439,0.997758485,-0.591165921,0.806537458,0.573443592,0.0,0.0,0.0,0.86058265,0.0,3.673551976
1772729818.6137104,-0.104191,1.003847,0.477214,0.05262043,-0.00990477,-0.0069781,0.99854108,0.10544,-0.019047,-0.014981,-1.004778814,-0.073296088,0.033992748,0.05377266,0.256690448,-0.043132755,0.025591584,0.012682278,0.994943884,0.073918096,0.220037126,-0.0286598,50581.23301497,51763.661315451,50788.98509788,51310.085348506,-0.053426217,1.0061028,0.475281288,-1.045292206,-0.032907684,0.02856211,-0.017191257,-0.121436343,-0.01243087,7.252093148,2.366352341,-0.596358066,0.063122552,-0.020936322,-0.003886809,0.997776653,-0.602515732,0.798094382,0.573915104,0.0,0.0,0.0,0.86058265,0.0,3.673029559
1772729818.62371,-0.114281,1.003062,0.477586,0.05260457,-0.00823863,-0.00735107,0.99855438,0.105386,-0.015681,-0.01555,-1.007190607,-0.083147943,0.033740747,0.045216096,0.253807893,-0.051722744,0.031855852,0.02013422,0.998505088,0.071675769,0.23300318,-0.03801429,50924.02116348,51514.485328698,50416.379102341,51685.151211533,-0.064391705,1.005854946,0.475680362,-1.047806023,-0.045506142,0.027392954,-0.008637233,-0.105334742,-0.005586627,7.286069657,2.18779039,-0.597108388,0.06342834,-0.019383131,-0.003986312,0.997793308,-0.611514421,0.791225593,0.574292464,0.0,0.0,0.0,0.86058265,0.0,3.672507167
1772729818.6337106,-0.124328,1.002166,0.477905,0.05288712,-0.00670318,-0.0078167,0.9985474,0.105932,-0.01256,-0.016322,-1.008594979,-0.093787599,0.034266525,0.043662819,0.272384984,-0.060041823,0.032857717,0.005825819,0.993577901,0.068000968,0.221371191,-0.043469079,50759.711545169,52053.768050227,50531.716777119,51277.136379491,-0.076156554,1.005388595,0.476131049,-1.050015406,-0.059259864,0.026785903,-0.00309174,-0.11899447,-0.011814188,7.320907605,2.030226016,-0.602872524,0.063739555,-0.018015604,-0.004118519,0.997796239,-0.61988395,0.784689369,0.574646459,0.0,0.0,0.0,0.86058265,0.0,3.671984712
1772729818.6437104,-0.1344,1.001176,0.478259,0.05322556,-0.00589693,-0.007872,0.99853407,0.106596,-0.010939,-0.01635,-1.00686854,-0.105348877,0.035007337,0.047523128,0.262417728,-0.070988934,0.030876764,-0.002228759,0.99653866,0.058959077,0.213541133,-0.040639293,50697.146002124,52144.271447316,50604.990773332,51191.760439881,-0.085972428,1.004877995,0.476499223,-1.051501096,-0.070799596,0.026171741,-0.003065856,-0.126540347,-0.0093812,7.351809697,1.881423056,-0.611011399,0.06401568,-0.016725594,-0.004267864,0.997804628,-0.627917798,0.778276635,0.57498909,0.0,0.0,0.0,0.86058265,0.0,3.671462308
1772729818.6537108,-0.144505,1.000098,0.478611,0.05353949,-0.00441687,-0.00782305,0.99852532,0.107199,-0.007983,-0.016097,-1.00578132,-0.116350189,0.035079967,0.046939434,0.241341913,-0.056145829,0.030376585,-0.001448168,1.002220849,0.063312083,0.206711613,-0.043672083,50617.541331517,52095.061753391,50696.707669937,51308.945719597,-0.094679489,1.004377604,0.47680937,-1.052808698,-0.080832906,0.025314721,-0.004241526,-0.128409521,-0.004303189,7.375855484,1.761884869,-0.617849152,0.064230727,-0.015689465,-0.004391061,0.997807558,-0.634701556,0.772748052,0.575280797,0.0,0.0,0.0,0.86058265,0.0,3.670939866
1772729818.6637113,-0.154564,0.998853,0.478964,0.05346135,-0.00315549,-0.00829565,0.99853047,0.107024,-0.005415,-0.016905,-1.00468433,-0.127802492,0.034760659,0.025892014,0.228102481,-0.052124625,0.029697039,0.005581174,1.006218525,0.06314001,0.196806028,-0.056000381,50352.726315596,52129.032192752,50748.435384417,51516.628632958,-0.102504141,1.003835256,0.477066913,-1.053756901,-0.089966124,0.024998813,-0.000837156,-0.124670438,-0.001465732,7.39688429,1.661282123,-0.623908266,0.064418625,-0.014817694,-0.004497594,0.997808494,-0.641100481,0.767442469,0.575557891,0.0,0.0,0.0,0.86058265,0.0,3.670417424
1772729818.673711,-0.164617,0.997534,0.479308,0.05389948,-0.00154153,-0.00846875,0.99850926,0.107874,-0.002166,-0.017079,-1.00526139,-0.138052579,0.034170002,-0.002842783,0.257720394,-0.051870483,0.028527667,0.017989338,1.006441461,0.04178738,0.199057535,-0.070421796,50099.329546991,52136.421095335,50813.299256254,51740.687626775,-0.111665217,1.003130383,0.477381842,-1.054778116,-0.100658356,0.024955653,0.001324424,-0.114162517,3.8801e-05,7.421020529,1.544583428,-0.640015629,0.064633298,-0.013811588,-0.004700683,0.997801955,-0.647969886,0.761649543,0.575857444,0.0,0.0,0.0,0.86058265,0.0,3.66989502
1772729818.6837115,-0.174542,0.996058,0.47966,0.05381816,-0.00119759,-0.00881216,0.99851115,0.107705,-0.001443,-0.017728,-1.003790157,-0.14898804,0.033366329,-0.038628481,0.246065212,-0.046665278,0.026920422,0.021502553,1.000571464,0.016380179,0.221607597,-0.06797049,50275.704249985,51826.907032783,50599.944480072,52076.333605395,-0.12055066,1.00235764,0.477679811,-1.054527347,-0.111271162,0.025039847,-0.001315108,-0.107706254,-0.002598152,7.433183629,1.420472268,-0.66578498,0.064743315,-0.012745964,-0.004993895,0.997806049,-0.654692468,0.755879356,0.576152773,0.0,0.0,0.0,0.86058265,0.0,3.669372578
1772729818.6937113,-0.184656,0.994542,0.479971,0.05333805,0.00013562,-0.00870585,0.99853855,0.10672,0.0012,-0.017373,-1.003107678,-0.159295723,0.032883054,-0.071089934,0.228768783,-0.030184666,0.023870676,0.009993393,0.995841785,0.012733401,0.240253095,-0.05454896,50383.718202456,51522.389991656,50576.100141646,52300.147292237,-0.128832182,1.001571425,0.477957478,-1.053894597,-0.121160462,0.024914408,-0.001609556,-0.113125653,-0.008367773,7.434451219,1.289995293,-0.684551371,0.064759934,-0.011620491,-0.005231037,0.997820164,-0.660892188,0.750467385,0.576427097,0.0,0.0,0.0,0.86058265,0.0,3.668850173
1772729818.703711,-0.19476,0.992912,0.480311,0.05289744,0.00192011,-0.00887111,0.9985587,0.105807,0.004773,-0.017515,-1.004130484,-0.169084524,0.033253625,-0.09582179,0.199016042,-0.018439058,0.027924613,0.010649419,1.004535382,-0.031703771,0.281466757,-0.053598378,50684.326980983,50803.111251981,50441.370582409,52940.019572108,-0.139755164,1.000343334,0.478334688,-1.045409941,-0.134195404,0.024245036,0.009510434,-0.106915665,0.00100179,7.432138579,1.129802068,-0.697806856,0.06474787,-0.010232972,-0.005437378,0.997845432,-0.668979283,0.74319483,0.576789664,0.0,0.0,0.0,0.86058265,0.0,3.668621778
1772729818.713711,-0.204787,0.9912,0.48062,0.05266108,0.00313142,-0.00884551,0.99856836,0.105313,0.007186,-0.017337,-1.005129028,-0.17887284,0.033823206,-0.099998366,0.166383853,-0.016515014,0.028015795,0.020237538,1.003679228,-0.059355504,0.214002713,-0.033793752,51288.441247198,49554.812798044,50036.331689423,54200.301772977,-0.16150162,0.997539683,0.47908806,-1.006954303,-0.160710155,0.02260112,0.017907238,-0.102670746,0.006149151,7.387786307,0.9436221,-0.696957311,0.064371901,-0.00860897,-0.00553549,0.997997957,-0.695730378,0.718301954,0.578007761,0.0,0.0,0.0,0.86058265,0.0,3.668621778
1772729818.7237115,-0.214698,0.989277,0.480989,0.05186488,0.00250493,-0.00886846,0.99861159,0.103729,0.005923,-0.017454,-1.005404222,-0.189120674,0.034820138,-0.078109848,0.096711352,-0.014184582,0.028058746,0.028640605,1.002693029,-0.080672481,0.146031995,-0.015911936,50501.736566186,50452.240279598,50896.450415028,53352.522062036,-0.176025617,0.995613163,0.479590865,-0.987220341,-0.177413926,0.021775988,0.02137305,-0.10198407,0.003651153,7.331952751,0.754233546,-0.692784479,0.063896242,-0.006954543,-0.005606427,0.998025852,-0.698984165,0.715086655,0.578160241,0.0,0.0,0.0,0.86058265,0.0,3.668621778
1772729818.7337112,-0.224837,0.987379,0.48133,0.05161572,0.00375551,-0.00893964,0.99861995,0.103209,0.008424,-0.017468,-1.004558281,-0.199672257,0.035916079,-0.053322798,0.007029167,-0.012929352,0.028747969,0.026865317,1.003171579,-0.063407007,0.10131084,-0.015615659,50285.605087573,51039.834723381,51098.422991382,52800.741312205,-0.181127712,0.994830905,0.479766797,-0.99190694,-0.181319403,0.022018874,0.024838615,-0.101297444,0.001153333,7.276123188,0.564858539,-0.688611945,0.063420618,-0.005300234,-0.005677359,0.998040718,-0.702237719,0.711871587,0.57831271,0.0,0.0,0.0,0.86058265,0.0,3.668621778
1772729818.743712,-0.23493,0.985341,0.481714,0.05144508,0.00327003,-0.00913372,0.9986287,0.102874,0.007471,-0.017907,-1.002822848,-0.210643946,0.036715653,-0.021451791,-0.079621222,-0.010712791,0.029437258,0.025089859,1.003650176,-0.046139885,0.056585421,-0.015319353,50102.169008054,51554.886757111,51264.535406242,52320.845468411,-0.186230294,0.994048572,0.479942747,-0.996593986,-0.185225252,0.022261783,0.02830451,-0.100610751,-0.001344726,7.220288301,0.37546547,-0.684439014,0.062944948,-0.003645767,-0.005748298,0.99804661,-0.705491584,0.708656211,0.578465194,0.0,0.0,0.0,0.86058265,0.0,3.668621778
1772729818.7537117,-0.244936,0.983196,0.482054,0.05163154,0.00322972,-0.00905078,0.99861997,0.103248,0.007385,-0.017744,-1.001149226,-0.221446637,0.036837234,0.014001746,-0.14539349,-0.005927195,0.03012648,0.023314571,1.004128727,-0.028874411,0.011864266,-0.015023075,50103.291322148,51660.38428193,51228.247250542,52246.772738219,-0.19133239,0.993266314,0.480118679,-1.001280584,-0.189130728,0.022504669,0.031770074,-0.099924124,-0.003842546,7.164458738,0.186090462,-0.68026648,0.062469323,-0.001991458,-0.00581923,0.998052192,-0.708745139,0.705441142,0.578617663,0.0,0.0,0.0,0.86058265,0.0,3.668621778
1772729818.7637117,-0.254927,0.980895,0.482441,0.05156884,0.00168344,-0.00918919,0.99862575,0.103149,0.00431,-0.018181,-0.999386423,-0.231802358,0.036568236,0.050775574,-0.178987546,-0.008221713,0.030815719,0.021539241,1.004607289,-0.011608525,-0.032857955,-0.01472679,50104.413663001,51765.884322068,51191.958229643,52172.698241952,-0.199802375,0.991767288,0.480394528,-1.004236692,-0.198048249,0.02252403,0.033919259,-0.101653108,-0.004699647,7.108627844,-0.003289061,-0.676093847,0.061993687,-0.000337109,-0.005890164,0.998057775,-0.713091061,0.701054386,0.578823524,0.0,0.0,0.0,0.86058265,0.0,3.668621778
1772729818.7737114,-0.264898,0.978543,0.482805,0.05182409,0.00123901,-0.00921486,0.99861295,0.103668,0.00343,-0.018277,-0.997448581,-0.241797336,0.036281795,0.074810357,-0.187860319,-0.006820313,0.031504942,0.019763953,1.00508584,0.00565695,-0.07757911,-0.014430513,49445.943776124,52272.792996228,51729.445611173,51676.591497604,-0.208793539,0.990157334,0.480685838,-1.006924807,-0.20774148,0.022508786,0.033474795,-0.106714961,-0.002650986,7.090604883,0.002293081,-0.688414948,0.061836429,-0.000391461,-0.00599478,0.998067683,-0.71859461,0.695416181,0.579086183,0.0,0.0,0.0,0.86058265,0.0,3.668621778
1772729818.7837114,-0.274772,0.976029,0.483171,0.05240553,-0.00031668,-0.00942144,0.99858139,0.10486,0.000355,-0.01885,-0.997816142,-0.250404532,0.035370935,0.094542172,-0.127371915,-0.006319788,0.032194181,0.017988622,1.005564402,0.022922836,-0.122301331,-0.014134228,49076.041670339,52704.997928603,52091.144755399,51211.946143676,-0.218112257,0.988435025,0.480993288,-1.008982125,-0.217835488,0.022618663,0.027677336,-0.109154386,0.002863248,7.083846828,0.039529445,-0.705656068,0.061775489,-0.000724725,-0.006124896,0.998070844,-0.725461413,0.688249227,0.579417029,0.0,0.0,0.0,0.86058265,0.0,3.668621778
1772729818.7937117,-0.284862,0.973517,0.483497,0.05279477,-0.0005504,-0.00928431,0.99856207,0.105644,-0.000119,-0.018601,-0.998192677,-0.259618721,0.035076199,0.096664264,-0.037067034,-0.011261753,0.032883437,0.01621325,1.006042975,0.040189133,-0.167024618,-0.013837936,49347.952107123,52738.43703786,51908.822076235,51144.675554568,-0.225910919,0.986912131,0.481259365,-1.009806438,-0.226341908,0.022869972,0.029548568,-0.109191313,-0.001932504,7.084441376,0.069588821,-0.714769445,0.061778956,-0.000991485,-0.006188043,0.998069394,-0.731098377,0.682268166,0.579690987,0.0,0.0,0.0,0.86058265,0.0,3.668621778
1772729818.803712,-0.294867,0.970888,0.483869,0.05337444,-3.429e-05,-0.00964227,0.99852801,0.106795,0.000961,-0.019261,-0.997049688,-0.269230871,0.034140437,0.084230454,0.076763766,-0.013127584,0.032012208,0.018321455,1.005996431,0.045072303,-0.161643156,-0.010816763,49371.75269679,52813.273943514,51884.530752761,51054.871267784,-0.229922038,0.986077222,0.481402459,-1.010027685,-0.23073093,0.02304512,0.029081225,-0.109451826,-0.002727993,7.087388669,0.094859358,-0.720086993,0.06180317,-0.001214614,-0.006220692,0.998067487,-0.732794454,0.680434469,0.579774245,0.0,0.0,0.0,0.86058265,0.0,3.668621778
1772729818.8137124,-0.3048,0.96817,0.484194,0.05382358,0.00036896,-0.00935566,0.99850656,0.107688,0.001744,-0.018645,-0.994938323,-0.279448965,0.034232822,0.062410453,0.146608833,-0.002492775,0.031033849,0.020696274,1.005913843,0.049105629,-0.152822446,-0.007608485,49395.553853894,52888.112633377,51860.23885015,50965.064839948,-0.233933253,0.985242294,0.481545557,-1.010248938,-0.235120057,0.023220272,0.028613871,-0.109712345,-0.003523502,7.090336033,0.120130496,-0.725404668,0.061827384,-0.001437749,-0.006253342,0.998065581,-0.734490571,0.678600728,0.579857505,0.0,0.0,0.0,0.86058265,0.0,3.668621778
1772729818.8237128,-0.314711,0.965285,0.484531,0.05396525,0.00113986,-0.00937104,0.99849819,0.107957,0.003288,-0.018592,-0.99164842,-0.289878812,0.034241835,0.034773695,0.227962494,0.010957337,0.030055489,0.023071093,1.005831255,0.053138955,-0.144001737,-0.004400208,49419.355010998,52962.95132324,51835.946947538,50875.258412112,-0.237944468,0.984407366,0.481688655,-1.01047019,-0.239509184,0.023395424,0.028146516,-0.109972863,-0.004319011,7.093283396,0.145401635,-0.730722343,0.061851599,-0.001660884,-0.006285992,0.998063675,-0.736186688,0.676766987,0.579940765,0.0,0.0,0.0,0.86058265,0.0,3.668621778
1772729818.8337123,-0.32462,0.96231,0.484893,0.05395957,0.00291026,-0.00942929,0.99849436,0.107914,0.006829,-0.018518,-0.987666191,-0.300951103,0.033878063,0.005334234,0.278612223,0.016441523,0.029608585,0.025269937,1.005470652,0.058418353,-0.131443368,-0.002061364,49567.548626345,53053.23534942,51637.317977645,50776.607228664,-0.241955301,0.983572517,0.481831739,-1.010691422,-0.243897892,0.02357056,0.027679207,-0.110233357,-0.005114444,7.107703337,0.218646784,-0.745252682,0.061972752,-0.002307477,-0.006372688,0.998058861,-0.738854035,0.673853585,0.580072432,0.0,0.0,0.0,0.86058265,0.0,3.668621778
1772729818.843713,-0.334477,0.959277,0.485201,0.05403138,0.00401462,-0.00915282,0.99848922,0.10804,0.009006,-0.017846,-0.986184507,-0.310607542,0.032929868,-0.007009805,0.32261503,0.031303415,0.033434793,0.026055687,1.002874175,0.07372228,-0.088818794,-0.006711698,49734.084069535,53206.685202337,51424.118089199,50598.23607153,-0.246974202,0.982487771,0.482013993,-1.010920517,-0.249424315,0.023791895,0.027211841,-0.110493882,-0.005909971,7.13600818,0.291141312,-0.76060567,0.062214693,-0.002948783,-0.00646644,0.998041419,-0.744763065,0.667323361,0.580365998,0.0,0.0,0.0,0.86058265,0.0,3.668621778
1772729818.8537135,-0.344345,0.956134,0.485571,0.05418221,0.00526013,-0.00860841,0.9984801,0.108328,0.011437,-0.016622,-0.984732252,-0.320461125,0.03263385,-0.013738964,0.341306492,0.033780437,0.032158099,0.021709655,1.00698129,0.071309961,-0.045161751,-0.006258521,49709.17963955,53167.619271726,51457.589299269,50618.340215576,-0.254816049,0.980703168,0.482305945,-1.011171565,-0.258136793,0.02414261,0.026744487,-0.1107544,-0.00670548,7.168991953,0.33903407,-0.771653039,0.062498806,-0.003373785,-0.006535672,0.99802202,-0.749706939,0.661759044,0.580614122,0.0,0.0,0.0,0.86058265,0.0,3.668621778
1772729818.8637135,-0.354171,0.952862,0.485871,0.05383442,0.00774419,-0.00855549,0.99848319,0.107595,0.016387,-0.016254,-0.984061214,-0.330009503,0.032053605,-0.017510389,0.336073921,0.04107613,0.032111287,0.022582037,1.009558313,0.051328504,0.040326841,-0.010432852,49759.964552567,51647.750879044,51174.877900844,52344.84526635,-0.263472258,0.978651464,0.482626309,-1.011408016,-0.267745416,0.024350228,0.026277155,-0.111014907,-0.007500951,7.195189497,0.357523234,-0.780492698,0.062725598,-0.00354114,-0.006601805,0.998008738,-0.75558134,0.655039429,0.580911637,0.0,0.0,0.0,0.86058265,0.0,3.668621778
1772729818.8737135,-0.363994,0.949507,0.486176,0.05375734,0.00928767,-0.00841054,0.99847541,0.107421,0.019453,-0.015801,-0.980656413,-0.341183018,0.032525847,-0.008416091,0.298206483,0.033032737,0.035301853,0.020116537,1.008620132,0.046649571,0.107305478,-0.011355623,49936.017492968,51610.881153305,51053.207805907,52281.244989451,-0.272263197,0.976462388,0.482953282,-1.011539485,-0.277684968,0.024804527,0.025809823,-0.111275413,-0.008296421,7.209202919,0.32709052,-0.78645941,0.062849315,-0.003280175,-0.006670067,0.998000916,-0.76130657,0.648373856,0.581204525,0.0,0.0,0.0,0.86058265,0.0,3.668621778
1772729818.8837135,-0.37381,0.946068,0.486503,0.05414479,0.01036729,-0.00786688,0.99844828,0.108194,0.021556,-0.014591,-0.977690987,-0.351907134,0.033390436,0.009514524,0.248135996,0.025608,0.034550365,0.017777414,1.004985081,0.045944887,0.149574732,-0.008410003,49748.230317418,51922.662563324,51364.558992683,51837.703482538,-0.283207081,0.973638474,0.483347039,-1.011814913,-0.289853873,0.025127292,0.025342491,-0.111535919,-0.009091892,7.225300113,0.250059148,-0.784056421,0.062994261,-0.00260892,-0.006691077,0.997993145,-0.768630032,0.63967816,0.581583489,0.0,0.0,0.0,0.86058265,0.0,3.668621778
1772729818.8937135,-0.383591,0.942475,0.486858,0.05376973,0.01135194,-0.007871,0.99845781,0.107431,0.023517,-0.014501,-0.975117072,-0.362015361,0.033869982,0.02669315,0.162101929,0.02282166,0.025415208,0.022825573,1.000561437,0.022483049,0.204797537,-0.00680139,50093.312449146,51313.946135069,51023.650610252,52466.258421481,-0.295038425,0.970559521,0.483767836,-1.012159185,-0.302920517,0.025360769,0.019821684,-0.104781458,-0.007472713,7.227760401,0.163823094,-0.778772404,0.063020984,-0.00185512,-0.006692338,0.997985574,-0.776002201,0.630721545,0.581970183,0.0,0.0,0.0,0.86058265,0.0,3.668621778
1772729818.9037137,-0.393353,0.938824,0.487189,0.0540171,0.01237238,-0.00770941,0.99843359,0.107919,0.025542,-0.014063,-0.973101822,-0.371790933,0.034432783,0.038981496,0.095098013,0.025578245,0.029953823,0.020874356,1.000627198,0.008645552,0.245745613,0.003214875,50343.58855438,50761.063466233,50816.604014104,52964.53539463,-0.302700357,0.968455472,0.484029582,-1.012127864,-0.311265802,0.02459388,0.027542328,-0.105774429,-0.005242345,7.21473951,0.060071026,-0.7689067,0.062913873,-0.000945349,-0.006663638,0.997994802,-0.780721931,0.624809927,0.582222346,0.0,0.0,0.0,0.86058265,0.0,3.668621778
1772729818.913714,-0.402915,0.935008,0.487563,0.05453418,0.0123573,-0.00769541,0.99840578,0.108955,0.025517,-0.014024,-0.971415417,-0.381119886,0.033792592,0.035228054,0.064571372,0.018544842,0.036986719,0.016560712,1.002650743,0.006340902,0.257239959,0.013296051,50287.881026287,51092.830319738,51003.387310339,52572.007662419,-0.31122466,0.966028028,0.484317723,-1.011891337,-0.320640003,0.024067569,0.032569891,-0.109857063,-0.004946468,7.211193351,-0.075887963,-0.752941455,0.062890869,0.000247709,-0.006599217,0.997996851,-0.78515822,0.619225739,0.582460081,0.0,0.0,0.0,0.86058265,0.0,3.668621778
1772729818.9237149,-0.412746,0.931201,0.487873,0.05459638,0.01262018,-0.00740828,0.99840126,0.109084,0.026012,-0.01342,-0.970866408,-0.389329567,0.032882665,0.015732357,0.045280825,0.01280378,0.037218728,0.014487235,1.003743236,0.010425397,0.24514301,0.017517067,50431.274958357,51212.710509519,50985.441910425,52421.467526503,-0.318159967,0.963901487,0.484517286,-1.011773594,-0.32866565,0.023688634,0.032660656,-0.113677814,-0.00579949,7.20229185,-0.184792122,-0.734125452,0.062819019,0.001206996,-0.00649489,0.998000022,-0.789567323,0.613658447,0.582696811,0.0,0.0,0.0,0.86058265,0.0,3.668621778
1772729818.9337149,-0.422447,0.927244,0.488197,0.05444982,0.01259426,-0.00748757,0.998409,0.108789,0.025967,-0.013585,-0.96761926,-0.398656072,0.032227711,-0.016470562,0.023083729,0.002721047,0.037450714,0.012413956,1.004835624,0.014509503,0.233047215,0.02173768,50662.742702804,51202.916387752,50871.830097919,52411.34693401,-0.323731348,0.962079742,0.484647127,-1.011798538,-0.335447366,0.023343266,0.034526488,-0.115402821,-0.005843711,7.193391198,-0.293685897,-0.715311243,0.062747176,0.002166192,-0.006390572,0.998012733,-0.79374258,0.608238478,0.582924853,0.0,0.0,0.0,0.86058265,0.0,3.668621778
1772729818.943715,-0.4321,0.923217,0.488515,0.05440271,0.01321031,-0.0073425,0.99840469,0.108692,0.027181,-0.013229,-0.96369344,-0.408264492,0.032182082,-0.062470917,0.021667929,-0.007020519,0.037682706,0.010340627,1.005928038,0.018593706,0.220951131,0.025958394,50894.215965876,51193.122032473,50758.215576693,52401.226100223,-0.335776396,0.958505918,0.485136995,-0.997237237,-0.345470491,0.022982039,0.037513943,-0.115803908,-0.005376946,7.181901919,-0.506243659,-0.675783663,0.062657119,0.004039689,-0.00616234,0.998036606,-0.801622273,0.597747577,0.583362236,0.0,0.0,0.0,0.86058265,0.0,3.668621778
1772729818.953715,-0.441737,0.919107,0.48883,0.05404928,0.01324766,-0.00743134,0.99842273,0.107981,0.02726,-0.013413,-0.959438619,-0.417722601,0.032085015,-0.106402554,0.05471801,-0.016021763,0.037914692,0.008267348,1.007020426,0.022677811,0.208855335,0.030179007,50705.82519037,51462.310433713,50930.793856123,52095.958402308,-0.348055616,0.954654115,0.485593878,-0.990542721,-0.357237708,0.022883251,0.042666986,-0.116379996,-0.002423912,7.110889744,-0.772852183,-0.627051309,0.06204878,0.006391935,-0.005879528,0.998034517,-0.809767229,0.58673042,0.583818974,0.0,0.0,0.0,0.86058265,0.0,3.668621778
1772729818.9637156,-0.451315,0.914889,0.489161,0.05320974,0.01357271,-0.00757937,0.99846235,0.106291,0.027914,-0.013697,-0.954341839,-0.427169191,0.031971825,-0.135230117,0.086262017,-0.015717679,0.036283017,0.009058913,1.007029184,0.029590892,0.193097506,0.033344571,50347.64317231,51831.165748383,51251.093550673,51691.534875746,-0.358537929,0.951103891,0.485925849,-0.992092469,-0.369051876,0.023186359,0.046807619,-0.112803654,0.00144311,7.118794608,-0.873313735,-0.599012024,0.062120275,0.007281711,-0.005690247,0.998025509,-0.815401886,0.578874465,0.584141231,0.0,0.0,0.0,0.86058265,0.0,3.668621778
1772729818.973716,-0.460698,0.910493,0.489484,0.05250974,0.01362056,-0.00782075,0.99849689,0.104882,0.028025,-0.014194,-0.951540185,-0.435931962,0.031097543,-0.161597163,0.136388451,-0.014155357,0.024325195,0.027880066,1.00099235,0.05214155,0.152486938,0.029747373,50040.072598941,51986.434585329,51551.372069574,51515.12477943,-0.367936343,0.947839429,0.486226741,-0.992090022,-0.379580468,0.023402229,0.040613234,-0.098832154,-0.002838078,7.131592666,-0.955587512,-0.573917707,0.062233366,0.008011259,-0.005517132,0.998017785,-0.820526513,0.571590605,0.584438083,0.0,0.0,0.0,0.86058265,0.0,3.668621778
1772729818.9837167,-0.470305,0.906152,0.489801,0.05186737,0.01481893,-0.00743811,0.99851632,0.103593,0.03037,-0.013323,-0.948630062,-0.44482251,0.030625457,-0.178681235,0.197192064,-0.020805387,0.027912813,0.039866339,1.003668874,0.050811833,0.106280356,0.027703047,49945.175093202,52179.635948561,51650.176684958,51317.845473966,-0.376683124,0.944718059,0.486516801,-0.991278752,-0.389315834,0.02330466,0.042424234,-0.085180688,-0.001648998,7.149371443,-1.0183869,-0.552387378,0.062389046,0.008569065,-0.005365018,0.998003472,-0.825268062,0.564730515,0.584716045,0.0,0.0,0.0,0.86058265,0.0,3.668621778
1772729818.9937167,-0.479803,0.901663,0.490086,0.0506985,0.01630321,-0.00762931,0.99855178,0.10123,0.033339,-0.013591,-0.945015062,-0.453077375,0.029298726,-0.151307815,0.233347231,-0.007087973,0.029086223,0.031111558,0.999264081,0.048855592,0.06584763,0.023491841,49912.677189648,52238.961750892,51653.25883228,51293.152018512,-0.384780861,0.941746317,0.486794694,-0.990055737,-0.398333818,0.023116241,0.047031402,-0.091521773,-0.003192648,7.166579475,-1.061495408,-0.536126765,0.062539253,0.008952572,-0.005248178,0.997988666,-0.830412049,0.557145741,0.585021574,0.0,0.0,0.0,0.86058265,0.0,3.668621778
1772729819.0037172,-0.489228,0.897104,0.49037,0.05008709,0.0173873,-0.00749208,0.99856539,0.099999,0.035483,-0.01323,-0.94157009,-0.460353236,0.029718812,-0.161498042,0.316539421,-0.022750535,0.027743566,0.023528599,0.996752959,0.033523323,0.035580973,0.018171086,49642.876837045,51773.888337947,51824.844923763,51842.574149829,-0.390534843,0.939585467,0.486990954,-0.988957132,-0.404746726,0.023120885,0.045932111,-0.098146115,-0.006237961,7.18098144,-1.092662511,-0.523765119,0.062664813,0.009230103,-0.005158646,0.997978142,-0.83358533,0.552369417,0.585212715,0.0,0.0,0.0,0.86058265,0.0,3.668621778
1772729819.0137174,-0.498579,0.89242,0.490675,0.04923991,0.01912174,-0.00777821,0.99857363,0.098274,0.038965,-0.013662,-0.937168124,-0.468088422,0.030504846,-0.172785565,0.395986803,-0.047140342,0.025770893,0.017187337,0.995285934,0.013991715,0.008897089,0.012598295,49456.892558968,52040.191466529,51979.180069968,51614.572038718,-0.397642287,0.936840772,0.487243646,-0.987347321,-0.412728898,0.022845566,0.044014875,-0.103708826,-0.007317284,7.186489666,-1.109699383,-0.51762559,0.062712879,0.00938159,-0.005114933,0.997973892,-0.837213835,0.546857282,0.585432691,0.0,0.0,0.0,0.86058265,0.0,3.668621778
1772729819.0237174,-0.507939,0.887704,0.490992,0.04866465,0.02092042,-0.0077416,0.99856605,0.097106,0.042547,-0.013437,-0.930752345,-0.476647852,0.030963044,-0.153569744,0.439166168,-0.046696506,0.024361951,0.018785957,1.004505258,-0.020684458,0.017891412,0.00675076,49394.674229258,52178.917390812,52030.220606015,51507.618709385,-0.405856098,0.933602212,0.487536064,-0.985360419,-0.421946874,0.022450094,0.040101842,-0.103710743,0.002279822,7.186054209,-1.112131279,-0.513873425,0.062708861,0.009404842,-0.005083546,0.997973446,-0.841734652,0.539882218,0.585709763,0.0,0.0,0.0,0.86058265,0.0,3.668621778
1772729819.0337179,-0.517202,0.882916,0.491262,0.04848448,0.02250914,-0.00748093,0.99854225,0.096742,0.045694,-0.012771,-0.927133576,-0.483714078,0.031141347,-0.107054717,0.460514404,-0.018370674,0.030496016,0.016852418,1.006419125,-0.068039278,0.065825833,-0.003946282,49338.386991338,51835.017404805,52006.688102631,51946.171923517,-0.413701133,0.930484278,0.487800956,-0.983590343,-0.430655482,0.022380086,0.051353685,-0.111714503,0.000291375,7.163929931,-1.127570252,-0.510210112,0.062516386,0.009542279,-0.005058203,0.997981866,-0.846252045,0.532778792,0.585990373,0.0,0.0,0.0,0.86058265,0.0,3.668621778
1772729819.0437176,-0.526489,0.87806,0.491676,0.04646913,0.02695166,-0.00827988,0.99852174,0.092625,0.05462,-0.014052,-0.920505598,-0.493103423,0.031394436,-0.051315878,0.407773351,0.001573329,0.026062265,0.026035767,1.002279048,-0.102694302,0.111814463,-0.016932547,49118.252901093,51623.173627041,52018.903994063,52359.121474835,-0.422019069,0.927090229,0.488081004,-0.981671577,-0.439942344,0.022661033,0.04596353,-0.100914916,-0.00390708,7.115504075,-1.169398693,-0.508446298,0.062095884,0.009909681,-0.00506139,0.99800315,-0.850761343,0.525536012,0.586274727,0.0,0.0,0.0,0.86058265,0.0,3.668621778
1772729819.053718,-0.53566,0.873057,0.491926,0.04716393,0.02781106,-0.00782312,0.99846928,0.094036,0.056305,-0.01302,-0.914830263,-0.501622681,0.032093212,0.020731359,0.295657334,0.032913728,0.021174782,0.032861722,0.999343909,-0.119553429,0.144795624,-0.022666756,49144.429614762,51299.855839293,52006.169376602,52662.629857644,-0.429101658,0.924131159,0.488317498,-0.979945544,-0.447741982,0.022605439,0.042895514,-0.08672539,-0.005956996,7.053094798,-1.231629792,-0.511503466,0.061554678,0.010452796,-0.00511604,0.998029497,-0.854824013,0.518895328,0.586534218,0.0,0.0,0.0,0.86058265,0.0,3.668612207
1772729819.0637178,-0.54476,0.868002,0.49223,0.04790101,0.02864511,-0.00698969,0.99841679,0.095555,0.057901,-0.011232,-0.907596456,-0.511537726,0.033750634,0.09290133,0.131142152,0.049866752,0.025696866,0.027509853,1.000604569,-0.12796623,0.173545444,-0.01920081,49154.42960673,51068.909411109,51965.54502838,52952.85249848,-0.437895971,0.920393799,0.488608424,-0.977716043,-0.45727888,0.022213232,0.046636823,-0.081616917,-0.005824209,6.989618968,-1.303700567,-0.514453365,0.061004488,0.011081781,-0.005174272,0.998058305,-0.859272385,0.511404963,0.586824633,0.0,0.0,0.0,0.86058265,0.0,3.66783115
1772729819.0737183,-0.553849,0.862863,0.492583,0.04849523,0.02903364,-0.00686149,0.99837777,0.096752,0.058672,-0.010904,-0.902821937,-0.520199816,0.035879016,0.149038187,-0.035223286,0.062535871,0.027398107,0.022905446,1.002993187,-0.123327483,0.206515278,-0.013558213,49582.384051197,51396.363198389,51700.160135184,52583.961530165,-0.447732648,0.916050518,0.488937158,-0.974874407,-0.46786,0.021880195,0.049918206,-0.097181342,-0.002102432,6.894414536,-1.422928668,-0.516507987,0.060179384,0.012123494,-0.005245422,0.998094492,-0.864374643,0.50262475,0.587163153,0.0,0.0,0.0,0.86058265,0.0,3.667050037
1772729819.083719,-0.562726,0.857545,0.492975,0.04909889,0.02818007,-0.00695011,0.99837211,0.097962,0.056982,-0.011129,-0.898898876,-0.527104543,0.037718179,0.182993301,-0.153734798,0.074647143,0.025937231,0.027091969,1.005700521,-0.102069643,0.243211704,-0.009250493,49823.767033874,51456.985441134,51404.460108706,52614.536979521,-0.457310656,0.911736781,0.489260468,-0.971909292,-0.478161668,0.021744876,0.050706325,-0.09189376,0.001913558,6.818498779,-1.540502857,-0.50905824,0.059521123,0.013154958,-0.005233503,0.998122261,-0.869477023,0.493844328,0.587501681,0.0,0.0,0.0,0.86058265,0.0,3.666268905
1772729819.093719,-0.571833,0.852336,0.493366,0.04992547,0.02767261,-0.00642805,0.99834881,0.099651,0.055925,-0.010088,-0.896240598,-0.533341962,0.040071056,0.162596776,-0.177541333,0.064269929,0.028222254,0.040057725,1.003946083,-0.102833319,0.272027947,-0.012876157,50010.810503724,51313.475655431,51260.757017212,52686.656272356,-0.466190791,0.907676084,0.489559212,-0.96905913,-0.487530993,0.021776504,0.054337055,-0.080590934,0.000391459,6.754525522,-1.671756843,-0.502310398,0.058967162,0.014304648,-0.00523471,0.998140269,-0.874142317,0.485644727,0.587816169,0.0,0.0,0.0,0.86058265,0.0,3.66548783
1772729819.1037192,-0.58066,0.846872,0.493778,0.05090459,0.02606848,-0.00642003,0.9983426,0.101622,0.052729,-0.010179,-0.892468528,-0.540067376,0.040310955,0.154517223,-0.183310278,0.064480213,0.024504412,0.031228407,0.999783168,-0.106550994,0.301111969,0.000119597,50210.30399313,50688.151567196,51232.792185487,53214.881923572,-0.484728273,0.898480507,0.490101138,-0.944130254,-0.502331086,0.021401019,0.056015631,-0.082099645,-0.003813514,6.675755374,-1.845889156,-0.488506922,0.058284405,0.015832091,-0.005193034,0.998181627,-0.879921234,0.474669535,0.588229753,0.0,0.0,0.0,0.86058265,0.0,3.664706735
1772729819.1137192,-0.589685,0.841501,0.494171,0.05155266,0.02561519,-0.00601987,0.99832357,0.102944,0.051788,-0.009391,-0.88709226,-0.546943276,0.039901942,0.142798314,-0.132945027,0.065238369,0.027222298,0.043928538,1.004978808,-0.025327309,0.250339301,0.019994462,50403.900923143,49777.570658008,51248.55007514,54057.929019966,-0.506988379,0.8873174,0.49080164,-0.912349562,-0.516788133,0.021069774,0.077952695,-0.073311493,-0.000947541,6.523873967,-2.312475075,-0.421382929,0.056958063,0.019935653,-0.004809564,0.99817248,-0.888622919,0.457381323,0.588875038,0.0,0.0,0.0,0.86058265,0.0,3.66392566
1772729819.1237195,-0.598488,0.836017,0.494563,0.05244784,0.0250727,-0.00547262,0.99829386,0.104768,0.050656,-0.008307,-0.880243788,-0.554901015,0.039823095,0.122589087,-0.055563695,0.050940574,0.032185724,0.027289504,1.009158064,0.01972355,0.140760415,0.020153233,50412.868943874,50465.623638344,51256.512449424,53412.663372757,-0.521163321,0.880377462,0.491372823,-0.899959057,-0.523293798,0.021431764,0.086179201,-0.082120873,0.003118959,6.368949268,-2.79131927,-0.352020429,0.055604924,0.024147194,-0.004411734,0.998146701,-0.897324811,0.440092699,0.589520338,0.0,0.0,0.0,0.86058265,0.0,3.663449029
1772729819.13372,-0.607251,0.830391,0.494968,0.05281048,0.02470388,-0.00545362,0.99828404,0.105497,0.04992,-0.00829,-0.871716604,-0.56446567,0.040426301,0.090649111,0.019514207,0.018068071,0.032933337,0.033714431,1.019079472,0.062341429,0.074856048,0.022726438,49946.037420001,51738.532739654,51697.211720227,52173.637916505,-0.540790052,0.868928303,0.491990247,-0.890410829,-0.544655945,0.02312593,0.086914168,-0.075373795,0.012783368,6.272749322,-3.120975902,-0.302208325,0.054763908,0.027047196,-0.004122289,0.998126324,-0.906026911,0.422803663,0.590165653,0.0,0.0,0.0,0.86058265,0.0,3.663865248
1772729819.1437204,-0.615911,0.824701,0.495373,0.05299206,0.02532981,-0.00569215,0.9982574,0.105847,0.051197,-0.008691,-0.865142336,-0.572813444,0.040997999,0.078954263,0.065084328,-0.00053918,0.03285384,0.045005833,1.019105353,0.090757594,9.43e-05,0.011523179,49214.688641041,52249.911350107,52285.051561221,51640.809267742,-0.561761823,0.856366623,0.492619076,-0.881563951,-0.5696836,0.025148784,0.085231387,-0.06745735,0.013929888,6.302605623,-3.130388022,-0.294363246,0.055022196,0.027131864,-0.004065505,0.998108806,-0.915387687,0.402304053,0.59091708,0.0,0.0,0.0,0.86058265,0.0,3.664281466
1772729819.1537204,-0.624515,0.818928,0.495775,0.05374665,0.02571231,-0.00555183,0.99820807,0.107366,0.051953,-0.008331,-0.858992408,-0.582000128,0.042363988,0.080895074,0.067550613,-0.022551782,0.027996013,0.046698714,1.00674249,0.087905069,-0.04124135,-0.00235164,49254.888839541,51050.741069729,52018.379523296,52825.730537402,-0.572759693,0.850419636,0.493132775,-0.858250535,-0.570671483,0.026081782,0.081871577,-0.06389312,0.007388275,6.25785176,-3.280380447,-0.23645212,0.054619353,0.028467524,-0.00362181,0.998076559,-0.922209547,0.386542962,0.591489631,0.0,0.0,0.0,0.86058265,0.0,3.664697665
1772729819.1637204,-0.633077,0.813053,0.496224,0.05400424,0.02612521,-0.00559297,0.99818322,0.107879,0.052784,-0.008356,-0.853107107,-0.591080575,0.043825741,0.084864479,0.054218917,-0.039421532,0.022986184,0.053275801,1.00422671,0.050579837,-0.015782569,0.002404517,49395.589277389,50494.496140896,51809.391297591,53347.026210826,-0.576953999,0.848864694,0.49354941,-0.828591383,-0.557278859,0.026237237,0.078511768,-0.060328891,0.000846663,6.306256298,-3.23660731,-0.245323074,0.055042832,0.028080382,-0.003689615,0.998065911,-0.925838868,0.377623907,0.591810626,0.0,0.0,0.0,0.86058265,0.0,3.665113864
1772729819.1737204,-0.641602,0.807103,0.496666,0.05423553,0.02645172,-0.00604798,0.99815942,0.108318,0.053488,-0.009218,-0.84658789,-0.599966578,0.044729122,0.110609232,0.018315206,-0.042542545,0.023945084,0.05076586,1.004575056,0.036941335,0.000818801,0.001523085,49488.47004662,50441.809388759,51732.805400155,53353.000997151,-0.584500682,0.844204093,0.493868528,-0.829677536,-0.56679476,0.026508517,0.078747215,-0.055091911,8.1951e-05,6.354660835,-3.192834172,-0.254194029,0.055466311,0.02769324,-0.00375742,0.998057254,-0.929468188,0.368704852,0.592131622,0.0,0.0,0.0,0.86058265,0.0,3.665530062
1772729819.1837204,-0.650055,0.801094,0.497098,0.05522329,0.02595358,-0.00598671,0.99811871,0.110303,0.052495,-0.009097,-0.84102079,-0.609291587,0.045036115,0.153098306,-0.040542687,-0.032051361,0.028492651,0.042792393,1.006645442,0.037544348,0.012094701,-0.002747916,49691.369327113,50851.312916344,51394.936004591,53184.931862977,-0.592725865,0.838681276,0.494157233,-0.826445544,-0.577574813,0.02629865,0.080067712,-0.0548138,0.002004975,6.403065373,-3.149061035,-0.263064983,0.05588979,0.027306097,-0.003825225,0.998047298,-0.933480544,0.358592034,0.592494291,0.0,0.0,0.0,0.86058265,0.0,3.665946261
1772729819.1937203,-0.658476,0.794956,0.49759,0.05565587,0.02626489,-0.00643011,0.99808378,0.111146,0.05317,-0.009926,-0.836707966,-0.616968984,0.046763215,0.141491864,0.017310064,-0.049564056,0.032545973,0.036269537,1.008725575,0.039196447,0.021732917,-0.006900725,49710.280880852,51248.350736474,51498.578532886,52658.315298235,-0.597649437,0.835401826,0.494355461,-0.824528734,-0.583793064,0.026549377,0.083754882,-0.070361099,0.010656138,6.451469911,-3.105287897,-0.271935938,0.05631327,0.026918955,-0.00389303,0.998041519,-0.937193467,0.348774939,0.592844133,0.0,0.0,0.0,0.86058265,0.0,3.66636246
1772729819.2037196,-0.66665,0.78866,0.498041,0.05632474,0.02613169,-0.00683397,0.99804707,0.112467,0.052956,-0.010713,-0.83172657,-0.624568117,0.047212438,0.117712086,0.103706349,-0.062978645,0.033772384,0.038043297,1.010861297,0.046848225,0.022004413,-0.010377289,49691.917763082,51478.14017971,51534.136172975,52364.954314654,-0.600993039,0.833284179,0.494521168,-0.824131746,-0.587756464,0.027105473,0.087032201,-0.082872145,0.017874016,6.463252725,-3.097821841,-0.273284465,0.05641617,0.026852878,-0.003903952,0.998038165,-0.939176696,0.343422353,0.593034407,0.0,0.0,0.0,0.86058265,0.0,3.666778629
1772729819.2137196,-0.675037,0.782434,0.49848,0.05741536,0.02641109,-0.00675382,0.99797811,0.114657,0.053516,-0.010463,-0.826109704,-0.632414492,0.047068149,0.064884353,0.200335364,-0.07081168,0.034998883,0.039817184,1.012997171,0.054500549,0.022275928,-0.013854101,49667.179479322,51592.572017437,51465.864037906,52282.309098518,-0.604336879,0.831166382,0.494686887,-0.823734729,-0.591720147,0.027661609,0.088255316,-0.080160273,0.01790637,6.469842999,-3.095504057,-0.273566312,0.056473616,0.026832328,-0.003906809,0.998035753,-0.939841506,0.341579409,0.593099713,0.0,0.0,0.0,0.86058265,0.0,3.667194827
1772729819.2237191,-0.683314,0.776068,0.498966,0.05788882,0.02721583,-0.00682349,0.99792867,0.115599,0.055137,-0.010484,-0.819933027,-0.64031044,0.046131629,0.014425443,0.246170948,-0.066661673,0.036225323,0.041590987,1.015132944,0.062152509,0.022547429,-0.017330747,49642.442375177,51706.998398624,51397.595158309,52199.667823216,-0.60768056,0.829048685,0.494852598,-0.823337732,-0.595683641,0.028217719,0.089478374,-0.077448531,0.017938723,6.476432958,-3.093186384,-0.273848145,0.05653106,0.026811778,-0.003909666,0.998033342,-0.940506283,0.339736553,0.593165016,0.0,0.0,0.0,0.86058265,0.0,3.667611006
1772729819.2337198,-0.691519,0.769685,0.499516,0.05638797,0.03101649,-0.00787375,0.99789598,0.112509,0.062832,-0.012241,-0.812818802,-0.64821204,0.044580346,-0.022164744,0.231624158,-0.040565282,0.03745191,0.043365001,1.017268971,0.069805381,0.022818964,-0.020807807,49617.702321995,51821.438421162,51329.318140031,52117.016695828,-0.61102464,0.826930735,0.495018329,-0.822940686,-0.599647608,0.028773894,0.090701577,-0.074736465,0.017971079,6.483023703,-3.090868434,-0.274130012,0.05658851,0.026791227,-0.003912523,0.99803093,-0.941171141,0.337893477,0.593230326,0.0,0.0,0.0,0.86058265,0.0,3.668027234
1772729819.2437196,-0.699516,0.763098,0.499849,0.05687319,0.03092871,-0.00768857,0.99787261,0.113494,0.062641,-0.01185,-0.805319843,-0.656779414,0.043619641,-0.062656642,0.210580128,-0.021259716,0.038678379,0.045138846,1.019404795,0.077457523,0.023090472,-0.024284536,49592.964628043,51935.867530619,51261.047632698,52034.373450109,-0.614368401,0.824812988,0.495184044,-0.822543679,-0.603611197,0.029330017,0.091924664,-0.072024658,0.018003433,6.491586044,-3.092953336,-0.27510334,0.056663345,0.026808584,-0.003924137,0.998028518,-0.941835934,0.336050577,0.593295631,0.0,0.0,0.0,0.86058265,0.0,3.668443423
1772729819.25372,-0.707525,0.756478,0.50029,0.05658181,0.0316597,-0.00740997,0.99786836,0.112924,0.064067,-0.011229,-0.796738969,-0.665650693,0.042337142,-0.080873721,0.178368525,0.014843444,0.039904936,0.046912817,1.021540771,0.085110212,0.023362,-0.027761514,49568.225164668,52050.304824887,51192.772242157,51951.724293137,-0.617712401,0.822695089,0.495349771,-0.822146643,-0.607575069,0.02988618,0.093147838,-0.069312658,0.018035788,6.517059293,-3.132787536,-0.282005712,0.056887294,0.027150974,-0.004010835,0.998022722,-0.942594398,0.333932802,0.593370616,0.0,0.0,0.0,0.86058265,0.0,3.668858604
1772729819.263719,-0.715476,0.749788,0.500719,0.05649054,0.03162374,-0.00713258,0.99787669,0.112759,0.063963,-0.010684,-0.790654017,-0.67335546,0.041532227,-0.084548799,0.160911834,0.046547672,0.040428192,0.047965479,1.023190903,0.094517503,0.023451397,-0.030877644,49543.489240137,52164.725749533,51124.506618032,51869.086958671,-0.621055923,0.820577493,0.495515474,-0.821749665,-0.611538374,0.030442263,0.091438853,-0.071273524,0.0172472,6.542528898,-3.172616038,-0.288907097,0.057111211,0.027493314,-0.004097521,0.998010827,-0.944075446,0.329694513,0.593520285,0.0,0.0,0.0,0.86058265,0.0,3.669272949
1772729819.2737193,-0.723362,0.743028,0.50114,0.05580333,0.03276268,-0.00692791,0.99788005,0.11139,0.066208,-0.010192,-0.785506829,-0.681003078,0.04218553,-0.086805555,0.172074165,0.067275076,0.032135052,0.039976983,1.018753088,0.125940488,0.021257575,-0.029475733,49382.152163434,52370.735301451,51214.547814957,51632.417078076,-0.624755088,0.818194913,0.495700041,-0.821074422,-0.615936594,0.031083334,0.087940385,-0.076086063,0.015957529,6.56800154,-3.212449289,-0.295809304,0.057335155,0.027835694,-0.004184217,0.99799219,-0.945556671,0.325455719,0.593669971,0.0,0.0,0.0,0.86058265,0.0,3.669687342
1772729819.2837195,-0.731206,0.736188,0.501582,0.05510844,0.03447984,-0.0066638,0.99786261,0.110009,0.069603,-0.009522,-0.78019076,-0.688563594,0.043901246,-0.11328033,0.224477599,0.051926352,0.03148269,0.031435268,1.017010186,0.156644627,-0.000133612,-0.023394361,48947.784703868,52759.783523662,51621.026513074,51087.889010788,-0.631029843,0.813892979,0.496021232,-0.818382052,-0.623484606,0.032340109,0.088592656,-0.080516085,0.012761799,6.593474182,-3.25228254,-0.302711512,0.057559099,0.028178075,-0.004270914,0.997966601,-0.947876797,0.318605983,0.593911014,0.0,0.0,0.0,0.86058265,0.0,3.670101736
1772729819.29372,-0.738962,0.729263,0.501995,0.0547322,0.0355594,-0.0060061,0.99784961,0.1093,0.071685,-0.008115,-0.773386907,-0.69720321,0.043829121,-0.108401738,0.209834348,0.04303574,0.036472358,0.02528871,1.016549528,0.182762396,-0.025156569,-0.016069815,49416.922358359,51923.918404588,51189.226516336,51870.390815085,-0.638814672,0.808471341,0.496428184,-0.814922283,-0.632856232,0.03368638,0.090743308,-0.084808129,0.008877932,6.618947431,-3.29211674,-0.309613884,0.057783048,0.028520464,-0.004357612,0.997934623,-0.95062541,0.310301367,0.594202604,0.0,0.0,0.0,0.86058265,0.0,3.670516139
1772729819.3037207,-0.746642,0.72223,0.502441,0.05417666,0.03634096,-0.00603996,0.99785156,0.108182,0.073246,-0.008138,-0.767883871,-0.704839503,0.044282579,-0.0920222,0.185667027,0.04437449,0.034498199,0.037218094,1.007618908,0.167033557,0.041347969,-0.025869133,49253.031739942,52158.49448835,51234.666078416,51638.687460037,-0.647491848,0.802319863,0.496884356,-0.810971122,-0.643316826,0.03465908,0.083000966,-0.081074503,0.00118592,6.644421288,-3.33195189,-0.316516421,0.058007002,0.028862862,-0.004444312,0.997886726,-0.953388271,0.301447113,0.594511821,0.0,0.0,0.0,0.86058265,0.0,3.670930552
1772729819.3137207,-0.754314,0.715149,0.502899,0.05412975,0.03684991,-0.00547498,0.9978387,0.10813,0.074201,-0.006956,-0.759331241,-0.713791939,0.044418399,-0.062151087,0.127092722,0.033983835,0.024926842,0.042081475,0.994088138,0.10481861,0.131545855,-0.031706639,49170.973356676,51881.613068616,51242.096532396,51945.291068381,-0.660596593,0.792300814,0.497538561,-0.803990881,-0.660500852,0.034069243,0.078144528,-0.077723047,-0.00798477,6.669893323,-3.371784191,-0.323418464,0.05823094,0.029205234,-0.004531007,0.997822016,-0.955977121,0.292816925,0.594812176,0.0,0.0,0.0,0.86058265,0.0,3.671344936
1772729819.3237207,-0.76186,0.707961,0.503349,0.05357141,0.03742563,-0.00556086,0.99784693,0.107003,0.075357,-0.007108,-0.751039974,-0.721868385,0.043829917,-0.022672949,0.087868704,0.02934973,0.032817149,0.034235081,1.0010316,0.063828384,0.175280129,-0.023990043,49128.396016007,51483.298961337,51222.659050786,52375.69244689,-0.668455553,0.786392729,0.497964191,-0.800082036,-0.670334112,0.033676114,0.089242916,-0.086267879,-0.003626758,6.695365357,-3.411616492,-0.330320507,0.058454879,0.029547607,-0.004617701,0.997788846,-0.95856597,0.284186737,0.595112532,0.0,0.0,0.0,0.86058265,0.0,3.67175932
1772729819.3337207,-0.769355,0.700731,0.50377,0.0532835,0.03821743,-0.00545793,0.99783291,0.106434,0.076927,-0.00684,-0.743387927,-0.729325987,0.043254917,0.016268419,0.07239688,0.027118754,0.031140645,0.034397216,1.004470385,0.022705247,0.20265156,-0.021446505,49085.818675337,51084.984854058,51203.221569176,52806.093825399,-0.672165738,0.78381391,0.498208274,-0.798691969,-0.674241221,0.033695104,0.085277198,-0.086898995,-0.002292981,6.720837392,-3.451448793,-0.33722255,0.058678817,0.02988998,-0.004704395,0.997755677,-0.96115482,0.275556549,0.595412887,0.0,0.0,0.0,0.86058265,0.0,3.672173703
1772729819.3437204,-0.776777,0.693417,0.504199,0.0537794,0.0385138,-0.00493733,0.99779762,0.10747,0.077466,-0.005728,-0.736172885,-0.736067446,0.042669679,0.03685754,0.085291505,0.031230601,0.022612959,0.040294615,1.00539923,-0.018512094,0.218304172,-0.022607688,49200.517711287,50773.016208896,51087.235240594,53071.975919421,-0.677420154,0.779956348,0.498528362,-0.796349519,-0.680303901,0.033720841,0.081311575,-0.087530096,-0.000959236,6.746308819,-3.491280144,-0.344124428,0.05890275,0.030232344,-0.004791087,0.997734506,-0.963785836,0.266653379,0.595722381,0.0,0.0,0.0,0.86058265,0.0,3.672588077
1772729819.3537197,-0.783936,0.685925,0.50462,0.05392819,0.03855961,-0.00522761,0.99778634,0.107746,0.07759,-0.006292,-0.728917575,-0.742471435,0.041690638,0.028680936,0.122796559,0.021921502,0.025159562,0.054923665,1.001290523,-0.072286971,0.234658826,-0.02270013,49226.082687922,50645.850633369,51070.365411972,53139.371305349,-0.685614731,0.773604719,0.499004126,-0.792042743,-0.690487192,0.033742005,0.083336453,-0.070020781,-0.004910089,6.771779032,-3.531109596,-0.351025977,0.059126673,0.030574693,-0.004877775,0.997720722,-0.966460242,0.256787947,0.596063121,0.0,0.0,0.0,0.86058265,0.0,3.673002431
1772729819.36372,-0.791324,0.678549,0.50502,0.05442387,0.03923284,-0.00470915,0.99773576,0.108784,0.078882,-0.005143,-0.722616754,-0.748151277,0.040409518,-0.017649964,0.189095726,0.011665328,0.024655,0.044644049,0.996897285,-0.10851145,0.243999583,-0.019966403,49026.23722685,50689.442125597,51286.695128495,53049.686022801,-0.692297419,0.768341591,0.499406595,-0.788285447,-0.698707196,0.033626424,0.082657611,-0.072144471,-0.009245947,6.797251674,-3.570942847,-0.357928185,0.059350616,0.030917073,-0.004964471,0.997717833,-0.968406253,0.249367228,0.596318814,0.0,0.0,0.0,0.86058265,0.0,3.673416824
1772729819.37372,-0.79852,0.671026,0.50545,0.05401076,0.0403347,-0.00475575,0.99771405,0.107955,0.081088,-0.00515,-0.714936132,-0.754403264,0.039009769,-0.083827501,0.250647188,0.000305608,0.024269221,0.038220528,1.00153754,-0.122897104,0.24603432,-0.011179242,48771.0467255,50780.161136932,51600.056598945,52889.715857776,-0.69700057,0.764523524,0.499649154,-0.785366094,-0.704562341,0.033167346,0.085567725,-0.072525305,-0.005442315,6.821581348,-3.611667906,-0.364619776,0.059564562,0.031267375,-0.005049489,0.997720038,-0.969964721,0.243195497,0.596531002,0.0,0.0,0.0,0.86058265,0.0,3.673831208
1772729819.38372,-0.805628,0.663458,0.505843,0.05319124,0.04216142,-0.00464787,0.99768307,0.106325,0.084723,-0.004806,-0.706656599,-0.761091227,0.037997725,-0.154201376,0.292965289,0.001515235,0.024554298,0.038853869,1.01080885,-0.125532606,0.235163291,-0.000418021,48515.85622415,50870.880148267,51913.418069395,52729.745692751,-0.703166664,0.75945536,0.499973999,-0.781372702,-0.712227578,0.032981331,0.089754624,-0.072286126,0.001256948,6.761185943,-3.718605888,-0.355702885,0.059037378,0.032205727,-0.005010159,0.997722107,-0.971811098,0.235636304,0.596790401,0.0,0.0,0.0,0.86058265,0.0,3.673900366
1772729819.3937204,-0.812621,0.655808,0.506171,0.05232581,0.04366846,-0.00465655,0.99766397,0.104593,0.087733,-0.00474,-0.697570479,-0.768468429,0.037119927,-0.209377033,0.296957693,0.003918372,0.025273072,0.047279052,1.009198884,-0.135227214,0.195178273,0.00182044,48565.706821865,51305.357212318,51960.305053779,52172.947841462,-0.711198987,0.752683485,0.500406078,-0.775784077,-0.722034895,0.032914793,0.092104347,-0.071654307,0.005032037,6.657281877,-3.864713921,-0.339854181,0.05812957,0.033490489,-0.004916917,0.997732328,-0.974310436,0.225031726,0.597153589,0.0,0.0,0.0,0.86058265,0.0,3.673900366
1772729819.40372,-0.819569,0.64809,0.506543,0.05100702,0.04528245,-0.00456641,0.99766073,0.101959,0.090944,-0.004511,-0.687089874,-0.776812823,0.036782203,-0.227697498,0.258787242,0.000368489,0.022929063,0.044638223,1.008704802,-0.102061724,0.171125479,0.015658007,49012.308408007,51474.136435901,51610.48608903,51963.438827865,-0.719790116,0.745301304,0.500872347,-0.769510918,-0.732330204,0.032673999,0.090995094,-0.070283449,0.003301583,6.567204097,-3.967056736,-0.319491252,0.0573399,0.03439556,-0.004763778,0.997751715,-0.977806123,0.209503546,0.597684174,0.0,0.0,0.0,0.86058265,0.0,3.673900366
1772729819.41372,-0.826356,0.640263,0.506928,0.05041004,0.04594383,-0.00406953,0.99766298,0.100809,0.092214,-0.003503,-0.679442218,-0.78371079,0.036949802,-0.207525712,0.211035052,0.008232821,0.023301505,0.041953347,1.010101234,-0.057856926,0.155153123,0.029560998,49276.763296719,51637.810521752,51560.474562798,51634.575155369,-0.728381654,0.73791877,0.50133864,-0.763237461,-0.742626004,0.032433195,0.089885789,-0.068912525,0.001571047,6.486444565,-4.063482517,-0.297985436,0.05663088,0.035249244,-0.004600327,0.997762076,-0.979199272,0.202850602,0.597910755,0.0,0.0,0.0,0.86058265,0.0,3.673900366
1772729819.42372,-0.833131,0.632392,0.507319,0.04901024,0.04696786,-0.00400244,0.99768532,0.098009,0.09425,-0.003398,-0.672159946,-0.789962389,0.037595257,-0.171969317,0.165937982,0.014708056,0.022375759,0.04164049,1.00806975,-0.017187143,0.133486831,0.035326314,48681.372865973,52291.314020801,52064.508487049,50881.766262755,-0.736967536,0.730339542,0.501804372,-0.756558661,-0.752761655,0.032639693,0.088776483,-0.067541601,-0.000159489,6.461702307,-4.132390533,-0.269338234,0.056406731,0.035864302,-0.004377018,0.997756785,-0.981032109,0.193785731,0.598219039,0.0,0.0,0.0,0.86058265,0.0,3.673900366
1772729819.4337199,-0.839815,0.624471,0.507665,0.0480571,0.04789695,-0.00417544,0.99768681,0.096083,0.096122,-0.003745,-0.662602594,-0.797049828,0.038259127,-0.128140548,0.131201255,0.015813842,0.018721261,0.044160368,1.001144906,0.014458853,0.101529801,0.031410987,48953.287617694,51903.978859478,51906.880085273,51207.414993782,-0.744533196,0.723462241,0.502228072,-0.750340947,-0.761616576,0.03279709,0.087980324,-0.064735793,-0.004047445,6.444992843,-4.193778849,-0.242120224,0.056252875,0.036412865,-0.004164966,0.997744858,-0.982930037,0.183740187,0.598559814,0.0,0.0,0.0,0.86058265,0.0,3.673900366
1772729819.4437196,-0.8464,0.616467,0.508059,0.0480221,0.0483794,-0.0038751,0.99766642,0.096044,0.097057,-0.0031,-0.65282333,-0.803658886,0.037525657,-0.082255653,0.116306564,0.013144683,0.022493019,0.039894177,0.998293286,0.043154697,0.085986202,0.033135347,49276.083312507,51895.795138021,51676.740838351,51214.118800409,-0.752355775,0.716230029,0.502680142,-0.743869333,-0.770659593,0.032284152,0.090836565,-0.067090667,-0.00664099,6.453655294,-4.233611906,-0.219131294,0.056320924,0.036770675,-0.003987094,0.997728978,-0.984704039,0.174070498,0.598887502,0.0,0.0,0.0,0.86058265,0.0,3.673900366
1772729819.4537196,-0.852901,0.608403,0.508436,0.04758294,0.04899679,-0.00376844,0.99765775,0.095176,0.098281,-0.00287,-0.643633889,-0.809932202,0.037112526,-0.048687431,0.107415272,0.014430339,0.025942724,0.036625931,0.998481193,0.049700139,0.099166664,0.034441104,49221.015239313,51760.645928278,51703.654774916,51348.559338461,-0.759726365,0.709266721,0.503111865,-0.737610797,-0.779211702,0.031599945,0.095923816,-0.073569274,-0.007270166,6.468789107,-4.281060375,-0.195515553,0.056444882,0.037194919,-0.003809699,0.997704964,-0.986335027,0.164678481,0.599205285,0.0,0.0,0.0,0.86058265,0.0,3.673900366
1772729819.4637191,-0.859304,0.600302,0.508806,0.0474885,0.04939955,-0.00344364,0.99764356,0.095021,0.099055,-0.00219,-0.634530364,-0.815922418,0.036931912,-0.028075933,0.107605913,0.02081386,0.020625324,0.043589845,0.995986114,0.029428157,0.12705505,0.028057723,48893.222795043,50977.057657806,51921.606479286,52200.473738478,-0.767132064,0.702137493,0.503538866,-0.73114833,-0.787851809,0.031057396,0.095121488,-0.066128533,-0.007512752,6.481212227,-4.331829604,-0.172247236,0.056545303,0.037647992,-0.00363608,0.997685185,-0.987928965,0.154828757,0.599537898,0.0,0.0,0.0,0.86058265,0.0,3.673900366
1772729819.4737198,-0.865476,0.592023,0.509188,0.0472894,0.04979465,-0.00359589,0.99763284,0.094608,0.09986,-0.002478,-0.626044964,-0.821324929,0.036605105,-0.028118893,0.108105898,0.01938236,0.020277294,0.046439507,0.993569569,-0.032797435,0.179136434,0.020156995,48715.33911463,50767.272634854,52058.95243523,52458.296139983,-0.774654397,0.694756182,0.503969927,-0.724438029,-0.796652953,0.030284354,0.096357474,-0.065556105,-0.00798588,6.465257674,-4.414351942,-0.152587894,0.056399325,0.038376639,-0.003500141,0.997666438,-0.989253348,0.145960484,0.599836796,0.0,0.0,0.0,0.86058265,0.0,3.673900366
1772729819.4837198,-0.871786,0.583847,0.509506,0.04715757,0.05076544,-0.00340814,0.99759081,0.09437,0.101783,-0.002022,-0.617154046,-0.82673554,0.035905803,-0.036119316,0.117324103,0.008825872,0.023473544,0.037669069,0.996885138,-0.083794314,0.212210499,0.014997186,48564.593604633,50661.320076399,52181.702350513,52608.610948523,-0.780302819,0.689034117,0.504295567,-0.719038574,-0.803435347,0.029648226,0.100906822,-0.074063109,-0.009977219,6.413090812,-4.510451371,-0.137408833,0.055939074,0.039222244,-0.003396847,0.997654062,-0.990384508,0.138015951,0.600104292,0.0,0.0,0.0,0.86058265,0.0,3.673900366
1772729819.4937196,-0.877937,0.575554,0.509897,0.046948,0.05110394,-0.00328887,0.99758381,0.093963,0.102449,-0.001773,-0.608117111,-0.831670607,0.03537482,-0.034744101,0.144564434,0.006574438,0.020326003,0.047004577,0.995807531,-0.153536293,0.260682803,0.00631139,48653.581729795,50631.680980352,52137.000607656,52680.405509419,-0.785583543,0.683616957,0.50459705,-0.713883021,-0.809764352,0.029041664,0.101709244,-0.07329133,-0.012447028,6.360925193,-4.606548508,-0.122230133,0.055478833,0.040067829,-0.003293556,0.997647842,-0.991509517,0.129995065,0.60037428,0.0,0.0,0.0,0.86058265,0.0,3.673900366
1772729819.503719,-0.883976,0.567219,0.510253,0.04658727,0.05211054,-0.00322848,0.99754884,0.093252,0.104456,-0.001594,-0.598589421,-0.836982461,0.034946323,-0.051836197,0.161637558,0.0019601,0.021564517,0.049884435,0.997437448,-0.174802672,0.26995118,0.006160117,48888.359412662,50611.820658544,51968.917670994,52745.485791999,-0.791571177,0.677479671,0.50493006,-0.708058271,-0.816650943,0.028293749,0.103580535,-0.065821546,-0.009290312,6.26386222,-4.746138019,-0.102935807,0.054625432,0.041295127,-0.003158015,0.997646115,-0.992593653,0.121463808,0.600660927,0.0,0.0,0.0,0.86058265,0.0,3.673900366
1772729819.5137188,-0.889873,0.558805,0.510592,0.04661308,0.05232452,-0.00312476,0.99753677,0.093317,0.104875,-0.001364,-0.58819283,-0.842650551,0.034931813,-0.08530327,0.166978203,-0.000315199,0.023568097,0.051638359,0.999539667,-0.187614379,0.272381744,0.007497458,48870.020337995,50423.804067599,51923.317494172,52985.675664336,-0.79703984,0.671733381,0.505239604,-0.701299558,-0.82216949,0.027540741,0.105463593,-0.058278121,-0.00607181,6.165539266,-4.866297603,-0.087393597,0.053762008,0.042351078,-0.003041965,0.997647371,-0.993428732,0.114355145,0.600899513,0.0,0.0,0.0,0.86058265,0.0,3.673900366
1772729819.5237188,-0.895686,0.550333,0.510937,0.04595043,0.05362069,-0.00320484,0.99749843,0.091987,0.107474,-0.001474,-0.576619217,-0.848884298,0.034493467,-0.13079113,0.164464245,-0.006829785,0.025571724,0.053392324,1.001641936,-0.200426392,0.274812366,0.008834831,48764.918414918,50402.783682984,52037.218648019,53003.274125874,-0.801477425,0.667032966,0.505490619,-0.695961599,-0.826729277,0.027153409,0.107346696,-0.050734516,-0.002853232,6.086446995,-4.954178676,-0.076170648,0.053067653,0.043123194,-0.00295321,0.997649695,-0.994140276,0.108000003,0.601112679,0.0,0.0,0.0,0.86058265,0.0,3.673900366
1772729819.533719,-0.901437,0.541855,0.511273,0.0454777,0.05475465,-0.0031009,0.99745882,0.091057,0.109733,-0.001213,-0.567857068,-0.853739664,0.034067787,-0.170489003,0.156744327,-0.016938525,0.023054162,0.054594568,1.006470922,-0.203952324,0.269524179,0.008943927,48660.434809848,50443.662250273,52149.979511335,52963.99886303,-0.805462133,0.662791923,0.505715926,-0.691247682,-0.830867957,0.026926709,0.108955843,-0.05203583,0.000464865,6.007352838,-5.042061846,-0.064947431,0.052373281,0.043895329,-0.002864453,0.997652764,-0.994755254,0.102238552,0.601305822,0.0,0.0,0.0,0.86058265,0.0,3.673900366
1772729819.5437195,-0.907063,0.533251,0.511639,0.04443919,0.05471973,-0.00312765,0.99750746,0.088966,0.109664,-0.001385,-0.559423844,-0.859039766,0.035356036,-0.174853806,0.078280735,-0.018254288,0.021265156,0.052674612,1.009209966,-0.183088051,0.239991998,0.009967973,48521.616378133,51002.941407317,52286.789722064,52446.128014704,-0.812095803,0.655559243,0.506060105,-0.68333329,-0.837983778,0.026915909,0.111476214,-0.043671851,0.000187588,5.928256795,-5.12994711,-0.053723947,0.051678892,0.044667482,-0.002775693,0.997657171,-0.995639716,0.093200467,0.601608546,0.0,0.0,0.0,0.86058265,0.0,3.673900366
1772729819.5537195,-0.912607,0.524637,0.511998,0.04341051,0.05515685,-0.00312382,0.99752869,0.086901,0.110537,-0.001452,-0.551368241,-0.865544668,0.037278998,-0.121322883,-0.042986626,-0.023828721,0.023442483,0.048778343,1.008292161,-0.150536302,0.197703399,0.01261888,48004.576186109,51488.912398899,52752.833436171,51955.59778204,-0.817715508,0.649231802,0.506363465,-0.676395591,-0.844037047,0.027061333,0.115820762,-0.046226004,0.001887137,5.849164524,-5.217828184,-0.042500997,0.050984537,0.045439598,-0.002686938,0.997655392,-0.996645646,0.081814711,0.601989515,0.0,0.0,0.0,0.86058265,0.0,3.673900366
1772729819.56372,-0.918072,0.515976,0.51233,0.04303127,0.05496293,-0.00316896,0.99755568,0.086132,0.110153,-0.001602,-0.543107394,-0.872848443,0.039009439,0.025402745,-0.217174899,-0.01005477,0.025619915,0.044881888,1.007374312,-0.117983001,0.155412783,0.015269914,48101.805486534,51546.970182607,52751.434453431,51759.040707079,-0.823249764,0.642982835,0.506663345,-0.669542455,-0.850000057,0.02721773,0.118692203,-0.053123974,0.001950402,5.770068481,-5.305713448,-0.031277513,0.050290148,0.046211751,-0.002598179,0.997656913,-0.997126543,0.075591738,0.602197593,0.0,0.0,0.0,0.86058265,0.0,3.673900366
1772729819.5737195,-0.923489,0.507208,0.512758,0.04343094,0.05372959,-0.00354183,0.9976043,0.086885,0.107718,-0.002414,-0.535333164,-0.880973801,0.040681527,0.227978793,-0.369100855,0.005346225,0.0277331,0.041072107,1.00644392,-0.085772532,0.11389434,0.017810955,48651.054181729,51723.566895334,52345.377567368,51478.263103845,-0.829217178,0.636134778,0.506995496,-0.662010801,-0.85642028,0.027465868,0.120135842,-0.055020806,0.000870834,5.690979981,-5.393590332,-0.020055099,0.049595826,0.046983831,-0.002509428,0.99765846,-0.997623912,0.068752403,0.602426186,0.0,0.0,0.0,0.86058265,0.0,3.673900366
1772729819.5837195,-0.928789,0.498356,0.513197,0.04517241,0.05070369,-0.00343566,0.99768571,0.090376,0.101658,-0.002286,-0.52766884,-0.889177111,0.041775292,0.475838219,-0.542530924,0.02734685,0.025528711,0.04308087,1.004661849,-0.076465828,0.124163792,0.012953249,48482.020991254,51321.809912536,52557.506705539,51812.335860058,-0.837611524,0.626120241,0.507474191,-0.650988693,-0.865363564,0.027523021,0.116660198,-0.03458966,-0.001102844,5.604898504,-5.478771342,0.009825538,0.048832396,0.047740105,-0.002251039,0.997654612,-0.998300825,0.057756838,0.602793383,0.0,0.0,0.0,0.86058265,0.0,3.673900366
1772729819.5937192,-0.934024,0.489387,0.513607,0.04801299,0.04804658,-0.00375098,0.99768342,0.096036,0.09638,-0.002884,-0.519511781,-0.89697603,0.040859227,0.68680939,-0.607321468,0.056933596,0.023324374,0.045089586,1.00287982,-0.067159346,0.134433,0.008095659,48203.355003607,51602.387838813,52723.036380501,51612.27482222,-0.848687209,0.612664028,0.508104531,-0.636203222,-0.877082756,0.02715775,0.116120159,-0.042408903,-0.008503281,5.529114467,-5.548561665,0.040430502,0.048158272,0.048362131,-0.001982495,0.99766474,-0.999282628,0.037559511,0.603467451,0.0,0.0,0.0,0.86058265,0.0,3.673790595
1772729819.6037195,-0.939168,0.480408,0.51399,0.05226466,0.04482193,-0.003406,0.99762107,0.104588,0.089908,-0.002119,-0.509038733,-0.904571997,0.038650639,0.819864434,-0.539309618,0.072543486,0.021119933,0.047098397,1.001097707,-0.057852421,0.144702697,0.003237837,49331.321549582,50768.895230495,51736.742379422,52556.090215674,-0.858116415,0.600928981,0.508644648,-0.6233545,-0.886965072,0.026127588,0.117121198,-0.046798298,-0.010118584,5.472373086,-5.621925237,0.052604466,0.047657294,0.049006863,-0.001882885,0.997661801,-0.999666414,0.023939566,0.603921652,0.0,0.0,0.0,0.86058265,0.0,3.67359008
1772729819.6137195,-0.94424,0.471312,0.514391,0.05647883,0.04222229,-0.00362137,0.99750404,0.113015,0.084744,-0.002464,-0.498937209,-0.911298713,0.035768352,0.857751507,-0.403793014,0.073278922,0.020265762,0.047151647,0.999804838,-0.066154271,0.149056527,-0.000910527,48863.790501513,50628.479026461,52085.298803961,52821.756627775,-0.863966329,0.592802754,0.508983443,-0.605106658,-0.881169839,0.024944306,0.119859533,-0.038353217,-0.006100846,5.369084067,-5.72056152,0.063191899,0.046750924,0.049871367,-0.001782185,0.997623407,-0.999915447,0.00996906,0.604387444,0.0,0.0,0.0,0.86058265,0.0,3.67338957
1772729819.6237195,-0.949186,0.46218,0.514734,0.06101526,0.03934914,-0.00355468,0.99735457,0.122111,0.079006,-0.002296,-0.49062236,-0.917072495,0.034454442,0.777093443,-0.277337485,0.047560369,0.02110219,0.04475641,0.999124497,-0.096503688,0.146003442,-0.004170728,48396.259453444,50488.062822427,52433.8552285,53087.423039877,-0.869445417,0.585045369,0.509301184,-0.58593564,-0.87330801,0.023794049,0.122946817,-0.033381407,-0.006669241,5.167986032,-5.872045694,0.070679237,0.044992628,0.051195536,-0.001677089,0.997623996,-0.99979366,0.001006649,0.604686256,0.0,0.0,0.0,0.86058265,0.0,3.67318906
1772729819.6337187,-0.954031,0.453006,0.515002,0.06421509,0.04083995,-0.0031742,0.997095,0.128582,0.081942,-0.001089,-0.482028237,-0.922283067,0.031586374,0.60285537,-0.08412079,0.032758799,0.021938559,0.042361345,0.998444204,-0.126850934,0.142950575,-0.007430695,47928.761845834,50347.656661752,52782.386722318,53353.070450019,-0.874924113,0.57728854,0.509618903,-0.566765993,-0.865446743,0.022643874,0.12603388,-0.028409952,-0.007237595,4.96690238,-6.023519033,0.07816604,0.043234458,0.05251961,-0.001572001,0.997624584,-0.999671882,-0.007955121,0.604985048,0.0,0.0,0.0,0.86058265,0.0,3.672988565
1772729819.6437192,-0.958719,0.443681,0.515355,0.06676997,0.04035343,-0.00350609,0.99694588,0.133684,0.081017,-0.001607,-0.474203288,-0.928238667,0.028777067,0.364265402,0.107380302,0.007995723,0.022775027,0.039965994,0.997763831,-0.157201798,0.139897343,-0.010691051,47461.208504126,50207.233762145,53130.959767338,53618.749530094,-0.880403462,0.569530785,0.509936659,-0.547594061,-0.857584539,0.021493562,0.129121311,-0.023437905,-0.007806017,4.765794755,-6.17501043,0.085653736,0.041476079,0.053843842,-0.0014669,0.997625172,-0.99955009,-0.016917959,0.605283875,0.0,0.0,0.0,0.86058265,0.0,3.672788045
1772729819.6537187,-0.96353,0.434405,0.51566,0.06814909,0.0399247,-0.00351195,0.99686979,0.136451,0.080164,-0.001565,-0.467039276,-0.934043781,0.026514866,0.110738692,0.22044839,-0.000223335,0.020988968,0.043099086,0.997977467,-0.186274827,0.124320385,-0.012985505,46993.699749695,50066.824253684,53479.499571396,53884.403274222,-0.885882289,0.56177377,0.510254385,-0.528423956,-0.849723084,0.02034336,0.132208447,-0.018466332,-0.008374384,4.564706309,-6.326487381,0.093140717,0.039717867,0.055167947,-0.00136181,0.99762576,-0.999428309,-0.025879942,0.605582674,0.0,0.0,0.0,0.86058265,0.0,3.672587544
1772729819.6637187,-0.9682,0.425067,0.515936,0.06779796,0.04077363,-0.00365144,0.99685887,0.135742,0.081878,-0.001757,-0.460339231,-0.941303384,0.025485048,-0.126146827,0.267814323,-0.010184988,0.01151741,0.062630595,1.001410716,-0.180987224,0.052404996,-0.010218448,46526.168701626,49926.408049649,53828.055995935,54150.069686324,-0.891361377,0.554016385,0.510572127,-0.509252938,-0.841861255,0.019193103,0.135295731,-0.013494522,-0.008942779,4.363608273,-6.477971555,0.100628055,0.037959572,0.056492116,-0.001256714,0.997641699,-0.999306522,-0.034842353,0.605881486,0.0,0.0,0.0,0.86058265,0.0,3.672387034
1772729819.6737187,-0.972686,0.415612,0.516062,0.06668074,0.04495086,-0.0030498,0.99675664,0.133593,0.090139,-8.5e-05,-0.453401151,-0.94910988,0.024974519,-0.31732259,0.284049734,-0.025671445,0.01374104,0.058918514,1.005148024,0.037703455,-0.104118222,0.004208441,46058.637653557,49785.991845615,54176.612420474,54415.736098426,-0.896840465,0.546259001,0.510889868,-0.49008192,-0.833999426,0.018042846,0.138675971,-0.0132239,-0.005202467,4.162510238,-6.629455729,0.108115394,0.036201276,0.057816284,-0.001151618,0.997698168,-0.998874777,-0.046414857,0.606267563,0.0,0.0,0.0,0.86058265,0.0,3.672186524
1772729819.6837187,-0.977194,0.406049,0.516374,0.06458512,0.04516698,-0.00317867,0.99688445,0.12937,0.090587,-0.000505,-0.444939274,-0.957397319,0.023987785,-0.436450907,0.295969361,-0.014490777,0.015964669,0.055206433,1.008885332,0.256394134,-0.260641441,0.018635329,46240.538729288,51036.121206342,54126.014876624,53176.93365121,-0.902319553,0.538501616,0.511207609,-0.470910902,-0.826137596,0.016892589,0.142609559,-0.021833049,0.006676282,4.072134952,-6.632621239,0.104741758,0.035416187,0.057844155,-0.001143314,0.997756348,-0.99820419,-0.059627579,0.606708551,0.0,0.0,0.0,0.86058265,0.0,3.671986014
1772729819.6937191,-0.981613,0.396447,0.516633,0.06221205,0.04567797,-0.0030479,0.99701248,0.124617,0.09159,-0.000396,-0.435588119,-0.966644861,0.024391088,-0.478319156,0.233915781,-0.001407509,0.018188405,0.051494175,1.012622818,0.475095241,-0.417172124,0.033062906,47883.479830149,54331.675891354,53085.641921078,49371.822095322,-0.909038256,0.528551568,0.511599591,-0.453291035,-0.823771423,0.016524818,0.135278613,-0.013347651,0.017994744,4.162122417,-6.420297582,0.098749972,0.03620813,0.055992642,-0.001171934,0.997812379,-0.997375109,-0.070887849,0.607084928,0.0,0.0,0.0,0.86058265,0.0,3.671785495
1772729819.7037191,-0.98595,0.38672,0.516896,0.05982766,0.04701116,-0.00300275,0.99709658,0.119843,0.094248,-0.000365,-0.428205381,-0.974608175,0.025057289,-0.460036912,0.139622687,0.028663199,0.021153046,0.049817308,1.015160581,0.680604622,-0.551610872,0.042505866,48701.142979046,55304.845027022,52487.115411965,47943.418270598,-0.918897579,0.513166297,0.512280889,-0.448216878,-0.843568618,0.019138575,0.126975365,-0.029157465,0.008752643,4.299472316,-6.1599535,0.09701073,0.037411482,0.053723783,-0.001170682,0.997866332,-0.996546068,-0.082147582,0.607461287,0.0,0.0,0.0,0.86058265,0.0,3.671584985
1772729819.7137191,-0.990197,0.376952,0.517134,0.05739741,0.04833857,-0.00297991,0.99717603,0.114974,0.096898,-0.000396,-0.420473089,-0.98217718,0.024426694,-0.40219972,0.077172847,0.060594972,0.02521032,0.055844537,1.010957616,0.779994125,-0.548087217,0.03024946,49127.61901528,54606.288455008,52102.658743633,48808.721561969,-0.928399772,0.497513852,0.513030958,-0.440385785,-0.862910221,0.019923802,0.11569124,-0.030012726,0.000890088,5.000867573,-5.709269015,0.075643679,0.043538327,0.049780845,-0.001464947,0.997860951,-0.994914626,-0.099663482,0.608047753,0.0,0.0,0.0,0.86058265,0.0,3.671384475
1772729819.7237191,-0.994308,0.367096,0.517334,0.05606245,0.04796386,-0.00188071,0.99727275,0.112392,0.096024,0.001634,-0.412760398,-0.989484899,0.023962183,-0.345006206,0.120087741,0.074426988,0.016954905,0.056979723,0.996107768,0.565282874,-0.263299807,0.012548125,49627.109992724,53468.445973805,51644.876788746,50268.537351443,-0.939162353,0.478927314,0.513870793,-0.428190344,-0.884551672,0.019858251,0.099774343,-0.049036315,-0.013011483,5.70603992,-5.257309929,0.054145191,0.049698141,0.045826695,-0.001761191,0.99756976,-0.992553631,-0.121714597,0.608787027,0.0,0.0,0.0,0.86058265,0.0,3.671183964
1772729819.733719,-0.998415,0.357154,0.517612,0.05418837,0.04887965,-0.00164034,0.9973323,0.10866,0.097832,0.002035,-0.406225543,-0.996727582,0.0259529,-0.324401635,0.159915498,0.029119795,0.010869679,0.059120635,0.985554513,0.323706621,-0.005307443,-0.001724903,49453.429315735,51918.146975636,51923.003324567,51904.618865678,-0.946621754,0.465685246,0.514435739,-0.419958148,-0.900540932,0.018762343,0.094520443,-0.062263566,-0.019249347,6.411212266,-4.805350842,0.032646703,0.055857955,0.041872546,-0.002057435,0.997449783,-0.990710036,-0.135379496,0.609246697,0.0,0.0,0.0,0.86058265,0.0,3.670983454
1772729819.7437186,-1.002457,0.347158,0.517874,0.05287841,0.04923592,-0.00124379,0.99738566,0.10607,0.098505,0.002739,-0.39938655,-1.003279337,0.028002027,-0.334098664,0.248976654,-0.04577892,0.01189388,0.064556015,0.9890766,-0.005862887,0.164897012,-0.004766753,48550.860409487,51004.694384756,52652.066409893,52984.65834178,-0.952444317,0.45352874,0.514732433,-0.41032666,-0.915708959,0.016054887,0.093670596,-0.07017855,-0.011578709,6.756129461,-4.741063714,0.025695436,0.058864446,0.041303153,-0.002213642,0.997360397,-0.988678917,-0.149435236,0.609720108,0.0,0.0,0.0,0.86058265,0.0,3.670782954
1772729819.7537189,-1.006412,0.337085,0.518112,0.05153809,0.05058194,-0.00143406,0.99738821,0.103374,0.10122,0.002365,-0.391933843,-1.009483325,0.029061624,-0.347222476,0.351997114,-0.1279548,0.013981069,0.064168073,0.993399138,-0.267803189,0.297095347,-0.006493462,47918.522777746,50041.962103525,53384.786515574,53754.932606344,-0.959036044,0.441395495,0.515220594,-0.404501166,-0.931394223,0.014682529,0.099346586,-0.067973759,-0.009146132,6.784460219,-4.840587413,0.033965236,0.059105574,0.042173067,-0.002202639,0.997337342,-0.986951833,-0.16094806,0.610108188,0.0,0.0,0.0,0.86058265,0.0,3.670582439
1772729819.7637184,-1.010316,0.326975,0.518487,0.04916802,0.05340665,-0.00240213,0.99735874,0.098541,0.106971,0.000463,-0.382958155,-1.015352794,0.028361022,-0.360159818,0.434746123,-0.183975517,0.018835803,0.048615978,0.999804977,-0.353565754,0.330289554,-0.004795025,47739.967299522,50283.917693515,53613.517584219,53534.574964303,-0.964399071,0.431284735,0.515599504,-0.399207998,-0.944224289,0.013672483,0.105653213,-0.067466294,-0.007982453,6.724058114,-4.950754152,0.042764662,0.05857388,0.04313759,-0.002160314,0.99736,-0.985649617,-0.168751577,0.610371901,0.0,0.0,0.0,0.86058265,0.0,3.670381939
1772729819.773718,-1.014078,0.31678,0.518755,0.04701891,0.05601148,-0.00352181,0.99731617,0.094122,0.112289,-0.001769,-0.372239516,-1.021259948,0.02629208,-0.338937624,0.397027188,-0.182649576,0.010089432,0.050581769,0.99772293,-0.381146887,0.288815069,0.008554921,48042.286076484,50792.534174942,53495.379357701,53027.146577224,-0.968218494,0.423421561,0.515816323,-0.393916159,-0.95363729,0.013001113,0.09933709,-0.066246138,-0.007079833,6.571656238,-5.08496288,0.058839958,0.057237493,0.044316184,-0.002027115,0.997389131,-0.98409427,-0.177368653,0.610663778,0.0,0.0,0.0,0.86058265,0.0,3.670181433
1772729819.7837179,-1.017738,0.30655,0.518994,0.04544169,0.05805715,-0.00395351,0.99727067,0.090916,0.116419,-0.002627,-0.361291798,-1.026465723,0.022994797,-0.31994611,0.405843487,-0.148576214,0.007624036,0.053813218,1.001745033,-0.368306481,0.23980088,0.02111218,48157.487006127,50302.930223959,53570.703042468,53336.564458765,-0.972782863,0.41299826,0.515988575,-0.385450162,-0.965427037,0.011738021,0.094591584,-0.049323259,-0.007743627,6.354175796,-5.236176775,0.080061973,0.055331886,0.045646194,-0.001829632,0.99743487,-0.982538924,-0.18598573,0.610955655,0.0,0.0,0.0,0.86058265,0.0,3.669980928
1772729819.7937183,-1.02131,0.296267,0.519185,0.04429599,0.05936888,-0.00423484,0.99724384,0.088587,0.119067,-0.003209,-0.350424033,-1.031433987,0.020121911,-0.29639624,0.383871619,-0.073914066,0.010053473,0.056000225,1.010050396,-0.338571604,0.194029981,0.032056544,48286.839820942,51276.084274037,53722.534838459,52320.182755936,-0.977581211,0.402716572,0.516235009,-0.378056792,-0.976788582,0.011102249,0.104498768,-0.047713121,0.006193444,6.136679798,-5.387401487,0.101285506,0.053426143,0.0469763,-0.001632136,0.997499469,-0.980054521,-0.198695949,0.61138737,0.0,0.0,0.0,0.86058265,0.0,3.669780408
1772729819.803718,-1.02475,0.2859,0.519384,0.04270326,0.06106638,-0.00431958,0.99721044,0.085383,0.122467,-0.003425,-0.340163572,-1.036456117,0.018821347,-0.293792395,0.347713494,-0.019762453,0.008804755,0.052067304,1.012397137,-0.293370565,0.151968819,0.038893696,48412.531795232,51651.138919069,53739.059010247,51821.167976822,-0.982420911,0.39311076,0.516583477,-0.372408623,-0.9867067,0.01182196,0.108395832,-0.055118199,0.007574373,5.950499958,-5.488182796,0.12319841,0.051793527,0.04786626,-0.001412197,0.99754434,-0.978106156,-0.208057358,0.611706123,0.0,0.0,0.0,0.86058265,0.0,3.669579903
1772729819.813718,-1.0281,0.275521,0.519578,0.04140909,0.06187489,-0.00431514,0.9972152,0.082784,0.124081,-0.003509,-0.330940817,-1.041094874,0.019792637,-0.329622306,0.336438174,-0.009986761,-0.003981533,0.048914761,1.001553386,-0.223847132,0.139201413,0.029625306,48344.11399242,51972.21094566,53836.307481126,51427.861508161,-0.986363292,0.384215846,0.516819219,-0.365708443,-0.995522106,0.012287895,0.095640892,-0.048328758,-0.00413038,5.793378873,-5.556429125,0.147660445,0.050413188,0.048472711,-0.001163135,0.997583696,-0.97608353,-0.217166171,0.612017148,0.0,0.0,0.0,0.86058265,0.0,3.669379393
1772729819.8237178,-1.031358,0.265122,0.519726,0.03943177,0.06618183,-0.00378405,0.99702095,0.078902,0.132657,-0.002347,-0.321994946,-1.045552201,0.021127759,-0.372089516,0.304571035,-0.017254602,0.005332935,0.045400583,1.002713701,-0.192928169,0.112514965,0.031431312,48382.38452748,52476.405369128,53813.019354254,50928.020859786,-0.990295843,0.375094057,0.517049951,-0.358781623,-1.004083881,0.012190486,0.102769089,-0.051162046,-0.004368262,5.647682314,-5.615930947,0.173662985,0.049131705,0.049003115,-0.000900299,0.99761144,-0.974060952,-0.226274767,0.612328167,0.0,0.0,0.0,0.86058265,0.0,3.669178888
1772729819.8337188,-1.034537,0.254618,0.520009,0.03749788,0.06624943,-0.00362009,0.99709168,0.075028,0.132775,-0.002271,-0.312910283,-1.049641988,0.022137531,-0.406115942,0.248301775,-0.033186014,0.009784792,0.052525266,1.004553593,-0.150701316,0.100742835,0.02828289,49112.843309921,52589.836530733,53292.49491561,50754.953768739,-0.994983841,0.363808978,0.517320792,-0.350053328,-1.014209761,0.012344138,0.118949218,-0.050276119,0.004500577,5.501968387,-5.675439862,0.199668625,0.047850069,0.049533582,-0.000637431,0.997633897,-0.971432466,-0.237295229,0.612705813,0.0,0.0,0.0,0.86058265,0.0,3.668978359
1772729819.8437183,-1.03763,0.244096,0.520242,0.03534372,0.06681127,-0.00417247,0.99713072,0.070618,0.133934,-0.003631,-0.303729039,-1.052933522,0.02224872,-0.412665524,0.188829608,-0.039931246,0.01029922,0.066767821,1.006401536,-0.099692937,0.099586526,0.021377614,49359.512867114,52424.131328558,53088.252561968,50920.265619989,-0.998897214,0.354303557,0.517553943,-0.342718587,-1.022625551,0.01251677,0.113131825,-0.029276172,0.00178803,5.428641802,-5.70730458,0.21566042,0.047203664,0.049818134,-0.00048003,0.997643182,-0.968999547,-0.247024746,0.613040101,0.0,0.0,0.0,0.86058265,0.0,3.668777858
1772729819.853718,-1.040624,0.233555,0.520441,0.03329494,0.06803966,-0.00426101,0.99711779,0.066484,0.136393,-0.004004,-0.294316753,-1.0565668,0.022878751,-0.411080287,0.100569175,-0.060336716,0.009466041,0.066186204,1.006841734,-0.152604163,0.133451083,0.005877612,49292.747268595,52066.944913032,53041.452495411,51411.737916266,-1.001611327,0.347553238,0.517728754,-0.337541249,-1.028393762,0.012718854,0.111838154,-0.038079029,-0.003711415,5.356810137,-5.757135167,0.228629825,0.046570724,0.050257491,-0.000355801,0.997645007,-0.965855029,-0.258910829,0.613449948,0.0,0.0,0.0,0.86058265,0.0,3.668432046
1772729819.863718,-1.043514,0.222982,0.520675,0.03131951,0.06836258,-0.00404678,0.9971606,0.062534,0.137019,-0.003824,-0.283864762,-1.058708139,0.021547456,-0.387058911,0.112189701,-0.057995313,0.00818045,0.060628016,1.006809351,-0.240402658,0.179072891,-0.012507936,48993.966174285,52835.893802989,53213.755703173,50761.018355039,-1.00827141,0.330399262,0.518203368,-0.324399214,-1.042388316,0.012612123,0.114381342,-0.030804376,-0.002044445,5.248972379,-5.854577491,0.241436324,0.045622446,0.051111225,-0.000235732,0.997640821,-0.962554713,-0.27104267,0.613869062,0.0,0.0,0.0,0.86058265,0.0,3.66757571
1772729819.8737175,-1.046281,0.212375,0.520868,0.02929964,0.06919913,-0.0043943,0.99716283,0.058419,0.138707,-0.004754,-0.272938217,-1.061590465,0.021300117,-0.366526252,0.182850803,-0.052245524,0.00689492,0.055070094,1.00677697,-0.328196967,0.224692523,-0.030892607,48800.86561118,52088.001539006,53434.904422431,51528.817495135,-1.013528892,0.316384199,0.518597897,-0.313446348,-1.0533286,0.012252652,0.119920037,-0.033675094,-0.001856988,5.012540956,-6.02744995,0.241506983,0.043557639,0.052617104,-0.000192423,0.997649261,-0.958958196,-0.28352875,0.614302205,0.0,0.0,0.0,0.86058265,0.0,3.666719414
1772729819.8837187,-1.048976,0.201771,0.52109,0.02777398,0.0701102,-0.00418666,0.99714374,0.055376,0.140514,-0.004499,-0.26205194,-1.063780152,0.021432616,-0.330506855,0.214656023,-0.029604787,0.006471594,0.052669327,1.004844948,-0.39425404,0.254333956,-0.041158443,48236.166725632,50708.533433575,53762.14779763,53108.638687423,-1.021543152,0.293289071,0.519120436,-0.294415974,-1.069672967,0.011674119,0.110039457,-0.01920167,-0.00620345,4.523285827,-6.348041513,0.216208855,0.039297833,0.055399955,-0.000302596,0.997686001,-0.952536825,-0.304258423,0.615025599,0.0,0.0,0.0,0.86058265,0.0,3.665862976
1772729819.8937185,-1.05156,0.191088,0.521344,0.02590886,0.07021849,-0.00483973,0.99718337,0.051524,0.140757,-0.006074,-0.251584098,-1.066951309,0.023154121,-0.349689758,0.293958161,-0.04046377,0.008192224,0.054245117,1.003981403,-0.416398901,0.262422851,-0.03989463,48262.685619928,51273.286244592,53693.736105066,52796.742505312,-1.026485937,0.278566706,0.519428482,-0.281994964,-1.079466041,0.010986923,0.120622069,-0.022291287,-0.004107175,4.493845973,-6.350852726,0.209618622,0.039044707,0.055422368,-0.000345585,0.997702324,-0.947695029,-0.319044688,0.615544265,0.0,0.0,0.0,0.86058265,0.0,3.66500666
1772729819.9037187,-1.053975,0.18046,0.521475,0.02460751,0.07375793,-0.00424678,0.99696349,0.048993,0.147815,-0.004891,-0.241869054,-1.067077805,0.022290833,-0.300800835,0.260563068,-0.062062166,0.007031712,0.055862824,1.00558718,-0.392791714,0.254892366,-0.040655597,48393.915874838,51345.557623196,53629.96530378,52780.199089318,-1.030616299,0.265479795,0.519651246,-0.270335538,-1.087070797,0.010526215,0.122850553,-0.010871933,-0.002796538,4.197817018,-6.51965644,0.187813931,0.036473262,0.056886949,-0.000435608,0.997710714,-0.944143271,-0.329461413,0.615911137,0.0,0.0,0.0,0.86058265,0.0,3.664150303
1772729819.9137192,-1.056346,0.169704,0.521805,0.02311327,0.07312561,-0.00469673,0.99704381,0.045911,0.14656,-0.00605,-0.229320557,-1.066836701,0.019644036,-0.204978219,0.063711565,-0.040257665,0.004321384,0.060937401,1.004699572,-0.346411167,0.217657629,-0.039227839,48349.71921275,52070.067190999,53686.789583608,52181.176472802,-1.035525827,0.24902237,0.520005783,-0.255170684,-1.095381655,0.010559802,0.124542228,-0.001596174,-0.000966754,3.901781005,-6.688464179,0.16600872,0.033901755,0.058351565,-0.000525633,0.997704425,-0.939567166,-0.342064531,0.616358107,0.0,0.0,0.0,0.86058265,0.0,3.663343191
1772729819.9237194,-1.058605,0.159096,0.521941,0.02201365,0.07470305,-0.00424516,0.99695378,0.043762,0.149696,-0.005234,-0.217064756,-1.06912095,0.018150891,-0.137566869,-0.126973699,-0.011140676,0.006421133,0.072446602,1.007128872,-0.322071976,0.167543353,-0.040030532,48024.277662454,52228.924586804,53943.061696928,52099.272669942,-1.038918541,0.23555228,0.520198776,-0.241504333,-1.102550912,0.010300979,0.129448324,0.011733856,0.001220004,3.605752049,-6.857267893,0.144204029,0.031330309,0.059816146,-0.000615656,0.997699413,-0.934634803,-0.355427966,0.616832931,0.0,0.0,0.0,0.86058265,0.0,3.663343191
1772729819.9337196,-1.060753,0.148335,0.522226,0.02015735,0.07450117,-0.00520572,0.99700359,0.039872,0.14932,-0.00746,-0.205744505,-1.069681362,0.017088847,-0.073933957,-0.349186058,0.018849027,0.007822611,0.076582662,1.004885707,-0.30198959,0.11557744,-0.044641781,48220.613873046,52400.104763664,53775.543099268,51989.529083058,-1.041993994,0.225486346,0.520463244,-0.232468082,-1.106024253,0.010585519,0.130528192,0.019847741,0.001775539,3.335396685,-7.009520084,0.123717479,0.028982285,0.061136987,-0.000701847,0.997705148,-0.930682201,-0.365795824,0.617202828,0.0,0.0,0.0,0.86058265,0.0,3.663343191
1772729819.9437196,-1.062754,0.137806,0.522214,0.02251163,0.06918765,-0.00531496,0.99733547,0.044611,0.13869,-0.007559,-0.195659239,-1.069797349,0.018426902,-0.048159843,-0.519926436,0.004673701,0.010482831,0.061654368,1.003271505,-0.28395926,0.090883613,-0.044024564,48173.41707341,52500.394732532,53826.211779736,51898.198054182,-1.043599472,0.220219794,0.52060598,-0.227775785,-1.10762009,0.010677542,0.130831494,0.01404736,0.001529772,3.26076201,-7.035593511,0.113279828,0.028337496,0.061362047,-0.000758827,0.997709701,-0.928584866,-0.371101765,0.61739302,0.0,0.0,0.0,0.86058265,0.0,3.663343191
1772729819.9537199,-1.064505,0.126978,0.522414,0.0220616,0.06628765,-0.00404454,0.99754843,0.043879,0.132819,-0.00519,-0.18526391,-1.068963879,0.019160255,-0.023017539,-0.546057254,0.008325237,0.008919666,0.057820957,1.00503097,-0.283723035,0.092865736,-0.046579924,48076.550299735,52586.613031087,53920.330559832,51812.666754021,-1.044480601,0.216850561,0.520672047,-0.224499789,-1.108815003,0.010583839,0.131134802,0.008246841,0.001284,3.186125556,-7.06166756,0.102841929,0.027692692,0.061587112,-0.000815808,0.997714239,-0.927495479,-0.373801498,0.617490055,0.0,0.0,0.0,0.86058265,0.0,3.663343191
1772729819.9637196,-1.066437,0.116169,0.522751,0.0204537,0.06637369,-0.00428543,0.99757597,0.040609,0.132993,-0.005887,-0.176870623,-1.068799213,0.023188756,-0.024997935,-0.369850886,-0.014230285,0.007356575,0.053987729,1.006790352,-0.283486822,0.094847764,-0.049135161,47979.688144921,52672.827218528,54014.444852098,51727.139532217,-1.045361688,0.213481489,0.52073811,-0.221223949,-1.110009859,0.01049014,0.131438096,0.002446599,0.001038239,3.11149266,-7.087740366,0.092404528,0.027047918,0.061812166,-0.000872786,0.997719029,-0.926406144,-0.376501101,0.617587086,0.0,0.0,0.0,0.86058265,0.0,3.663343191
1772729819.9737196,-1.068168,0.105657,0.522933,0.02075835,0.06305353,-0.00506324,0.99778139,0.041126,0.126374,-0.007546,-0.169216964,-1.067991325,0.027393635,-0.078463849,-0.051064304,-0.07916304,0.005793447,0.050154409,1.008549775,-0.283250604,0.09682984,-0.051690459,47053.185326938,52424.228964585,54374.645743879,52397.772159696,-1.047496825,0.204259205,0.520904423,-0.201033481,-1.07905721,0.009445856,0.131756977,-0.00327223,0.000809734,3.036857985,-7.113813793,0.081966877,0.026403129,0.062037225,-0.000929765,0.997725845,-0.924891543,-0.380053664,0.617715876,0.0,0.0,0.0,0.86058265,0.0,3.663343191
1772729819.9837196,-1.069819,0.094953,0.523268,0.02045082,0.06296576,-0.00591797,0.99778858,0.040398,0.12623,-0.009309,-0.160037254,-1.069899408,0.031118736,-0.051741774,0.159481929,-0.159007526,0.006513375,0.04960341,1.00698166,-0.316311889,0.11894041,-0.068286108,46084.486586372,52158.601837123,54748.379851451,53106.863651042,-1.050713429,0.189989211,0.52115719,-0.166255989,-1.020380684,0.007581793,0.135949893,0.011287531,0.004873535,2.793911532,-7.179978671,0.055509503,0.024301637,0.062611157,-0.001036822,0.997732661,-0.920829542,-0.388715492,0.618034911,0.0,0.0,0.0,0.86058265,0.0,3.663343191
1772729819.993719,-1.07131,0.084245,0.523483,0.02125295,0.064189,-0.00573083,0.99769496,0.042032,0.128681,-0.00878,-0.148322597,-1.072145409,0.031271572,0.134796497,0.160840112,-0.15856588,0.008454137,0.054540209,1.004523253,-0.37795309,0.137273797,-0.087003529,45115.834037006,51892.987375761,55122.096137976,53815.92133024,-1.053929879,0.175719896,0.521409944,-0.131480155,-0.961706956,0.005717818,0.140142609,0.025846598,0.008937142,1.373395909,-7.526637237,-0.083027405,0.012008532,0.065625917,-0.00149424,0.997725792,-0.916767734,-0.397376907,0.61835393,0.0,0.0,0.0,0.86058265,0.0,3.663343191
1772729820.003719,-1.072801,0.073492,0.5239,0.02110021,0.0689537,-0.0067814,0.99737364,0.041563,0.138272,-0.01072,-0.134246282,-1.078993803,0.032023923,0.346550767,0.041467323,-0.089442669,0.004328767,0.061726298,1.015271574,-0.297266915,0.04005252,-0.043077206,44147.135296439,51627.360248299,55495.830245548,54525.012821586,-1.060428359,0.146336524,0.522040984,-0.114274705,-0.981955711,0.006574973,0.144335524,0.040406358,0.013000943,0.71932805,-7.711163532,-0.191253811,0.006375295,0.067230053,-0.002087261,0.997712186,-0.912705733,-0.406038735,0.618672965,0.0,0.0,0.0,0.86058265,0.0,3.663343191
1772729820.0137196,-1.074088,0.062678,0.524254,0.02177523,0.06719943,-0.00840465,0.99746651,0.042711,0.134833,-0.013967,-0.123262724,-1.084224713,0.034501839,0.523893049,-0.088160015,-0.028352919,0.007334333,0.051328165,1.025302776,-0.08226241,-0.040327394,-0.005094479,46311.218870347,53051.787701416,54502.838761903,52698.53133562,-1.063494884,0.128208992,0.522309852,-0.102901168,-0.994414919,0.00782503,0.144775827,0.043804746,0.014529224,0.630852671,-7.7311574,-0.227818344,0.005626688,0.067403901,-0.002354628,0.997704294,-0.908643538,-0.414700976,0.618992014,0.0,0.0,0.0,0.86058265,0.0,3.663343191
1772729820.0237195,-1.075199,0.051787,0.52452,0.02690482,0.06444634,-0.00797503,0.99752654,0.053117,0.129364,-0.012548,-0.111805274,-1.085330755,0.035068759,0.654181099,-0.235996823,0.01479047,0.004399614,0.047867019,1.024887026,0.071791288,-0.084685063,0.013170322,46984.245186136,53656.506868737,54152.061464181,51820.985381181,-1.064381701,0.122286477,0.52239795,-0.098668691,-0.998093766,0.008469572,0.143717034,0.042744242,0.015044532,0.64197363,-7.717251197,-0.228077544,0.005723476,0.067282572,-0.002362651,0.997718784,-0.904581537,-0.423362804,0.619311049,0.0,0.0,0.0,0.86058265,0.0,3.663343191
1772729820.0337195,-1.076251,0.040924,0.524878,0.03073539,0.06296188,-0.00733508,0.99751558,0.060918,0.126398,-0.01085,-0.101200679,-1.085626074,0.036738166,0.630793749,-0.198127942,0.029242814,0.003675999,0.047487263,1.025023926,0.104048307,-0.092750793,0.016151292,47657.271501926,54261.226036058,53801.284166459,50943.439426743,-1.06476128,0.119788956,0.522450351,-0.096732121,-0.99990397,0.008895722,0.142658241,0.041683739,0.01555984,0.653094589,-7.703344994,-0.228336745,0.005820263,0.067161243,-0.002370673,0.997732365,-0.900519536,-0.432024632,0.619630083,0.0,0.0,0.0,0.86058265,0.0,3.663343191
1772729820.0437202,-1.077219,0.030046,0.525238,0.03405333,0.06137994,-0.00751436,0.99750509,0.067578,0.123277,-0.010894,-0.090585246,-1.08503363,0.035771518,0.514083102,-0.046280299,0.038335386,0.002952332,0.04710748,1.025160836,0.136307633,-0.1008171,0.019132475,47984.460664664,54552.07897004,53613.84215971,50519.938799134,-1.065140886,0.117291257,0.522502755,-0.094795413,-1.001714304,0.009321902,0.141599372,0.040623159,0.016075185,0.664216344,-7.689437796,-0.228595964,0.005917058,0.067039905,-0.002378696,0.997738859,-0.896457244,-0.44068708,0.619949141,0.0,0.0,0.0,0.86058265,0.0,3.663343191
1772729820.0537212,-1.07813,0.019285,0.525665,0.0352692,0.06318077,-0.00769613,0.99734901,0.069999,0.12691,-0.010983,-0.078300172,-1.083366845,0.03312948,0.299938455,0.153083696,0.023132136,0.002228647,0.046727687,1.025297749,0.168567728,-0.1088836,0.022113729,48099.711558611,54650.586392711,53526.497051222,50374.689185818,-1.065520501,0.114793498,0.522555161,-0.092858658,-1.003524681,0.009748093,0.140540478,0.039562554,0.016590543,0.675338363,-7.675530267,-0.22885519,0.006013854,0.066918564,-0.002386718,0.997745353,-0.892394856,-0.449349734,0.620268206,0.0,0.0,0.0,0.86058265,0.0,3.663343191
1772729820.0637207,-1.078821,0.008425,0.525952,0.03581788,0.06506577,-0.00795408,0.99720623,0.071066,0.13071,-0.011299,-0.064477237,-1.081834792,0.027928076,0.090251673,0.288025824,0.032910503,0.001505066,0.04634795,1.025434642,0.200823208,-0.116948945,0.025094557,48214.945967342,54749.079725113,53439.164436373,50229.460348664,-1.065900062,0.112296096,0.522607559,-0.090922181,-1.005334799,0.010174222,0.139481735,0.0385021,0.017105826,0.686458792,-7.661624727,-0.229114378,0.006110637,0.066797241,-0.00239474,0.997751846,-0.888333048,-0.458011149,0.620587225,0.0,0.0,0.0,0.86058265,0.0,3.663343191
1772729820.0737214,-1.07944,-0.002402,0.526274,0.03532289,0.06712585,-0.00782141,0.99708838,0.070083,0.134821,-0.010955,-0.052206013,-1.082292679,0.024352762,-0.034129144,0.311468617,0.08655608,0.000781399,0.045968166,1.025571552,0.233082534,-0.125015253,0.02807574,48330.194113753,54847.584799407,53351.821410158,50084.214198042,-1.066287104,0.109742396,0.522661138,-0.088917551,-1.00715154,0.010607492,0.138422867,0.03744152,0.017621171,0.697580547,-7.64771753,-0.229373597,0.006207432,0.066675903,-0.002402763,0.99775834,-0.884270757,-0.466673597,0.620906282,0.0,0.0,0.0,0.86058265,0.0,3.663343191
1772729820.0837216,-1.079866,-0.01326,0.526412,0.03599134,0.06660768,-0.00697541,0.9971055,0.071544,0.13373,-0.009198,-0.041725448,-1.084282658,0.023955015,-0.138536402,0.270564014,0.147944691,5.7766e-05,0.045588401,1.025708455,0.265340322,-0.133081175,0.031056781,48445.436765092,54946.085176943,53264.482548489,49938.974972807,-1.066748306,0.106630249,0.522726426,-0.086235536,-1.009032103,0.011111457,0.137364048,0.036380991,0.018136491,0.708701771,-7.633810995,-0.229632804,0.006304222,0.066554571,-0.002410785,0.997764834,-0.882206779,-0.470846818,0.621061569,0.0,0.0,0.0,0.86058265,0.0,3.663343191
1772729820.093722,-1.080107,-0.024043,0.526566,0.03511117,0.06740592,-0.00564465,0.99709166,0.069952,0.135228,-0.006583,-0.031300826,-1.086181786,0.025327491,-0.232498028,0.16369814,0.171104862,-0.000665884,0.045208627,1.025845361,0.297598879,-0.14114729,0.034037893,48560.682163967,55044.587902858,53177.141604548,49793.732284879,-1.067209518,0.103518029,0.522791716,-0.083553458,-1.01091271,0.011615433,0.136305205,0.035320437,0.018651824,0.71982326,-7.619904129,-0.229892017,0.006401014,0.066433236,-0.002418808,0.997771328,-0.881010119,-0.473071585,0.621145774,0.0,0.0,0.0,0.86058265,0.0,3.663343191
1772729820.1037223,-1.080467,-0.034915,0.526881,0.03382047,0.07077154,-0.00436952,0.99690946,0.067543,0.141877,-0.003965,-0.022414474,-1.087949386,0.029186314,-0.346870484,0.114094904,0.141647421,-0.001172602,0.045688577,1.025742256,0.33906612,-0.148205565,0.036423269,48675.924815306,55143.088280395,53089.802742879,49648.493059644,-1.06767072,0.100405882,0.522857004,-0.080871444,-1.012793272,0.012119397,0.137015995,0.035963129,0.017757925,0.730944484,-7.605997595,-0.230151224,0.006497804,0.066311904,-0.00242683,0.997777822,-0.879813487,-0.475296299,0.621229977,0.0,0.0,0.0,0.86058265,0.0,3.663343191
1772729820.1137223,-1.080755,-0.045863,0.527338,0.03151356,0.06945782,-0.00429092,0.99707778,0.062897,0.13923,-0.00422,-0.012271204,-1.089753895,0.031799642,-0.412404459,0.114887801,0.070886599,0.000112184,0.053268868,1.023656932,0.456592919,-0.146941543,0.033889006,48892.5749765,55216.02075397,52933.980903379,49486.576732796,-1.068235993,0.096851408,0.52294344,-0.077999653,-1.015035879,0.012717748,0.139029714,0.037859874,0.015826452,0.742065443,-7.592091392,-0.230410425,0.006594591,0.066190575,-0.002434853,0.997793023,-0.878616884,-0.47752096,0.621314178,0.0,0.0,0.0,0.86058265,0.0,3.663343191
1772729820.1237223,-1.08076,-0.056783,0.52763,0.0293725,0.06966482,-0.00355496,0.9971316,0.058685,0.139592,-0.003027,-0.001445165,-1.09204028,0.036430318,-0.461441329,0.019025692,0.016882169,-0.002470308,0.057468529,1.017424846,0.553782691,-0.138399185,0.034633886,49231.845767575,55258.040530846,52695.350071736,49304.491032999,-1.069586297,0.089960184,0.523189388,-0.073696015,-1.020009498,0.014028093,0.132563113,0.039945658,0.009404511,0.753186402,-7.578185189,-0.230669625,0.006691379,0.066069246,-0.002442875,0.997813073,-0.876113669,-0.482078997,0.621487506,0.0,0.0,0.0,0.86058265,0.0,3.663343191
1772729820.133722,-1.080634,-0.067654,0.527924,0.02677585,0.06928396,-0.00354278,0.99723128,0.053452,0.138819,-0.003388,0.010334062,-1.094832959,0.039008604,-0.472847583,-0.085730425,0.00858177,-0.010022455,0.057323746,1.005864034,0.624835668,-0.120503866,0.039592672,49588.060815711,55236.571154185,52480.58563785,49204.190384728,-1.070910861,0.08231716,0.523451224,-0.068066103,-1.02461983,0.015114169,0.119926419,0.042168937,-0.000284523,0.952548658,-7.509050756,-0.220837776,0.008420838,0.065463661,-0.00246678,0.997827537,-0.872989237,-0.487730001,0.621702739,0.0,0.0,0.0,0.86058265,0.0,3.663343191
1772729820.1437216,-1.080538,-0.078637,0.528328,0.02459371,0.06993558,-0.00362842,0.99724169,0.049044,0.140122,-0.003834,0.022856937,-1.09642622,0.041308101,-0.465472414,-0.239118253,0.053093084,-0.006048028,0.059744695,1.01274273,0.623380835,-0.052207619,0.043563146,49819.78456776,55152.08757548,52391.003401361,49184.51673928,-1.072152236,0.072981627,0.523749155,-0.059397014,-1.02839532,0.01571618,0.124953709,0.033399692,0.004165523,1.215474861,-7.436922248,-0.208577773,0.010702554,0.064830922,-0.002503535,0.997827839,-0.868625192,-0.495468583,0.621998925,0.0,0.0,0.0,0.86058265,0.0,3.663343191
1772729820.153721,-1.080222,-0.08956,0.528715,0.02323242,0.0694531,-0.00335207,0.99730902,0.046338,0.139137,-0.003493,0.032764989,-1.097951105,0.043458958,-0.445681199,-0.278391207,0.094941512,-0.001024298,0.060081374,1.009222713,0.567789623,-0.005424092,0.036979416,49725.052824128,54986.485143214,52548.683456768,49261.046265727,-1.073242674,0.064038466,0.524040893,-0.051071684,-1.032248353,0.016569891,0.128056667,0.026836334,0.000800117,1.544575252,-7.373192226,-0.193400047,0.013559158,0.064270328,-0.002550421,0.997808362,-0.864420021,-0.502756313,0.622279353,0.0,0.0,0.0,0.86058265,0.0,3.663343191
1772729820.1637208,-1.079846,-0.100621,0.529301,0.02020882,0.06551499,-0.00214354,0.99764462,0.0404,0.131184,-0.001643,0.045216263,-1.098874766,0.042231548,-0.409829099,-0.196125051,0.111476758,4.6043e-05,0.059430997,1.004196341,0.449951821,0.037113732,0.02854554,49429.396716338,53758.95092353,52938.837244579,50596.176853752,-1.074214604,0.05087026,0.524343114,-0.037236586,-1.037790951,0.01611024,0.125907161,0.017814225,-0.009526107,1.871914769,-7.341015459,-0.176604005,0.016399889,0.063985044,-0.002583561,0.997763172,-0.858376341,-0.512921725,0.622673573,0.0,0.0,0.0,0.86058265,0.0,3.663343191
1772729820.1737216,-1.079376,-0.111613,0.529669,0.01801689,0.06638446,-0.00129026,0.99763061,0.036103,0.132892,-0.000184,0.060200252,-1.100536112,0.038593782,-0.372330643,0.075751537,0.100649772,-0.001627682,0.05874741,1.002276746,0.290334193,0.08605193,0.021530508,49012.234547521,52716.700909288,53223.369885257,51893.553068846,-1.075176451,0.039701402,0.524644072,-0.026323796,-1.043084319,0.015814288,0.128584083,0.006362625,-0.009328881,2.129333056,-7.344403007,-0.160232121,0.018632154,0.06401135,-0.002585329,0.997690439,-0.852430404,-0.522813595,0.623058307,0.0,0.0,0.0,0.86058265,0.0,3.663343191
1772729820.183722,-1.078709,-0.122552,0.530048,0.01693381,0.06375462,-0.00060719,0.99782174,0.033999,0.127598,0.000955,0.072466308,-1.095563846,0.032999138,-0.315527264,0.390278664,0.060718007,-0.003301366,0.05806384,1.000357196,0.130720371,0.134988961,0.014515643,48606.428704806,52428.380114743,53534.393104568,52231.251637259,-1.076140316,0.033151075,0.524940631,-0.022039125,-1.047589153,0.016072739,0.129312075,0.00525933,-0.007475904,2.385732968,-7.348184456,-0.143906883,0.020855575,0.064041103,-0.002587011,0.997647077,-0.848581408,-0.528971711,0.623300381,0.0,0.0,0.0,0.86058265,0.0,3.663343191
1772729820.1937225,-1.077922,-0.133493,0.530297,0.01535191,0.06871849,-0.00091322,0.99751755,0.030798,0.137557,0.000291,0.081857557,-1.089299873,0.030477088,-0.234876743,0.570409724,-0.016125981,-0.004975051,0.057380269,0.998437646,-0.028893451,0.183925992,0.007500778,48540.352341886,52531.872439084,53691.656018013,52030.437991841,-1.076612884,0.024380112,0.525153028,-0.012937997,-1.051951854,0.015753229,0.127509179,0.015528959,-0.005092757,2.503479562,-7.405932436,-0.133917575,0.021875043,0.064543111,-0.002576883,0.997603715,-0.844732412,-0.535129827,0.623542454,0.0,0.0,0.0,0.86058265,0.0,3.663343191
1772729820.2037225,-1.076884,-0.14441,0.530497,0.01456445,0.07423124,-0.00081542,0.99713436,0.029251,0.148607,0.000542,0.092230644,-1.082829821,0.029222541,-0.155188833,0.411443777,-0.093983622,0.003575991,0.051987895,1.009752858,-0.147356844,0.215215604,0.011548014,47880.504508481,51670.666456481,54236.206507346,52775.863043067,-1.077370553,0.014682392,0.525486004,-0.003960028,-1.057165213,0.016086634,0.135545554,0.007006349,0.001730624,2.474249381,-7.499008292,-0.126860051,0.021616302,0.065355324,-0.002515432,0.997560355,-0.840734085,-0.541427544,0.623791129,0.0,0.0,0.0,0.86058265,0.0,3.663343191
1772729820.2137227,-1.076005,-0.155315,0.530934,0.01324285,0.07644092,-0.00134887,0.99698525,0.026513,0.153054,-0.000673,0.101451398,-1.077741276,0.031007333,-0.141116259,0.103833813,-0.127631138,0.003261509,0.052507325,1.013901718,-0.286519942,0.22241614,0.009906425,47425.999396964,51238.1794136,54625.077063839,53088.768808484,-1.078334319,0.005214774,0.525877525,0.003652106,-1.062673605,0.016858699,0.139844263,0.005174715,0.00521321,2.411033902,-7.600255979,-0.120480173,0.021062002,0.066239291,-0.002442112,0.997525233,-0.836232794,-0.548360586,0.624066683,0.0,0.0,0.0,0.86058265,0.0,3.663343191
1772729820.2237225,-1.075096,-0.165776,0.531193,0.01316971,0.0749599,-0.00166467,0.99709819,0.026312,0.150092,-0.001361,0.111068579,-1.075504173,0.033461687,-0.137739646,-0.283528234,-0.127631595,-0.019025589,0.062547924,0.998494272,-0.397980862,0.228523284,0.02174279,47500.898206068,51563.376946182,54676.214279809,52639.62760065,-1.078830156,-0.004636236,0.526133799,0.013417465,-1.067432003,0.01700534,0.119029916,0.019793511,-0.004856151,2.347821438,-7.701498837,-0.1141006,0.020507729,0.067123215,-0.002368796,0.997494004,-0.830593701,-0.556863884,0.624406799,0.0,0.0,0.0,0.86058265,0.0,3.663343191
1772729820.2337227,-1.073857,-0.176665,0.531629,0.01243698,0.07019016,-0.00295855,0.99745171,0.024641,0.140559,-0.004198,0.122957305,-1.076389993,0.035890341,-0.144545916,-0.619082716,-0.118665113,-0.008799245,0.065002135,1.009254033,-0.384838298,0.166335594,0.029430946,47603.44344745,51893.858981876,54746.819648729,52205.990211323,-1.079190564,-0.015463276,0.526390761,0.024771374,-1.072327889,0.017016495,0.122017154,0.016576602,-0.00037926,2.152213286,-7.813239178,-0.098851973,0.018795551,0.068102066,-0.002138464,0.997467013,-0.826160229,-0.563434368,0.624671014,0.0,0.0,0.0,0.86058265,0.0,3.663343191
1772729820.2437222,-1.072471,-0.187458,0.531873,0.01134291,0.0657499,-0.00345336,0.99776569,0.022377,0.131664,-0.005447,0.137355337,-1.078655322,0.035075169,-0.186931088,-0.501680093,-0.107340738,-0.001150763,0.070494558,1.014747008,-0.366662484,0.115636485,0.035819239,47564.452896431,51800.122878877,54952.854300761,52111.975424225,-1.079421108,-0.030012483,0.526674774,0.040768881,-1.076867052,0.016971188,0.139632279,0.037969013,0.006311383,1.913773679,-7.927451818,-0.080651715,0.016708728,0.069103569,-0.001856399,0.997451634,-0.818857568,-0.5739157,0.625096817,0.0,0.0,0.0,0.86058265,0.0,3.663343191
1772729820.2537227,-1.071085,-0.198209,0.532245,0.01010146,0.06749949,-0.00325877,0.99766285,0.019899,0.13516,-0.005186,0.154604246,-1.082138969,0.033046457,-0.218739999,-0.185359775,-0.068743913,-0.001200295,0.080683104,1.00681187,-0.333529371,0.095645435,0.038398233,47659.200301028,52252.416288422,54947.575644975,51599.424002258,-1.079512037,-0.041434667,0.526902609,0.053307012,-1.079936635,0.017123568,0.140526792,0.048096693,0.000207842,1.679311097,-7.982280454,-0.057387898,0.014653474,0.069586997,-0.001518637,0.997451268,-0.811874644,-0.583769939,0.625499416,0.0,0.0,0.0,0.86058265,0.0,3.663343191
1772729820.2637227,-1.069488,-0.209111,0.532661,0.00916889,0.06428269,-0.00351282,0.99788342,0.017997,0.128713,-0.005881,0.16003741,-1.078817715,0.035661883,-0.314103117,0.254717969,-0.114712398,-0.005821812,0.065338672,1.005787954,-0.292054374,0.070661283,0.039177192,48170.777236239,52215.007970183,54511.737643349,51663.857052752,-1.079848375,-0.053502828,0.527330141,0.065173688,-1.082988563,0.01783434,0.138684004,0.029952919,-0.000394078,1.453436881,-8.03327637,-0.034981582,0.012673503,0.0700367,-0.001192878,0.997455274,-0.805364478,-0.592724545,0.625868457,0.0,0.0,0.0,0.86058265,0.0,3.663343191
1772729820.273723,-1.067756,-0.21989,0.532935,0.00754649,0.06845307,-0.00395507,0.99761796,0.014654,0.137069,-0.006923,0.173839754,-1.071721943,0.032074603,-0.353101138,0.707963197,-0.04255952,-0.012115583,0.055460164,1.004557786,-0.256228288,0.051910694,0.033596931,48253.738347783,52369.171647256,54552.254258109,51363.461269519,-1.080034881,-0.064864105,0.527719368,0.076310954,-1.085672804,0.018317503,0.128965326,0.032047337,-0.002591631,1.287470471,-8.057125217,-0.018428562,0.011218588,0.07024757,-0.000949701,0.997460729,-0.799213805,-0.60102742,0.626212919,0.0,0.0,0.0,0.86058265,0.0,3.663343191
1772729820.2837236,-1.065891,-0.230561,0.533181,0.00588908,0.074592,-0.00339307,0.99719097,0.011366,0.14936,-0.005955,0.198623363,-1.070302769,0.025880095,-0.326516267,1.106835375,0.171201878,-0.012704329,0.058093357,1.007395152,-0.216815433,0.039418287,0.022753543,48541.739769508,52113.586967173,54385.187802228,51566.165455979,-1.079913715,-0.074854696,0.528036312,0.086679607,-1.087935861,0.018493403,0.129810512,0.037802434,0.001455587,1.139734723,-8.071041833,-0.002726003,0.009922902,0.070371254,-0.000723663,0.99746511,-0.793620206,-0.608393447,0.626521231,0.0,0.0,0.0,0.86058265,0.0,3.663343191
1772729820.293723,-1.063953,-0.241252,0.533526,0.00449047,0.07712278,-0.00283217,0.99700747,0.00862,0.154422,-0.005014,0.221221345,-1.066981146,0.018691315,-0.213658844,1.266092681,0.472604259,-0.001173851,0.068595628,1.013910359,-0.17256594,0.031489599,0.017585799,48557.097555181,52183.967046022,54314.091662905,51490.76385754,-1.079683083,-0.085366228,0.528392603,0.097659819,-1.090116285,0.019239688,0.140383794,0.049335789,0.004860986,1.026668138,-8.078551934,0.009250215,0.0089313,0.070438244,-0.000550572,0.997468447,-0.787844113,-0.61585432,0.626835758,0.0,0.0,0.0,0.86058265,0.0,3.664037137
1772729820.303723,-1.062107,-0.251657,0.533859,0.00190384,0.08562278,-0.00228483,0.99632319,0.003453,0.171464,-0.00429,0.234516832,-1.062605889,0.016641974,-0.062155114,1.247499071,0.700746312,-0.001071848,0.079076136,1.008449038,-0.175915382,0.05146444,0.001345233,48448.674009338,52806.336884952,54187.49575003,50868.914641446,-1.079330758,-0.096372782,0.528840189,0.109093506,-1.092265313,0.020331077,0.140732288,0.062414584,0.000212092,0.923097867,-8.086012395,0.02149151,0.008022183,0.070504521,-0.000380876,0.997477948,-0.781635224,-0.623715817,0.627169674,0.0,0.0,0.0,0.86058265,0.0,3.664737158
1772729820.313723,-1.058858,-0.262549,0.533665,0.00389445,0.09295864,0.00557015,0.99564677,0.008945,0.186138,0.012024,0.24294318,-1.059715171,0.018573483,0.087343073,0.966136856,0.790128814,-0.00362835,0.067397732,1.009918619,-0.13995682,0.034838814,-0.005939104,48393.587061542,52764.245494644,54188.600378072,50942.450031506,-1.078916154,-0.106596514,0.529262534,0.119590197,-1.094096994,0.021017245,0.137330536,0.053054566,-0.000187723,0.838564422,-8.093356598,0.02432653,0.007284558,0.070568887,-0.00030465,0.997470952,-0.775693701,-0.631089976,0.627485329,0.0,0.0,0.0,0.86058265,0.0,3.665437179
1772729820.323724,-1.056342,-0.273214,0.533867,0.00565047,0.09808702,0.01070904,0.99510418,0.013608,0.196352,0.022863,0.244937433,-1.055410331,0.022858472,0.146169379,0.687968605,0.674404322,-0.011524209,0.051478006,1.007994817,-0.198477989,0.074218984,-0.019221181,48534.158801992,53014.450048894,54081.045869056,50626.488231415,-1.078399092,-0.116724893,0.5296483,0.130033114,-1.095668621,0.021527478,0.132344493,0.040203749,0.002105377,0.75888402,-8.100956861,0.021153588,0.006592877,0.070635057,-0.000283637,0.997465166,-0.769853446,-0.638202331,0.627792111,0.0,0.0,0.0,0.86058265,0.0,3.666137266
1772729820.3337243,-1.054324,-0.283551,0.534252,0.00717514,0.0966762,0.01244627,0.9952122,0.017006,0.193452,0.026661,0.245290988,-1.050770641,0.028403601,0.12363025,0.393368428,0.429207632,-0.021968691,0.054207183,1.004628607,-0.238326072,0.118561392,-0.024621893,48160.874609549,52916.48734621,54291.233760439,50736.144578313,-1.077208244,-0.129096139,0.529992909,0.144395731,-1.097154049,0.021577517,0.131195907,0.046996563,0.00594449,0.645995411,-8.126685718,0.011903721,0.00561584,0.070858856,-0.000295618,0.997447896,-0.762812806,-0.646600171,0.628157404,0.0,0.0,0.0,0.86058265,0.0,3.666837304
1772729820.3437245,-1.052042,-0.294015,0.534664,0.00702534,0.09813354,0.01189032,0.99507742,0.016636,0.196394,0.025536,0.243651301,-1.044675977,0.035299043,0.018063951,0.037946706,0.075580383,-0.012621339,0.059925753,1.015570192,-0.245202025,0.114010748,-0.02493488,48081.179761548,52560.424763047,54254.259161036,51162.057191615,-1.076428467,-0.140943805,0.530333985,0.156552412,-1.098377174,0.021879657,0.132942134,0.05869311,0.010069853,0.523177146,-8.157735004,0.001168961,0.004553273,0.071128936,-0.000314569,0.997423066,-0.755549806,-0.655072017,0.628529362,0.0,0.0,0.0,0.86058265,0.0,3.667537341
1772729820.3537247,-1.049374,-0.304492,0.534975,0.00627515,0.0992136,0.01229253,0.99497044,0.015226,0.198577,0.026225,0.251637827,-1.039727779,0.037661982,-0.141482359,-0.118139114,-0.18765867,-0.012830613,0.058788984,1.013470966,-0.219170232,0.098164651,-0.028284711,47715.666865198,52411.528169804,54392.215336941,51376.288309984,-1.07299617,-0.167835038,0.531036635,0.188368685,-1.099550924,0.022981715,0.133289652,0.068363333,0.010668359,0.298297418,-8.217338654,-0.021880761,0.002610224,0.071648161,-0.000376406,0.997380218,-0.743018591,-0.668892715,0.629151329,0.0,0.0,0.0,0.86058265,0.0,3.668237379
1772729820.3637247,-1.046771,-0.31489,0.535328,0.00483268,0.09890759,0.01082346,0.99502602,0.011993,0.198018,0.022946,0.28037721,-1.04273561,0.032488493,-0.259231832,-0.129798902,-0.159317265,-0.013039883,0.057652241,1.01137179,-0.19313906,0.082318932,-0.031634463,47224.375024816,52302.553340066,54613.061337408,51552.603067734,-1.070429678,-0.189107155,0.531699585,0.211116275,-1.088488779,0.023739612,0.12845548,0.070197793,0.005929307,-0.245338641,-8.267319152,-0.083660564,-0.002082444,0.072086305,-0.000572076,0.997351038,-0.725026018,-0.688456097,0.630037417,0.0,0.0,0.0,0.86058265,0.0,3.668621778
1772729820.3737257,-1.043847,-0.325312,0.535615,0.00397273,0.09748854,0.0106585,0.99517164,0.010179,0.195188,0.022416,0.29733723,-1.039949224,0.02976044,-0.335925022,-0.128258707,-0.088541443,-0.013249172,0.056515391,1.009272414,-0.167105405,0.066471702,-0.034984534,46752.368950465,52213.82349592,54822.190358702,51706.169861454,-1.068768537,-0.205264928,0.532285034,0.226309052,-1.072806575,0.024292178,0.131347477,0.089652811,-0.000606794,-0.683664211,-8.306162083,-0.134794734,-0.00586519,0.072427259,-0.000741102,0.997332357,-0.713689648,-0.700448856,0.63058759,0.0,0.0,0.0,0.86058265,0.0,3.668621778
1772729820.3837256,-1.040939,-0.335609,0.535942,0.00222461,0.09515443,0.00963959,0.99541336,0.006379,0.190544,0.019977,0.31240529,-1.035185214,0.025434776,-0.341153137,-0.262059017,0.032219453,-0.013458441,0.055378648,1.007173238,-0.141074233,0.050625984,-0.038334285,47127.389131397,53012.510343519,54517.044220915,50862.374454356,-1.067109257,-0.216319436,0.53266814,0.237907401,-1.07328857,0.024389103,0.134702818,0.089174729,-0.003563302,-0.834129875,-8.313471103,-0.156195335,-0.00716113,0.072493097,-0.000831809,0.997322397,-0.707015162,-0.707182872,0.630903622,0.0,0.0,0.0,0.86058265,0.0,3.668621778
1772729820.3937252,-1.037468,-0.346097,0.536131,0.00054515,0.09517163,0.01159459,0.9953932,0.003353,0.190606,0.023616,0.319056501,-1.02830135,0.025174538,-0.310667277,-0.364369294,0.104056115,-0.0136677,0.05424196,1.005074162,-0.115044302,0.03478102,-0.041683877,47705.910082393,53458.794161071,54317.461613564,50071.004429204,-1.06124151,-0.241996636,0.533353491,0.254768517,-1.022834207,0.020401664,0.139417604,0.079446709,0.000544597,-1.084298563,-8.28092057,-0.178858134,-0.009325465,0.072213872,-0.000881155,0.99733144,-0.699760834,-0.714363472,0.631243876,0.0,0.0,0.0,0.86058265,0.0,3.668621778
1772729820.4037251,-1.034244,-0.35638,0.536433,-0.00143433,0.09486879,0.01255414,0.99540959,-0.000482,0.190045,0.025177,0.324432186,-1.021796371,0.027121024,-0.235012907,-0.405039417,0.112977759,-0.015542535,0.054106791,1.002334921,-0.16487484,-0.023087271,-0.047874203,39656.95805432,51362.19751433,57243.43781361,54173.903555294,-1.054100216,-0.27226777,0.534137009,0.273341593,-0.95643306,0.015193464,0.133084169,0.091364507,0.001162938,-1.988707092,-8.009433499,-0.229951355,-0.017175514,0.069866666,-0.000836702,0.997308871,-0.678207315,-0.734813574,0.63223433,0.0,0.0,0.0,0.86058265,0.0,3.668615869
1772729820.4137247,-1.031354,-0.366315,0.536711,-0.00176367,0.0916998,0.01193785,0.99571358,-0.001345,0.183687,0.023853,0.326498272,-1.015834496,0.030871164,-0.080001833,-0.364768017,0.036873933,-0.021882595,0.059445102,1.003257921,-0.302863784,-0.189291671,-0.029832366,35717.41079349,50841.925104549,58903.455853866,55752.067816862,-1.046959263,-0.30253746,0.534920489,0.291913783,-0.89003508,0.009985512,0.11987881,0.114997472,-0.002747968,-2.893072496,-7.737959374,-0.28104214,-0.025025189,0.067519571,-0.000792251,0.997269342,-0.649999468,-0.759808741,0.633490775,0.0,0.0,0.0,0.86058265,0.0,3.668325288
1772729820.4237247,-1.027576,-0.376662,0.536851,-0.00098548,0.08816913,0.01384372,0.99600883,0.000486,0.176578,0.02784,0.329057792,-1.010844088,0.035241914,0.167829214,-0.271143797,-0.067785492,-0.021146626,0.064171747,1.013927744,0.032003486,-0.17131916,0.041892694,38161.461496691,52378.849787884,58413.085966401,53994.857186492,-1.039817969,-0.332808595,0.535704007,0.310486859,-0.823633933,0.004777312,0.112384438,0.143480418,0.001996597,-3.797481025,-7.466472304,-0.332135361,-0.032875239,0.065172365,-0.000747797,0.997321532,-0.635207374,-0.771934451,0.634128578,0.0,0.0,0.0,0.86058265,0.0,3.668034694
1772729820.4337249,-1.024703,-0.386613,0.537471,-0.00016369,0.08719786,0.01206995,0.99611788,0.001806,0.174609,0.024391,0.34033053,-1.010612968,0.037711167,0.494427856,-0.114507827,-0.108932945,-0.020286937,0.068221648,1.023474842,0.344060673,-0.150597803,0.106465438,44448.611607319,54151.377041117,56099.38050364,51358.305705292,-1.034702753,-0.353467252,0.536234751,0.324861399,-0.7852282,0.002163213,0.109641621,0.135239498,0.007227571,-4.015126567,-7.317934991,-0.303531301,-0.03479083,0.063870907,-0.000406146,0.997426189,-0.622745161,-0.781852505,0.634659556,0.0,0.0,0.0,0.86058265,0.0,3.667744092
1772729820.443725,-1.021023,-0.396822,0.537813,0.00248983,0.0887632,0.01064254,0.99599279,0.006959,0.177696,0.02199,0.359854092,-1.014470975,0.037243955,0.825015709,0.164690013,-0.02438481,-0.018439663,0.066867843,1.02405662,0.473949647,-0.107934425,0.113923959,46991.374195548,54535.387789887,54864.715464077,50488.874025102,-1.032470824,-0.360446636,0.536405781,0.333260927,-0.786661299,0.003240613,0.106462925,0.132799383,0.011241576,-3.922363031,-7.280035082,-0.268810698,-0.03400415,0.06353121,-0.000166446,0.997483829,-0.610282948,-0.79177056,0.635190533,0.0,0.0,0.0,0.86058265,0.0,3.667453491
1772729820.453725,-1.017427,-0.406933,0.538144,0.00769921,0.09072049,0.01039439,0.99579238,0.017508,0.181513,0.022469,0.386254758,-1.017167287,0.029419084,1.173144315,0.569855964,0.262594011,-0.016592433,0.065514071,1.024638383,0.603835525,-0.065272065,0.121382302,47717.973141883,54765.022519498,54382.265895357,50090.262796343,-1.031253692,-0.363763349,0.536461445,0.337798775,-0.785942456,0.003799818,0.103284304,0.130359326,0.015255486,-3.802450664,-7.264917468,-0.240672682,-0.032976374,0.063392036,8.103e-06,0.997512402,-0.598810718,-0.800888964,0.63567909,0.0,0.0,0.0,0.86058265,0.0,3.667162897
1772729820.463725,-1.013607,-0.417056,0.538486,0.01438044,0.09219453,0.01057694,0.99558099,0.031116,0.184312,0.024123,0.395689441,-1.015524414,0.027782894,1.450714955,0.55621663,0.441804724,-0.014745204,0.064160298,1.025220147,0.733721402,-0.022609705,0.128840645,48444.572088219,54994.657249109,53899.816326636,49691.651567584,-1.030436614,-0.365636146,0.536471628,0.340814263,-0.78437524,0.004154738,0.105241609,0.127286402,0.016356485,-3.682538297,-7.249799854,-0.212534666,-0.031948599,0.063252861,0.000182652,0.997540975,-0.596613486,-0.802515537,0.635770213,0.0,0.0,0.0,0.86058265,0.0,3.666872302
1772729820.4737248,-1.009259,-0.427387,0.538694,0.02257874,0.09498061,0.01341146,0.99513266,0.04837,0.189564,0.031552,0.398578488,-1.015922725,0.031847874,1.493423585,0.296759885,0.39133967,-0.012898018,0.062806558,1.025801897,0.863604183,0.020051638,0.136298811,49171.153711069,55224.286503796,53417.37826042,49293.049842467,-1.029619556,-0.367508899,0.536481811,0.34382968,-0.782808061,0.00450965,0.110387161,0.123820679,0.015649173,-3.562628789,-7.234682601,-0.18439732,-0.030920847,0.06311369,0.000357196,0.997569547,-0.594416308,-0.804142071,0.635861334,0.0,0.0,0.0,0.86058265,0.0,3.666581715
1772729820.483725,-1.005282,-0.437445,0.538975,0.02959668,0.09844384,0.01517498,0.99458663,0.063112,0.19618,0.036725,0.388556198,-1.011123789,0.04350954,1.275489013,-0.158746439,0.038191746,-0.011050744,0.061452754,1.026383674,0.993493157,0.062715015,0.143757332,49897.769980889,55453.926708331,52934.917189195,48894.429110067,-1.028802459,-0.369381742,0.536491995,0.34684524,-0.781240808,0.004864578,0.115532958,0.120354791,0.014941827,-3.442713563,-7.219564626,-0.156258633,-0.029893047,0.062974513,0.000531749,0.99759812,-0.592219024,-0.805768683,0.63595246,0.0,0.0,0.0,0.86058265,0.0,3.666291114
1772729820.4937255,-1.001054,-0.447535,0.539153,0.03747831,0.09990376,0.01797972,0.99412843,0.079759,0.198589,0.044118,0.38737366,-1.008054982,0.051224272,0.865799815,-0.58167741,-0.455930022,-0.011286528,0.05986985,1.027007179,1.131089818,0.122420622,0.148447955,51443.223523323,55884.082486899,51707.954324901,48042.229669405,-1.026461758,-0.377266497,0.536811056,0.355390172,-0.78589906,0.006765693,0.116764401,0.114638314,0.015386566,-3.322795478,-7.204446292,-0.128119275,-0.028865223,0.062835332,0.000706307,0.997692973,-0.587719508,-0.809050073,0.636138086,0.0,0.0,0.0,0.86058265,0.0,3.666000505
1772729820.5037255,-0.998085,-0.457547,0.540259,0.03935522,0.08805538,0.00934581,0.99529396,0.081323,0.175445,0.025936,0.393226774,-1.004569995,0.053070078,0.386670032,-0.835120233,-0.896772522,-0.022619646,0.057022045,1.027740612,1.307791208,0.273453767,0.137991958,52517.13755126,55555.149384886,50823.187229057,48268.914118336,-1.021623834,-0.391298416,0.537320337,0.37247514,-0.791015719,0.009729604,0.110085425,0.099134353,0.015389145,-2.779491311,-7.243639228,-0.052028639,-0.024176135,0.063163676,0.001078674,0.997741621,-0.578073756,-0.815933581,0.636533102,0.0,0.0,0.0,0.86058265,0.0,3.665709911
1772729820.513726,-0.993964,-0.467646,0.540757,0.03774809,0.0863156,0.00164125,0.99555111,0.076657,0.172595,0.009932,0.411537708,-1.003149014,0.04885265,-0.064689565,-0.836151261,-1.115271318,-0.019822497,0.049152705,1.011664192,1.147595614,0.389342185,0.087429265,52356.702194728,54516.8546042,51078.170574097,49633.400685606,-1.015527091,-0.406718712,0.537795665,0.393502503,-0.79314571,0.011797553,0.113737971,0.057379736,-0.004667559,-1.759978253,-7.528161982,0.036849265,-0.015353496,0.065644008,0.00127129,0.997661742,-0.564987566,-0.825090311,0.637065531,0.0,0.0,0.0,0.86058265,0.0,3.665419303
1772729820.5237255,-0.989505,-0.477621,0.541118,0.03612208,0.08129746,-0.00324148,0.99602982,0.072452,0.162903,-0.000592,0.440629791,-1.00429276,0.039713927,-0.429260906,-0.534401887,-1.022458698,-0.017659276,0.048639896,0.998934794,0.870183838,0.427295878,0.04617041,50839.705847718,53514.121664756,52591.703430537,51005.27772785,-1.009877557,-0.421683251,0.538336402,0.412771988,-0.802067565,0.011957436,0.12327488,0.051528062,-0.012226369,-0.603560105,-7.888844578,0.12814515,-0.00534203,0.068792705,0.001399932,0.997435471,-0.552650861,-0.833319554,0.637559888,0.0,0.0,0.0,0.86058265,0.0,3.665128722
1772729820.5337255,-0.984763,-0.487721,0.541303,0.03327988,0.08195631,-0.00670028,0.99605759,0.066139,0.164453,-0.008001,0.467903807,-1.00414006,0.028293966,-0.632669283,-0.098526449,-0.702202903,-0.016406934,0.058702091,0.991014428,0.424221206,0.353224533,0.018278301,49681.105658136,52630.02329662,53773.930785012,52020.57563978,-1.004494112,-0.435121668,0.538713266,0.430887837,-0.812994742,0.010574288,0.127822689,0.042326131,-0.019450671,0.552913188,-8.249544373,0.21944539,0.004669914,0.071941552,0.001528581,0.997220125,-0.542159229,-0.84015112,0.637977224,0.0,0.0,0.0,0.86058265,0.0,3.664838128
1772729820.5437253,-0.979999,-0.497749,0.541512,0.03035736,0.08293704,-0.00791076,0.99606089,0.060029,0.166469,-0.010874,0.491856763,-1.005683321,0.01957498,-0.646953407,0.199441591,-0.245761756,-0.013157843,0.041330332,0.995175517,0.088212809,0.240694313,-0.007488063,48205.196210455,52387.799052614,55080.308408053,52294.699949247,-0.99930513,-0.448630085,0.539070758,0.448372431,-0.826501859,0.008823019,0.135220568,0.019925331,-0.014281502,1.149997983,-8.508270383,0.267140282,0.009834449,0.074199973,0.001577866,0.997054689,-0.531426642,-0.84709561,0.638403352,0.0,0.0,0.0,0.86058265,0.0,3.66454754
1772729820.553725,-0.975081,-0.507825,0.541805,0.0266275,0.08437756,-0.00806468,0.99604536,0.052457,0.169325,-0.01174,0.495745442,-1.007239539,0.024915486,-0.637780812,0.102586262,-0.043058563,-0.020792414,0.052762785,1.001619949,-0.227685753,0.09642279,-0.010494178,46888.625569404,51940.72062802,56032.151062501,52647.495479455,-0.994804208,-0.460203099,0.539737153,0.463193282,-0.835524067,0.009260436,0.134812048,0.024626606,-0.004991684,1.388539405,-8.701637983,0.286886087,0.011892008,0.075887691,0.001576282,0.996995175,-0.521027991,-0.853525012,0.638810866,0.0,0.0,0.0,0.86058265,0.0,3.664256953
1772729820.5637248,-0.970117,-0.517869,0.542103,0.02311869,0.08532679,-0.0077152,0.99605489,0.045417,0.171172,-0.011594,0.510256567,-1.011896653,0.027070014,-0.575926261,-0.00580675,0.132866574,-0.022957053,0.054648844,1.000060432,-0.417366289,-0.011395661,-0.022419762,46430.335892415,52002.66235573,56366.160268961,52392.510305029,-0.990985007,-0.471450173,0.540550417,0.475614915,-0.846804269,0.010724699,0.136800639,0.025045015,-0.000102857,1.373597918,-8.78025597,0.287986084,0.011759037,0.07657162,0.001588068,0.996997188,-0.512442301,-0.85870781,0.639145175,0.0,0.0,0.0,0.86058265,0.0,3.663966366
1772729820.5737252,-0.964948,-0.527993,0.542287,0.02143016,0.08402834,-0.00632703,0.99621281,0.042245,0.168487,-0.009134,0.528985741,-1.013751044,0.026704998,-0.424227154,-0.145526658,0.378173817,-0.019603617,0.045989025,1.00900653,-0.504965682,-0.1079578,-0.01525653,45928.78485436,52534.491850363,56747.051195519,51634.342715588,-0.986308289,-0.48209363,0.540960259,0.490223155,-0.854919931,0.010860839,0.138789372,0.025463454,0.004786319,1.208894552,-8.790623378,0.272948891,0.0103358,0.076658105,0.001566313,0.997041581,-0.50321334,-0.864147415,0.639502274,0.0,0.0,0.0,0.86058265,0.0,3.663675757
1772729820.5837252,-0.959554,-0.538181,0.542607,0.01979501,0.0824381,-0.00393484,0.99639181,0.039344,0.165187,-0.004641,0.548476164,-1.014111748,0.023519914,-0.291332071,-0.114251759,0.610929581,-0.01546942,0.044036775,1.018424102,-0.515892777,-0.164602065,-0.020322922,46247.519734712,52833.282749777,56521.143473361,51162.761395873,-0.981524945,-0.49244533,0.541258856,0.504819446,-0.862231411,0.011550814,0.137163782,0.033724823,0.009812051,0.971485819,-8.748621834,0.256709548,0.008282122,0.076288076,0.001586963,0.997108507,-0.494311965,-0.869269967,0.639844594,0.0,0.0,0.0,0.86058265,0.0,3.663385163
1772729820.5937254,-0.954181,-0.548315,0.542955,0.01791594,0.08138123,-0.00213447,0.99651972,0.035842,0.162993,-0.001356,0.563011007,-1.011981268,0.021655168,-0.190064334,0.020277235,0.801015662,-0.017597042,0.053629513,1.019547745,-0.465566017,-0.180985383,-0.028898856,46965.249549865,53012.57937279,56012.593051723,50826.987720048,-0.976343902,-0.503270011,0.541559768,0.520183922,-0.869175325,0.013159946,0.131434841,0.049732526,0.0130791,0.666410568,-8.64285815,0.236652568,0.005643298,0.075362307,0.001620834,0.997206303,-0.485266296,-0.874352602,0.640190482,0.0,0.0,0.0,0.86058265,0.0,3.663343191
1772729820.6037252,-0.948081,-0.558528,0.543011,0.01870241,0.08176873,0.00406288,0.99646755,0.03846,0.163536,0.011307,0.572318533,-1.008662831,0.023141728,-0.179165799,0.258033158,0.84997716,-0.020623345,0.058980136,1.01966491,-0.414966825,-0.187540063,-0.038469353,47620.225943604,53216.048935061,55426.460390678,50586.287754202,-0.971669846,-0.512786063,0.541839143,0.533507941,-0.874667023,0.014729285,0.129219144,0.054301977,0.013363869,0.451227778,-8.550817807,0.2223352,0.003782077,0.074557718,0.001641248,0.997277184,-0.476906528,-0.878939804,0.640508353,0.0,0.0,0.0,0.86058265,0.0,3.663343191
1772729820.6137247,-0.942419,-0.568437,0.543208,0.01884243,0.08494763,0.00971785,0.99615984,0.039773,0.16969,0.022893,0.577733496,-1.004714031,0.02460251,-0.174565938,0.414179276,0.791979436,-0.026189964,0.053271619,1.017275396,-0.363182634,-0.169416259,-0.049487271,47959.662191724,53628.573920685,55148.609259017,49998.481480096,-0.967591657,-0.52091062,0.542058008,0.544693254,-0.878998081,0.015819224,0.125576226,0.053620625,0.013666503,0.283947306,-8.463837852,0.201948953,0.002341029,0.073797915,0.001574342,0.997328459,-0.469519196,-0.882909005,0.640787886,0.0,0.0,0.0,0.86058265,0.0,3.663343191
1772729820.6237247,-0.936716,-0.578474,0.543486,0.0170333,0.08718889,0.01263901,0.99596597,0.036696,0.174122,0.028582,0.581410966,-1.002199946,0.026654124,-0.17454658,0.45618828,0.632446177,-0.033944723,0.050222785,1.017155027,-0.305010356,-0.170653598,-0.043872823,48315.737571111,53690.885918682,54883.748416066,49797.672805799,-0.963584684,-0.528375486,0.542231533,0.555349717,-0.881975412,0.016599955,0.11343218,0.052406579,0.014429606,0.136505791,-8.376673414,0.176621935,0.001075203,0.073037183,0.001449143,0.997377739,-0.462638081,-0.886542514,0.641047268,0.0,0.0,0.0,0.86058265,0.0,3.663343191
1772729820.6337247,-0.930973,-0.588518,0.543871,0.01617047,0.08927261,0.0147618,0.99576654,0.035408,0.178254,0.032811,0.585794168,-1.000876596,0.03066353,-0.211377473,0.377668312,0.40843655,-0.029988254,0.047528109,1.016960663,-0.276953851,-0.129879663,-0.050094416,48778.822166987,53197.127217264,54493.268557225,50320.579482544,-0.959034485,-0.535550965,0.542368765,0.567120253,-0.882041173,0.017199395,0.116785511,0.048415985,0.012126689,-0.002826855,-8.289435294,0.149276661,-0.000119004,0.072276086,0.001300128,0.997424544,-0.455546834,-0.890207537,0.641313329,0.0,0.0,0.0,0.86058265,0.0,3.663343191
1772729820.643725,-0.925061,-0.598532,0.544216,0.01456002,0.0914019,0.01550023,0.99558698,0.032368,0.182558,0.034098,0.591731683,-0.999680965,0.034687407,-0.291120655,0.251576823,0.154989839,-0.027713782,0.060436849,1.015517355,-0.279045725,-0.085001046,-0.06259974,48625.686596734,53150.795019916,54456.617526225,50446.859273008,-0.953936938,-0.545072842,0.542648483,0.579767353,-0.886389961,0.018044614,0.11809361,0.065447155,0.008849553,-0.125911981,-8.214523235,0.122382867,-0.001172509,0.071622734,0.001143792,0.997460644,-0.44733832,-0.894355649,0.641619937,0.0,0.0,0.0,0.86058265,0.0,3.663343191
1772729820.6537247,-0.91899,-0.608531,0.544437,0.01464311,0.09048854,0.01722607,0.99564083,0.032816,0.180665,0.037572,0.605262698,-0.998524165,0.034752539,-0.360421554,0.159812546,0.021463524,-0.026911925,0.060985962,1.013622283,-0.30261961,-0.06046086,-0.070525435,48583.70173719,53246.135638464,54472.361848554,50260.551458781,-0.948897495,-0.554356715,0.542948993,0.591801275,-0.89032551,0.018685035,0.119359587,0.064946851,0.004932649,-0.22866553,-8.161142066,0.095134404,-0.002049515,0.071157507,0.000970042,0.997481884,-0.439245459,-0.898356882,0.641920886,0.0,0.0,0.0,0.86058265,0.0,3.663343191
1772729820.6637247,-0.912924,-0.618497,0.544846,0.01210041,0.09214328,0.0169884,0.99552729,0.027695,0.184089,0.036683,0.615449868,-0.99369479,0.035081036,-0.464505815,0.140482788,-0.060048648,-0.025782424,0.051349487,1.013463422,-0.340241721,-0.054337946,-0.071802643,48757.744283375,53167.009643962,54416.045834092,50244.050059643,-0.943939604,-0.564006252,0.543141035,0.603521331,-0.89682838,0.018762908,0.117932292,0.05894382,0.006505618,-0.341342671,-8.127955581,0.06352759,-0.00301057,0.070868441,0.000764088,0.997492616,-0.431456318,-0.902120639,0.642209239,0.0,0.0,0.0,0.86058265,0.0,3.663343191
1772729820.6737244,-0.906725,-0.628395,0.54521,0.00917915,0.09221918,0.01664348,0.99555731,0.021716,0.184356,0.03544,0.625097605,-0.989356965,0.035661883,-0.590048196,0.147467649,-0.134413401,-0.027533014,0.055853468,1.013879468,-0.379935214,-0.057325921,-0.072955532,48602.236089714,52717.188451612,54463.235049319,50803.10257898,-0.939062349,-0.572852188,0.543329086,0.614737199,-0.900988406,0.019038821,0.115682673,0.060616691,0.008070205,-0.476734686,-8.100465741,0.034320716,-0.004171053,0.070629289,0.000592564,0.997501459,-0.424409682,-0.905457155,0.642469111,0.0,0.0,0.0,0.86058265,0.0,3.663343191
1772729820.6837249,-0.900442,-0.638269,0.54559,0.00545076,0.09345633,0.01575962,0.99548372,0.014043,0.186984,0.032976,0.632301885,-0.984589925,0.037647511,-0.659139173,0.161441335,-0.123724359,-0.03071719,0.068250323,1.007913308,-0.424567727,-0.064097923,-0.084338063,48282.978363472,52465.997595941,54605.41105867,51192.827579502,-0.934482206,-0.580762003,0.543541326,0.624942647,-0.903352007,0.019303398,0.115197795,0.067449648,0.004099158,-0.637838189,-8.070415109,0.005723163,-0.005555986,0.070368537,0.000440992,0.997509612,-0.417766021,-0.908548987,0.642713357,0.0,0.0,0.0,0.86058265,0.0,3.663343191
1772729820.693725,-0.894024,-0.648093,0.545919,0.00200195,0.0943251,0.01549654,0.99541882,0.007034,0.188844,0.031799,0.643467203,-0.978959597,0.036787758,-0.703921667,0.138316956,-0.149702068,-0.030606693,0.064962536,1.01009954,-0.469682509,-0.086705406,-0.091406844,47937.370860927,52541.645473327,54791.51290715,51202.10966733,-0.930058147,-0.588289662,0.543773552,0.634534342,-0.905244205,0.019374035,0.114712928,0.074282443,0.000128206,-0.802543873,-8.040006185,-0.022787927,-0.006972366,0.070104764,0.000292224,0.997518062,-0.410243067,-0.911973959,0.642988892,0.0,0.0,0.0,0.86058265,0.0,3.663343191
1772729820.7037249,-0.88756,-0.65784,0.546302,-0.00162955,0.09466129,0.01505225,0.9953944,-0.000402,0.189634,0.030203,0.657124053,-0.973047801,0.0339322,-0.719087292,0.054221458,-0.226830066,-0.028695435,0.053102129,1.016741536,-0.51505932,-0.117967281,-0.09611762,47657.229363856,52981.886858904,54974.337662338,50740.060312569,-0.92372228,-0.598003401,0.544041519,0.647941033,-0.905419579,0.019695169,0.116563201,0.069833073,0.00525626,-1.015464176,-7.989724941,-0.057361372,-0.008805446,0.069669597,0.000116147,0.997529158,-0.401473968,-0.915865655,0.643308718,0.0,0.0,0.0,0.86058265,0.0,3.663405774
1772729820.7137249,-0.880955,-0.667569,0.546646,-0.00488007,0.09500603,0.01455833,0.99535827,-0.007077,0.190421,0.028575,0.670090363,-0.966937228,0.031990978,-0.764505312,-0.001895831,-0.375290047,-0.03477284,0.047092514,1.014101098,-0.562444477,-0.157232163,-0.104141443,47127.901233492,52682.499411585,55276.367432332,51050.451205161,-0.917474028,-0.607637725,0.544307693,0.661094323,-0.905705052,0.020019558,0.103026356,0.066567007,0.003263343,-1.283623488,-7.916679117,-0.098881011,-0.011115933,0.069038091,-9.1223e-05,0.997554136,-0.391779975,-0.920056426,0.643660749,0.0,0.0,0.0,0.86058265,0.0,3.663675631
1772729820.7237256,-0.874288,-0.677184,0.547004,-0.00838578,0.09446271,0.01423074,0.99539136,-0.014261,0.189424,0.027237,0.68113915,-0.960060298,0.030882528,-0.801309064,-0.059960322,-0.531014553,-0.030210844,0.057844266,1.015299576,-0.581776183,-0.180069644,-0.115621543,47170.148880309,52747.980540541,55137.688648649,51070.107799228,-0.911931649,-0.616631758,0.544559401,0.67220665,-0.906876562,0.020370103,0.108726737,0.0838948,0.006992479,-1.55180198,-7.843628068,-0.140403619,-0.013426586,0.06840654,-0.000298609,0.997574154,-0.383372371,-0.923587894,0.643964739,0.0,0.0,0.0,0.86058265,0.0,3.663945508
1772729820.7337255,-0.867211,-0.686736,0.547201,-0.01353088,0.09362125,0.00961473,0.9954695,-0.025591,0.187756,0.016907,0.689732049,-0.95288634,0.03141083,-0.812160678,-0.077288542,-0.630459161,-0.029026083,0.065878722,1.009121119,-0.597595989,-0.198043777,-0.122058692,46629.10332669,52785.625479074,55334.335428484,51151.432623026,-0.906554219,-0.626890936,0.54503435,0.682236,-0.910686352,0.02171141,0.106272075,0.099459808,0.000323657,-1.844647199,-7.753758672,-0.187432309,-0.015949779,0.067630788,-0.000544968,0.997589734,-0.37466077,-0.927154437,0.644278532,0.0,0.0,0.0,0.86058265,0.0,3.664215366
1772729820.7437267,-0.860304,-0.696247,0.547549,-0.01842293,0.09353147,0.00601976,0.99542766,-0.036194,0.187527,0.008691,0.696828578,-0.946007876,0.032707898,-0.78146096,-0.065513696,-0.615189753,-0.030797861,0.06286673,1.006823479,-0.617293185,-0.221139781,-0.118236104,46529.949917129,53063.08426413,55397.36268646,50832.743412361,-0.899163608,-0.636869398,0.545290176,0.696244043,-0.907314385,0.021500449,0.095868638,0.09696009,-0.00477237,-2.190991263,-7.627442612,-0.24639793,-0.018933943,0.066542538,-0.000875799,0.997606687,-0.364920533,-0.93103259,0.644627997,0.0,0.0,0.0,0.86058265,0.0,3.664485256
1772729820.7537267,-0.853367,-0.705673,0.547882,-0.02220592,0.09302293,0.00406274,0.99540802,-0.044233,0.18645,0.004027,0.703781421,-0.937904779,0.03360652,-0.711166651,0.013986477,-0.484218209,-0.030264475,0.054994782,1.012937488,-0.635938801,-0.246373583,-0.108954659,46514.570383323,52908.608408878,55454.73242526,50943.918365469,-0.888646202,-0.652267937,0.545864206,0.705473014,-0.893207232,0.021588447,0.099830097,0.096757984,0.005090453,-2.504148562,-7.507897022,-0.298153824,-0.021633953,0.065513116,-0.001165885,0.997616613,-0.354343054,-0.935114957,0.6450059,0.0,0.0,0.0,0.86058265,0.0,3.664755113
1772729820.7637267,-0.846391,-0.714995,0.548291,-0.02535636,0.09297577,0.00253468,0.99534222,-0.050908,0.18629,0.000337,0.706222099,-0.929862309,0.03702655,-0.609551362,0.017686039,-0.295041609,-0.030654894,0.057515193,1.009107525,-0.645165097,-0.250653168,-0.11793238,46620.725875477,53021.840933843,55371.094764775,50793.370576596,-0.878128796,-0.667666475,0.546438235,0.714701985,-0.87910008,0.021676445,0.101049536,0.104192688,0.005531138,-2.931163903,-7.323192427,-0.358663184,-0.025326727,0.063926026,-0.001506257,0.997617661,-0.34814585,-0.937428155,0.645226401,0.0,0.0,0.0,0.86058265,0.0,3.665024971
1772729820.7737267,-0.83928,-0.724256,0.548677,-0.02796928,0.09268752,0.00220249,0.9952999,-0.056264,0.185692,-0.000815,0.706622663,-0.920907444,0.041784092,-0.510003131,-0.109085043,-0.144603717,-0.034550608,0.054094341,1.00828581,-0.630121255,-0.233934025,-0.116095735,47253.525025747,52890.937796087,54677.878269825,50899.339134912,-0.86761139,-0.683065014,0.547012264,0.723930957,-0.864992927,0.021764443,0.101529359,0.112044178,0.004724012,-3.934469195,-6.863162536,-0.484238725,-0.034021129,0.059978614,-0.002217405,0.997598586,-0.330934699,-0.943455942,0.645834346,0.0,0.0,0.0,0.86058265,0.0,3.665294828
1772729820.7837267,-0.832091,-0.733445,0.54904,-0.03058189,0.09262505,0.00206955,0.99522915,-0.061584,0.185556,-0.001573,0.709756524,-0.911289311,0.04411226,-0.444435707,-0.336720324,-0.125119208,-0.035242393,0.052090801,1.010903558,-0.572579571,-0.23618089,-0.107376245,46663.025274222,53260.903329917,54774.431493556,50747.191726454,-0.857093984,-0.698463553,0.547586293,0.733159928,-0.850885774,0.021852441,0.080241299,0.129528267,-0.004474164,-4.937774486,-6.403132645,-0.609814267,-0.042715531,0.056031203,-0.002928554,0.997507696,-0.304263702,-0.95256103,0.646773864,0.0,0.0,0.0,0.86058265,0.0,3.665564686
1772729820.7937267,-0.824903,-0.742457,0.549421,-0.03268031,0.09208825,0.00194008,0.99521253,-0.065854,0.184466,-0.002195,0.712753963,-0.901755308,0.046627414,-0.375821881,-0.550039612,-0.129806105,-0.030813341,0.059467688,1.009961226,-0.513123033,-0.265142154,-0.110210498,44900.749401235,54075.194377915,55865.519565648,50289.44497668,-0.847071477,-0.712991984,0.548130004,0.742589164,-0.838286116,0.021988565,0.080153462,0.147610001,-0.001932786,-5.275845528,-6.248122215,-0.652127862,-0.045645174,0.054701094,-0.003168181,0.997434837,-0.288096614,-0.957601341,0.647338335,0.0,0.0,0.0,0.86058265,0.0,3.665834543
1772729820.803727,-0.81801,-0.751462,0.550072,-0.03467157,0.08638321,0.00095877,0.99565803,-0.069977,0.172944,-0.004143,0.71855661,-0.89119782,0.045613253,-0.334591621,-0.74580119,-0.16495444,-0.028869615,0.058412643,1.011776331,-0.456863868,-0.262456583,-0.102967208,44867.875603499,54070.937943155,55835.454295699,50327.873522817,-0.840495714,-0.721460432,0.548462554,0.753413473,-0.836185916,0.022459893,0.075640941,0.168373472,-0.001806718,-5.345069031,-6.21202148,-0.66558798,-0.046244003,0.054394374,-0.003267527,0.997400854,-0.280283412,-0.959909532,0.647609906,0.0,0.0,0.0,0.86058265,0.0,3.666104407
1772729820.8137271,-0.810761,-0.760313,0.55052,-0.0362547,0.08177026,-0.00014436,0.99599157,-0.073286,0.163603,-0.006301,0.726738319,-0.880088485,0.044387902,-0.304930563,-0.798124584,-0.204824588,-0.028367415,0.052467057,1.015190735,-0.402459971,-0.241415757,-0.089879005,45657.561238713,54124.317980728,55349.102842252,50149.940064239,-0.834062226,-0.729648439,0.548787404,0.7632036,-0.832647515,0.022950777,0.075676376,0.159548548,0.000260869,-5.544625852,-6.104816078,-0.70412519,-0.047970766,0.053482953,-0.003553498,0.997372843,-0.272304159,-0.962199196,0.647886612,0.0,0.0,0.0,0.86058265,0.0,3.666374271
1772729820.8237271,-0.803388,-0.769055,0.55088,-0.03750663,0.07802234,-0.00029476,0.99624579,-0.07577,0.15607,-0.006519,0.738075762,-0.86942445,0.042077798,-0.275666555,-0.700917581,-0.197240012,-0.02968458,0.050125244,1.016800289,-0.344080608,-0.213103313,-0.078871582,46574.427487904,54019.711390088,54822.203805414,50016.896953053,-0.827348112,-0.738081796,0.549132796,0.772724156,-0.827781676,0.023640899,0.074455761,0.153008248,0.001455561,-5.731176652,-5.986675815,-0.738632851,-0.049587649,0.052475344,-0.00381841,0.997379553,-0.263753401,-0.964550128,0.648182228,0.0,0.0,0.0,0.86058265,0.0,3.666644129
1772729820.833727,-0.795902,-0.777707,0.551294,-0.03853209,0.07599629,-0.00066653,0.99636309,-0.07786,0.151973,-0.007269,0.749805649,-0.858729179,0.039753088,-0.248219188,-0.46748995,-0.157492816,-0.035421149,0.055637428,1.011875393,-0.276625933,-0.157843408,-0.075731583,47088.963048286,53755.854704202,54389.768913564,50347.753524696,-0.82040523,-0.746825378,0.549582862,0.781637258,-0.821767944,0.024786003,0.070870265,0.159820386,-0.000141922,-5.917778119,-5.861841719,-0.771541196,-0.051206871,0.051409756,-0.004075882,0.99732869,-0.254809042,-0.966951155,0.648490947,0.0,0.0,0.0,0.86058265,0.0,3.66691398
1772729820.8437269,-0.788328,-0.786198,0.551591,-0.04087867,0.07328051,-0.00209055,0.99647104,-0.082754,0.146395,-0.010268,0.759427259,-0.847150963,0.037772317,-0.193691018,-0.225680569,-0.069835015,-0.034079229,0.043676154,1.00715428,-0.232845473,-0.10308409,-0.073976728,47315.396328294,53738.204103672,54225.392008639,50303.118790497,-0.815262425,-0.753257208,0.549946462,0.787769159,-0.816894621,0.025586149,0.070072357,0.152498445,-0.002293725,-6.027493501,-5.78592885,-0.79427453,-0.052157941,0.050763367,-0.004259679,0.997303035,-0.247858236,-0.968788432,0.648730609,0.0,0.0,0.0,0.86058265,0.0,3.667183838
1772729820.8537266,-0.780767,-0.794633,0.552099,-0.04154484,0.07369567,-0.00218532,0.99641266,-0.084122,0.147212,-0.010593,0.761991733,-0.835130789,0.040552758,-0.17694138,-0.030677557,-0.053343274,-0.039643392,0.045216964,1.007582014,-0.225737207,-0.086733696,-0.069266029,47503.123331076,53803.130829141,54123.707768963,50106.821449303,-0.811486073,-0.757905793,0.5502018,0.792120086,-0.813164174,0.025959004,0.063529117,0.151204342,-0.004344526,-6.106978256,-5.733955625,-0.813564528,-0.052845584,0.050322882,-0.004416534,0.997294366,-0.243632982,-0.969854965,0.648875859,0.0,0.0,0.0,0.86058265,0.0,3.667453689
1772729820.8637269,-0.773098,-0.802951,0.552489,-0.0420201,0.07365892,-0.00186839,0.9963961,-0.085033,0.14716,-0.010022,0.765703799,-0.822548861,0.041964725,-0.180942542,0.119227917,-0.056023653,-0.045207821,0.046757848,1.008009767,-0.218628602,-0.070382522,-0.064555106,47764.36026993,53726.535144156,53895.442482585,50168.706704721,-0.806931907,-0.763369532,0.55047443,0.796779852,-0.80767864,0.02607924,0.057071963,0.149953983,-0.006368832,-6.166528196,-5.69825117,-0.830639852,-0.053359444,0.050022387,-0.004555824,0.997300341,-0.238991772,-0.971017567,0.649035338,0.0,0.0,0.0,0.86058265,0.0,3.667723553
1772729820.8737276,-0.765425,-0.811107,0.552896,-0.04264439,0.07434504,-0.0018416,0.99631866,-0.086305,0.148531,-0.010122,0.770399589,-0.810235543,0.042235297,-0.177716184,0.226469036,-0.034687541,-0.041566284,0.045201709,1.007477465,-0.211444416,-0.045104069,-0.06454338,47914.642398606,53582.692384456,53747.815174489,50322.671353461,-0.801989312,-0.769227833,0.550754726,0.801592769,-0.801332476,0.026071663,0.058708827,0.152807542,-0.005901967,-6.235638943,-5.663047385,-0.848916902,-0.05395603,0.049727376,-0.00470152,0.99729541,-0.230603998,-0.973045428,0.649322987,0.0,0.0,0.0,0.86058265,0.0,3.66799343
1772729820.8837276,-0.757676,-0.819129,0.553259,-0.04329833,0.07492011,-0.00154412,0.99624788,-0.087594,0.149703,-0.009673,0.777294467,-0.797886134,0.040057459,-0.228499728,0.221413709,-0.058805447,-0.037852973,0.045725824,1.007642193,-0.209203845,-0.016382926,-0.0646798,47705.361578218,53220.980160562,53861.514008252,50774.967813045,-0.797368986,-0.774621789,0.551018023,0.806265973,-0.795872071,0.026151531,0.060873155,0.159337141,-0.00554417,-6.313254517,-5.628293395,-0.868261856,-0.054626205,0.049437282,-0.004852903,0.997272219,-0.224264125,-0.974516352,0.649539936,0.0,0.0,0.0,0.86058265,0.0,3.668263287
1772729820.8937275,-0.749978,-0.827007,0.553768,-0.04596504,0.07760431,-0.00369814,0.99591722,-0.09338,0.154853,-0.014676,0.785463842,-0.785325147,0.036912817,-0.305360225,0.107701606,-0.101117174,-0.03900609,0.053512323,1.010163855,-0.225345291,0.016893529,-0.060055449,47512.92132784,53111.009722254,53996.465943817,50911.960216855,-0.790694004,-0.781529769,0.551287763,0.813864349,-0.787266594,0.026094031,0.060892949,0.163683664,-0.005895268,-6.407335545,-5.601635962,-0.89681184,-0.05543509,0.049223095,-0.005073831,0.997208246,-0.216280048,-0.976318519,0.649812789,0.0,0.0,0.0,0.86058265,0.0,3.668533145
1772729820.9037282,-0.742011,-0.834842,0.554087,-0.04701,0.07718488,-0.00315824,0.9959029,-0.095395,0.154049,-0.01371,0.792173017,-0.773054972,0.036271693,-0.342914516,-0.013035017,-0.112996509,-0.038097231,0.047503708,1.006723896,-0.236170288,0.015396989,-0.044050212,47330.142845825,53145.666421441,54143.638228037,50867.808531589,-0.783579726,-0.789568867,0.551668708,0.821153512,-0.779144624,0.02614779,0.059741593,0.161143655,-0.008006158,-6.509366534,-5.593608104,-0.928335898,-0.056310198,0.049173249,-0.005308301,0.997131015,-0.206519647,-0.97842925,0.65014568,0.0,0.0,0.0,0.86058265,0.0,3.668621778
1772729820.913728,-0.734037,-0.842529,0.554432,-0.04808878,0.07717393,-0.00299557,0.99585274,-0.097549,0.154028,-0.01355,0.797655869,-0.760875104,0.036034883,-0.327839641,-0.170008532,-0.086858987,-0.02885788,0.057596402,1.0054782,-0.251830265,0.000306217,-0.056598526,47132.24038578,53305.997964475,54229.119175128,50712.136234764,-0.7769342,-0.797539958,0.552104707,0.827313586,-0.772268701,0.02623823,0.067249429,0.168051946,-0.010046559,-6.624521606,-5.592356093,-0.95809387,-0.057299604,0.049182535,-0.005518452,0.997109345,-0.197775744,-0.980237613,0.650443307,0.0,0.0,0.0,0.86058265,0.0,3.668621778
1772729820.9237287,-0.725986,-0.850049,0.554692,-0.05104153,0.0746399,-0.00402696,0.99589529,-0.103593,0.148805,-0.015816,0.803975087,-0.747290437,0.035047294,-0.302299672,-0.195743324,-0.05449175,-0.033869143,0.0571597,1.001364653,-0.267551212,-0.017017044,-0.065940953,46884.041758545,53370.161521499,54330.789346748,50691.662830761,-0.770281388,-0.804720185,0.552460414,0.83410219,-0.764533254,0.026039496,0.065462394,0.176194456,-0.013117274,-6.732204253,-5.590369238,-0.983410659,-0.05822592,0.049183295,-0.005693546,0.997082414,-0.188787027,-0.981975794,0.650748481,0.0,0.0,0.0,0.86058265,0.0,3.668621778
1772729820.9337282,-0.717959,-0.857458,0.555136,-0.05186075,0.07389005,-0.00361527,0.99591046,-0.105163,0.147333,-0.015028,0.811576648,-0.733614919,0.034116136,-0.278409498,-0.15442626,-0.063813775,-0.031923518,0.051055933,1.007674898,-0.275083265,-0.024748263,-0.057557681,46600.346515783,53328.135556879,54501.512686123,50780.508516974,-0.764878056,-0.810467693,0.552746405,0.839538986,-0.758144201,0.025701355,0.068621513,0.169350123,-0.006846825,-6.852329917,-5.578736401,-1.010143627,-0.059260839,0.04910203,-0.005880826,0.997004098,-0.179282485,-0.983627775,0.651070072,0.0,0.0,0.0,0.86058265,0.0,3.668621778
1772729820.9437284,-0.709933,-0.864713,0.555532,-0.05304344,0.07328474,-0.00381512,0.99589216,-0.107561,0.146082,-0.01554,0.812941956,-0.71956508,0.036633951,-0.254325883,-0.039179464,-0.052502882,-0.039003884,0.054675986,1.013035138,-0.292232499,-0.053983135,-0.052551889,46429.365275029,53614.492549057,54608.55981021,50452.908681243,-0.756351528,-0.818077956,0.553006933,0.849390429,-0.746302337,0.02546033,0.061689593,0.177812525,-0.001019707,-6.985704615,-5.559764104,-1.038958784,-0.060410875,0.048958986,-0.006084513,0.996884857,-0.169777263,-0.985279874,0.651391685,0.0,0.0,0.0,0.86058265,0.0,3.668621778
1772729820.953728,-0.701767,-0.871857,0.555887,-0.0537164,0.07310459,-0.00337627,0.99587091,-0.10885,0.145758,-0.014735,0.812762488,-0.705742573,0.038808895,-0.184594593,0.016947934,0.072811513,-0.037888535,0.049815241,1.008679207,-0.296800696,-0.083084127,-0.052460026,46772.68360203,53650.929924851,54264.058064102,50447.397841865,-0.747447527,-0.827034445,0.553485567,0.858040246,-0.734899835,0.025937225,0.060296645,0.176872091,-0.007687915,-7.146450767,-5.523775287,-1.069006298,-0.061800346,0.048670446,-0.006296887,0.99681369,-0.16027272,-0.986931855,0.651713276,0.0,0.0,0.0,0.86058265,0.0,3.668621778
1772729820.963728,-0.69343,-0.878816,0.556158,-0.05538581,0.07560765,-0.00356857,0.99559186,-0.11233,0.150723,-0.015659,0.811264682,-0.689717324,0.038752815,-0.097668986,0.081543421,0.250114872,-0.041825623,0.051223996,1.005886364,-0.309087853,-0.093082457,-0.059732846,46274.331024641,53330.667224812,54534.667681477,50853.33349824,-0.739165513,-0.835309248,0.553922195,0.86604689,-0.724265081,0.026204618,0.05637939,0.178279548,-0.011227581,-7.298387525,-5.476143064,-1.092969711,-0.063117099,0.048277629,-0.006467428,0.996745724,-0.150803029,-0.988557295,0.65203358,0.0,0.0,0.0,0.86058265,0.0,3.668621778
1772729820.973728,-0.685284,-0.885713,0.556598,-0.0558241,0.07411696,-0.00310441,0.99568103,-0.113097,0.147784,-0.014617,0.814400039,-0.677590739,0.03918508,-0.03323198,-0.021326781,0.387805072,-0.040740945,0.052378908,1.004544468,-0.304801226,-0.101729122,-0.058809583,46131.760863865,53398.526805082,54611.379514195,50821.003527925,-0.732885744,-0.841385326,0.554222714,0.871990597,-0.716097559,0.025795191,0.049487969,0.16054794,-0.015090517,-7.447086126,-5.424710424,-1.116112531,-0.064406547,0.047851651,-0.006635429,0.996686028,-0.141775382,-0.989849422,0.65233758,0.0,0.0,0.0,0.86058265,0.0,3.668621778
1772729820.983728,-0.677447,-0.892395,0.557119,-0.05498053,0.07393677,0.00088152,0.99574581,-0.110796,0.14788,-0.006445,0.820298451,-0.668321247,0.042068688,0.027610113,-0.170905892,0.47343357,-0.037339759,0.052946506,1.003561675,-0.29368754,-0.110348442,-0.054541819,46121.79032395,53529.196831235,54671.247729523,50694.199151224,-0.724261576,-0.849518355,0.554599672,0.879921376,-0.704686552,0.024566906,0.057359402,0.177736729,-0.013045922,-7.607614006,-5.35378059,-1.137574697,-0.065801982,0.047256604,-0.006797685,0.99661618,-0.132747734,-0.991141548,0.652641581,0.0,0.0,0.0,0.86058265,0.0,3.668621778
1772729820.993728,-0.669189,-0.898951,0.557493,-0.05453211,0.07334886,0.00378109,0.99580716,-0.109449,0.147024,-0.000474,0.828240592,-0.658779086,0.044357152,0.019357117,-0.301139665,0.430805806,-0.042779591,0.057848003,1.007592736,-0.267274234,-0.111917657,-0.043950634,46442.311903839,53598.683598294,54496.336719659,50669.987126793,-0.715171134,-0.857826889,0.554940769,0.88805973,-0.692162544,0.023670192,0.052425253,0.194207087,-0.007938952,-7.758340721,-5.275016544,-1.154306262,-0.067115168,0.046590658,-0.006929256,0.996570902,-0.121660858,-0.992566499,0.653014152,0.0,0.0,0.0,0.86058265,0.0,3.668621778
1772729821.003728,-0.660786,-0.905413,0.5578,-0.05395497,0.07302489,0.00598589,0.99585159,-0.107954,0.146615,0.004086,0.83939474,-0.648077211,0.044145438,-0.037845614,-0.357554788,0.301742592,-0.039485546,0.04849085,1.008610276,-0.234468209,-0.121144492,-0.037352189,46382.016291939,54177.290236446,54498.157849928,50077.590457026,-0.706912188,-0.865198837,0.555314793,0.8951504,-0.68039537,0.023525887,0.05248822,0.18170586,-0.008398294,-7.909067436,-5.196252498,-1.171037826,-0.068428354,0.045924713,-0.007060827,0.996550279,-0.111332106,-0.993678597,0.653360454,0.0,0.0,0.0,0.86058265,0.0,3.668621778
1772729821.0137277,-0.652137,-0.912096,0.55837,-0.05431512,0.06854238,0.00646471,0.99614759,-0.108564,0.137694,0.005486,0.850594751,-0.634392544,0.041655634,-0.124606885,-0.30092755,0.087813928,-0.032424449,0.040772024,1.013242058,-0.161992045,-0.149405294,-0.045406887,46617.362834256,54052.854133612,54188.149645912,50271.818982754,-0.697790715,-0.873107335,0.555731974,0.902611842,-0.667003226,0.02357694,0.051502437,0.183156567,-0.00493951,-8.059790557,-5.117490329,-1.187768992,-0.069741508,0.045258783,-0.007192395,0.996502697,-0.1010036,-0.994790667,0.653706747,0.0,0.0,0.0,0.86058265,0.0,3.668621778
1772729821.0237277,-0.643685,-0.91832,0.5588,-0.05565894,0.06766346,0.00617937,0.99613531,-0.111305,0.13591,0.004823,0.856503633,-0.6182982,0.039121813,-0.19436286,-0.24615126,-0.099887444,-0.028395234,0.042004489,1.014228429,-0.113830126,-0.134633177,-0.048249254,46357.878175086,54168.78682582,54288.424147485,50148.905310582,-0.68843811,-0.881059847,0.556132834,0.910243397,-0.653180068,0.023677276,0.050499892,0.184750596,-0.001441595,-8.126604846,-5.029308158,-1.197904839,-0.070329038,0.04450239,-0.007309332,0.996479925,-0.09033657,-0.995904134,0.654064276,0.0,0.0,0.0,0.86058265,0.0,3.668621778
1772729821.033728,-0.635175,-0.924322,0.559159,-0.05718916,0.06757138,0.00536522,0.9960596,-0.114502,0.135639,0.002987,0.859466476,-0.600879963,0.036543858,-0.209921037,-0.106253571,-0.129398832,-0.042108685,0.042347825,1.018474468,-0.091554985,-0.150458396,-0.048517276,46359.147900931,54134.350332767,54261.679899292,50147.329000527,-0.680204926,-0.887801818,0.556475286,0.916740936,-0.64081401,0.024051035,0.050218996,0.187073595,-0.00024376,-8.175793905,-4.939145494,-1.206655417,-0.070764148,0.043726979,-0.007423199,0.996482029,-0.07921113,-0.996847395,0.654436473,0.0,0.0,0.0,0.86058265,0.0,3.668621778
1772729821.043728,-0.626569,-0.930216,0.559455,-0.05784999,0.06723293,0.005023,0.99604612,-0.115877,0.134924,0.002248,0.856892173,-0.578868909,0.031971107,-0.172867349,-0.018709397,-0.168507094,-0.033788568,0.054086987,1.009241551,-0.069129764,-0.13897102,-0.045865339,46457.196981312,54004.878062964,54137.217546457,50273.014221141,-0.673102953,-0.893575366,0.556828343,0.921854977,-0.629970728,0.02448038,0.05381461,0.193312103,-0.011401394,-8.224982964,-4.84898283,-1.215405995,-0.071199258,0.042951568,-0.007537066,0.996488873,-0.070816728,-0.997483331,0.654717101,0.0,0.0,0.0,0.86058265,0.0,3.668621778
1772729821.0537283,-0.617991,-0.935923,0.559768,-0.05831374,0.06719977,0.00391882,0.99602628,-0.116961,0.13473,-3.1e-05,0.857923099,-0.56017128,0.027833263,-0.088393889,0.007689055,-0.170394646,-0.035907832,0.054321698,1.002750604,-0.076542573,-0.135136187,-0.046782096,46407.988654029,53911.944175039,54099.850135734,50424.357247268,-0.664833042,-0.900219309,0.557282572,0.927143976,-0.617133918,0.024403516,0.053380733,0.189276844,-0.010588118,-8.274172022,-4.758820166,-1.224156573,-0.071634368,0.042176157,-0.007650933,0.996502787,-0.060767077,-0.998145927,0.65505282,0.0,0.0,0.0,0.86058265,0.0,3.668621778
1772729821.0637288,-0.609318,-0.941503,0.560039,-0.05908074,0.06734008,0.00386443,0.99597181,-0.118518,0.135004,-0.000262,0.863509914,-0.548340228,0.028048162,-0.015648798,-0.044143644,-0.167037837,-0.033747539,0.041276955,1.006066348,-0.072174712,-0.112072044,-0.038847123,46278.126684636,54058.486330381,54230.260300347,50266.857142857,-0.656654561,-0.906883477,0.557752039,0.931822759,-0.604821579,0.024118407,0.052449179,0.185396269,-0.009733771,-8.305574533,-4.676921037,-1.229797085,-0.071915092,0.041469589,-0.007740138,0.99651569,-0.050303725,-0.998726106,0.655402099,0.0,0.0,0.0,0.86058265,0.0,3.668621778
1772729821.0737295,-0.600596,-0.946952,0.560334,-0.0588527,0.0676958,0.00359705,0.9959622,-0.1181,0.135684,-0.000811,0.86926837,-0.53638468,0.028693637,0.022712499,-0.032882196,-0.137050418,-0.038083095,0.03753766,1.007228154,-0.064336929,-0.075941724,-0.029685146,46060.06510283,54286.557549388,54429.625760074,49902.323541334,-0.649311447,-0.913161708,0.558263133,0.935277649,-0.594307217,0.024313262,0.043380182,0.186063256,-0.010244517,-8.330205723,-4.593682753,-1.2333165,-0.072137939,0.040749647,-0.007814842,0.996528593,-0.041003666,-0.999154489,0.655712457,0.0,0.0,0.0,0.86058265,0.0,3.668621778
1772729821.08373,-0.592301,-0.952012,0.560593,-0.05852698,0.06544954,0.0008496,0.99613766,-0.117767,0.130866,-0.00602,0.876143435,-0.524941856,0.029299115,0.046393907,-0.004512736,-0.094328487,-0.043142275,0.034837439,1.008143047,-0.056132261,-0.038388189,-0.020396882,46685.714875401,53850.162177037,53985.637303165,50288.364011619,-0.639215647,-0.920335273,0.558736427,0.941953334,-0.579364297,0.024173973,0.042060769,0.173927335,-0.010491142,-8.359615434,-4.511148107,-1.232048942,-0.072403932,0.040033144,-0.007846184,0.996539574,-0.030104143,-0.999528014,0.656075987,0.0,0.0,0.0,0.86058265,0.0,3.668621778
1772729821.0937302,-0.58314,-0.957412,0.560905,-0.05816823,0.06602406,0.00166433,0.99611973,-0.116948,0.132113,-0.004404,0.883294568,-0.513794021,0.02972429,0.056915861,0.019705743,-0.027238787,-0.046161135,0.032581189,1.005962756,-0.036259431,-0.014406845,-0.008145657,47051.53431612,53801.97709351,53804.42786113,50316.556245639,-0.62684246,-0.928467841,0.559192069,0.950473668,-0.560752413,0.023581882,0.042158777,0.185438398,-0.009888501,-8.384765417,-4.448103645,-1.228109244,-0.072631478,0.039484142,-0.007843471,0.996544724,-0.015290839,-0.999856877,0.6565699,0.0,0.0,0.0,0.86058265,0.0,3.668621778
1772729821.1037312,-0.574269,-0.962524,0.561234,-0.05828234,0.06717142,0.00181293,0.99603609,-0.117182,0.134426,-0.004257,0.888479227,-0.501138415,0.029504729,0.047756266,0.033939961,0.022422857,-0.045783349,0.031991843,1.004745814,-0.014041254,-0.013649405,-0.005361772,46902.350062814,54159.257160804,53951.384987437,49900.146105528,-0.61461918,-0.936651045,0.559663198,0.958270783,-0.542245273,0.023016374,0.04190358,0.195530661,-0.009085479,-8.397055891,-4.422904274,-1.221989929,-0.072743438,0.039261964,-0.007802195,0.996545175,-0.001642469,-0.999895994,0.657024878,0.0,0.0,0.0,0.86058265,0.0,3.668621778
1772729821.1137316,-0.565393,-0.967427,0.561505,-0.05800242,0.06744088,0.00226779,0.99603328,-0.116561,0.13502,-0.003336,0.892280979,-0.487207885,0.028620793,0.024638971,0.024496777,0.075923556,-0.044487014,0.03205093,1.005091995,0.005171947,-0.01930672,-0.0082051,47028.481185451,54018.743152223,53862.770722946,49985.506511001,-0.6029603,-0.944290036,0.560102967,0.964536476,-0.524335627,0.022666144,0.040963938,0.191505766,-0.006103691,-8.39005244,-4.412143871,-1.219349644,-0.072684704,0.039166242,-0.007788523,0.996552565,0.011696513,-0.999858382,0.657469517,0.0,0.0,0.0,0.86058265,0.0,3.668621778
1772729821.1237316,-0.556496,-0.972211,0.561783,-0.05758827,0.06708597,0.00237408,0.99608103,-0.115705,0.134323,-0.003024,0.893453746,-0.471324245,0.027166712,0.020315177,-0.020351445,0.089689921,-0.043190741,0.032110014,1.00543816,0.024384232,-0.024963765,-0.011048292,47078.472566601,54091.360295814,53818.916460039,49911.723013493,-0.591580809,-0.950938281,0.56044128,0.972084178,-0.507214868,0.022307566,0.039907006,0.185732452,-0.008019855,-8.357779854,-4.388416511,-1.213397451,-0.072408808,0.038953959,-0.00776286,0.996572888,0.024745322,-0.999682424,0.657904564,0.0,0.0,0.0,0.86058265,0.0,3.668621778
1772729821.1337323,-0.547587,-0.97683,0.56206,-0.05780151,0.06677764,0.00279479,0.99608831,-0.116072,0.133754,-0.002171,0.891402831,-0.45425426,0.025757542,0.008124273,-0.101114359,0.030639853,-0.041401346,0.029834818,1.005940346,0.048375378,-0.050276411,-0.010692154,46893.251317687,54340.455104115,53929.62048264,49689.58540736,-0.581561427,-0.956872432,0.560759177,0.977009564,-0.491365402,0.021466388,0.039014823,0.173184821,-0.008276094,-8.32550496,-4.364687453,-1.207444832,-0.072132892,0.038741661,-0.007737194,0.996605554,0.036398789,-0.999331432,0.658293184,0.0,0.0,0.0,0.86058265,0.0,3.668621778
1772729821.143733,-0.53866,-0.981295,0.562289,-0.05774136,0.06608342,0.0027491,0.99613822,-0.115945,0.13236,-0.002174,0.896139336,-0.441768467,0.025435805,-0.011284633,-0.110080901,0.014210097,-0.045569823,0.029221944,1.004905719,0.028077582,-0.069986631,-0.013540435,46434.562776754,54177.240270635,54200.658956517,49990.503121648,-0.572686586,-0.96194648,0.561042529,0.98210883,-0.478414197,0.020987863,0.033749755,0.17597911,-0.007658501,-8.294363475,-4.316280331,-1.198187833,-0.071870648,0.038312761,-0.007697777,0.996641627,0.046517709,-0.998911879,0.658630795,0.0,0.0,0.0,0.86058265,0.0,3.668621778
1772729821.1537335,-0.529663,-0.985656,0.562558,-0.05760433,0.0654612,0.00308327,0.99618626,-0.115614,0.131154,-0.001411,0.899633123,-0.429229935,0.025745479,-0.02791303,-0.090060084,-0.012404563,-0.037984765,0.02483883,1.011117004,-0.012661332,-0.070790629,-0.009940613,46576.55466589,54023.211297132,54141.374901732,50167.877478527,-0.561025727,-0.968363224,0.561430228,0.988514312,-0.461555562,0.020376258,0.034249192,0.174659093,-0.00786455,-8.264496726,-4.24013532,-1.185216811,-0.071623776,0.037640403,-0.007642906,0.996687711,0.061691899,-0.997843337,0.659137924,0.0,0.0,0.0,0.86058265,0.0,3.668621778
1772729821.1637335,-0.520649,-0.989872,0.562793,-0.05770437,0.06497696,0.00295452,0.99621256,-0.115824,0.13017,-0.001626,0.902357018,-0.415871473,0.025358124,-0.008845535,-0.089998887,-0.026189714,-0.040415184,0.03313995,1.006747789,0.024447704,-0.073903849,-0.001379325,46691.008709586,53971.992014059,54173.34561807,50144.492466338,-0.54287465,-0.9778789,0.561995162,0.997905941,-0.435092356,0.019845521,0.037299016,0.169480302,-0.007564093,-8.234631402,-4.163993939,-1.172246408,-0.071376916,0.036968077,-0.007588037,0.99674001,0.07763551,-0.996680082,0.659670846,0.0,0.0,0.0,0.86058265,0.0,3.668621778
1772729821.173734,-0.511588,-0.994012,0.563076,-0.05819791,0.06504795,0.00261689,0.99618016,-0.116865,0.130272,-0.002378,0.90529049,-0.40291169,0.025157425,0.023689211,-0.068345322,-0.034168233,-0.04035464,0.029246081,1.008383199,0.052437613,-0.069228362,0.006929147,46816.784776903,54552.011603813,54258.816825528,49414.411244647,-0.529928273,-0.984256607,0.562370111,1.004040566,-0.416117135,0.01935823,0.038206234,0.16492066,-0.006647369,-8.210457674,-4.08823916,-1.153917682,-0.071180887,0.036296186,-0.00748398,0.99677491,0.093579881,-0.995516772,0.660203793,0.0,0.0,0.0,0.86058265,0.0,3.668291705
1772729821.183734,-0.502553,-0.997954,0.56333,-0.0579091,0.06478105,0.00247132,0.99621476,-0.116297,0.129721,-0.002601,0.915778263,-0.393027376,0.024180831,0.058410204,0.014767391,0.064790105,-0.039367916,0.0368206,1.007488861,0.082193133,-0.057027383,0.007309012,47809.895146794,54131.459556621,53479.527261833,49862.181545836,-0.521145642,-0.988400321,0.562616583,1.00801231,-0.403298206,0.019039714,0.03650708,0.177122642,-0.009862133,-8.185329463,-4.019676791,-1.134348616,-0.070975987,0.035686048,-0.007364648,0.996806808,0.103702742,-0.994595842,0.660542649,0.0,0.0,0.0,0.86058265,0.0,3.667754126
1772729821.193734,-0.493433,-1.00179,0.563565,-0.05729113,0.06394358,0.00236259,0.99630485,-0.11505,0.128035,-0.002641,0.912618761,-0.376265899,0.023141883,0.124737241,-0.034018541,0.033160293,-0.037689877,0.046657242,1.00495407,0.112155701,-0.045326118,0.000796303,47372.829160935,54468.955378267,53730.740632737,49585.672077029,-0.512889648,-0.992128313,0.562843895,1.011575349,-0.391445706,0.018498628,0.034532352,0.183708992,-0.012516974,-8.148615977,-3.977931032,-1.117535225,-0.070666304,0.03531018,-0.007255832,0.996840821,0.112607783,-0.993602939,0.660841332,0.0,0.0,0.0,0.86058265,0.0,3.667216547
1772729821.203734,-0.484337,-1.005466,0.563779,-0.05635044,0.06343093,0.00244102,0.99639108,-0.113135,0.12702,-0.002303,0.90320632,-0.35954368,0.024449635,0.176500789,-0.19088569,-0.121648852,-0.039042606,0.034350092,1.004626619,0.134000299,-0.049017971,-0.009928156,47178.390524308,54809.830179925,53888.0697015,49274.517451152,-0.504182522,-0.995998937,0.563080865,1.015267167,-0.379025336,0.017808219,0.030935163,0.173256578,-0.010717733,-8.07578597,-3.935830554,-1.100913341,-0.070042272,0.03492916,-0.007159651,0.996893744,0.122330344,-0.992451154,0.661167711,0.0,0.0,0.0,0.86058265,0.0,3.666678968
1772729821.2137344,-0.475115,-1.009092,0.564035,-0.05587184,0.0640663,0.00238471,0.99637752,-0.112189,0.128287,-0.002427,0.89425938,-0.345290636,0.026471898,0.185326269,-0.372919147,-0.363892822,-0.046689875,0.027164156,1.008702274,0.144607806,-0.033968547,-0.011781186,47522.692491567,54466.345913787,53592.025470771,49757.375315397,-0.494705807,-1.000077022,0.563339266,1.019144447,-0.365605852,0.017222278,0.022717475,0.16209463,-0.009611041,-7.981576934,-3.894137663,-1.093594112,-0.069229171,0.034556135,-0.007149847,0.99696361,0.131754911,-0.991204877,0.661484654,0.0,0.0,0.0,0.86058265,0.0,3.666141363
1772729821.223735,-0.465888,-1.012577,0.564262,-0.05475698,0.06299426,0.00245215,0.99650759,-0.109915,0.126151,-0.002028,0.890450752,-0.333784759,0.029150941,0.14631639,-0.510160622,-0.597265662,-0.04459781,0.024692803,1.009304475,0.142698896,-0.037541682,-0.010848359,47519.628078654,54414.213926267,53610.511272695,49866.06477643,-0.485201939,-1.00398207,0.563588326,1.022872318,-0.352409682,0.016355274,0.018955009,0.163517424,-0.009052798,-7.889370222,-3.854739061,-1.086712395,-0.068433102,0.034203463,-0.007141763,0.997027029,0.140843326,-0.989852134,0.661790955,0.0,0.0,0.0,0.86058265,0.0,3.665603746
1772729821.2337356,-0.45789,-1.015423,0.564599,-0.05398591,0.05599441,-0.00498694,0.99695801,-0.109092,0.11134,-0.01609,0.893347686,-0.323982613,0.03080473,0.103135603,-0.552888082,-0.731015706,-0.044932007,0.023096125,1.010463297,0.141022535,-0.042177124,-0.011146567,47392.237424904,54509.989381276,53748.130373096,49790.746214724,-0.477052535,-1.007203124,0.5637874,1.025980991,-0.341190028,0.015898689,0.021434025,0.162136319,-0.001098874,-7.809930497,-3.829957404,-1.08261796,-0.067745632,0.033980458,-0.00714464,0.997088407,0.149931525,-0.988499424,0.662097248,0.0,0.0,0.0,0.86058265,0.0,3.665066141
1772729821.2437356,-0.448692,-1.018859,0.564974,-0.05437913,0.05302802,-0.0087874,0.99707258,-0.1102,0.104983,-0.023422,0.903684739,-0.314883265,0.029693773,0.034952879,-0.518193038,-0.731913009,-0.05286278,0.024947261,1.013792569,0.138552513,-0.050954418,-0.014813766,47167.700573732,54354.739494495,53945.3676539,49982.619475888,-0.469309993,-1.010169278,0.563978712,1.028930655,-0.330663348,0.015867656,0.019719354,0.156914416,0.001076089,-7.730923123,-3.800842555,-1.077439339,-0.067062636,0.033719157,-0.007140173,0.997144072,0.15901929,-0.987146778,0.662403526,0.0,0.0,0.0,0.86058265,0.0,3.664528562
1772729821.253736,-0.439362,-1.022057,0.565227,-0.05466054,0.05169454,-0.01148067,0.99709984,-0.110995,0.102011,-0.028699,0.918440872,-0.305608722,0.026734816,-0.007242015,-0.382262724,-0.57736523,-0.043260827,0.028285946,1.017807146,0.117650668,-0.061033811,-0.004242275,46874.765692656,54292.776044504,54220.213947753,49995.877670404,-0.460606706,-1.013399646,0.564201163,1.032246489,-0.319059729,0.016050771,0.027212906,0.137538399,-0.000587634,-7.641831299,-3.760245311,-1.072715712,-0.066292835,0.033357586,-0.007148979,0.997207787,0.168194314,-0.985734561,0.662713001,0.0,0.0,0.0,0.86058265,0.0,3.663990957
1772729821.2637355,-0.430012,-1.02505,0.565484,-0.05479935,0.05089498,-0.01279771,0.99711732,-0.111374,0.100262,-0.031262,0.934237332,-0.296505158,0.024178015,-0.032488647,-0.172874421,-0.320342947,-0.035680468,0.030575192,1.020187968,0.100213538,-0.066470344,0.003685647,46653.056235663,54510.675258073,54400.669831922,49707.721997971,-0.45128413,-1.01700928,0.56456423,1.032893008,-0.305467555,0.017122161,0.032100398,0.1611593,0.007896355,-7.563041065,-3.702238774,-1.067104301,-0.06561459,0.032844645,-0.007156615,0.997266023,0.177936013,-0.983933506,0.663043249,0.0,0.0,0.0,0.86058265,0.0,3.663453404
1772729821.2737355,-0.420653,-1.027931,0.565692,-0.05473615,0.05073721,-0.01353353,0.99711912,-0.111313,0.099866,-0.032712,0.944438488,-0.284718997,0.021547223,0.002891679,-0.023725378,-0.058652009,-0.03823521,0.027602292,1.014376116,0.100144151,-0.048623963,-0.001640804,46497.166975472,54695.244441503,54468.669004764,49532.404402682,-0.443343622,-1.0198438,0.564887342,1.033483045,-0.293750295,0.018336257,0.026782944,0.161837125,0.004013428,-7.508428984,-3.655035127,-1.061588373,-0.065145545,0.032427287,-0.00715132,0.997315021,0.187678177,-0.982132365,0.663373513,0.0,0.0,0.0,0.86058265,0.0,3.663343191
1772729821.2837355,-0.411278,-1.030642,0.565853,-0.055318,0.04974874,-0.01400213,0.99713034,-0.112485,0.097819,-0.033595,0.939253246,-0.268679471,0.021393125,0.056041334,0.018529627,0.016318504,-0.040789951,0.024629391,1.008564264,0.100074765,-0.030777581,-0.006967255,46504.503602994,54708.720379807,54441.824269448,49513.71966319,-0.435326831,-1.022308311,0.565082615,1.03723556,-0.283619052,0.018660647,0.025256497,0.15060718,-0.001185405,-7.448292675,-3.61648207,-1.061622829,-0.06462595,0.032088003,-0.007190579,0.997359017,0.197546769,-0.980279819,0.663708245,0.0,0.0,0.0,0.86058265,0.0,3.663343191
1772729821.293736,-0.401895,-1.033295,0.566109,-0.05425174,0.05012189,-0.01359741,0.99717584,-0.110319,0.098645,-0.032721,0.940692311,-0.25867478,0.022668106,0.095944557,0.079592002,0.082211736,-0.045508284,0.024559714,1.010236215,0.094730398,0.000484569,0.003591358,46786.687745211,54538.896607431,54241.606892838,49663.290560812,-0.427623319,-1.02520508,0.565420102,1.03718008,-0.273457611,0.019011925,0.020237232,0.154293043,-0.000927556,-7.384589316,-3.581196816,-1.064957001,-0.064074037,0.031778752,-0.007257354,0.997402323,0.208901258,-0.97782322,0.664095484,0.0,0.0,0.0,0.86058265,0.0,3.663343191
1772729821.3037362,-0.392479,-1.035858,0.566381,-0.05385527,0.05074419,-0.0131139,0.99717233,-0.109501,0.099955,-0.031783,0.942742779,-0.248285163,0.023413076,0.129378577,0.135151523,0.104714208,-0.047307424,0.028883981,1.009620272,0.11503902,0.032045014,-0.000663706,47245.28386799,54547.366720517,53891.508885299,49651.190399261,-0.415382994,-1.028462503,0.56566002,1.04367173,-0.258584767,0.018877293,0.027056183,0.153641674,-0.00650896,-7.306137831,-3.549292933,-1.066700221,-0.063393827,0.03149705,-0.007312122,0.997456252,0.220255477,-0.975366679,0.664482715,0.0,0.0,0.0,0.86058265,0.0,3.663343191
1772729821.3137362,-0.383001,-1.038272,0.566573,-0.05273594,0.05146091,-0.01245564,0.99720387,-0.107215,0.101494,-0.030431,0.94542798,-0.237915903,0.024182249,0.160669762,0.168079892,0.11376188,-0.047744649,0.031422001,1.009011342,0.138141662,0.058163488,-0.006234965,47703.869057235,54555.836631664,53541.419224556,49639.090526194,-0.404057196,-1.031720949,0.56592526,1.047093462,-0.244624109,0.018575237,0.016973277,0.159407442,-0.002406095,-7.223436865,-3.53661753,-1.067274467,-0.062675019,0.031381744,-0.007346855,0.997507394,0.23056512,-0.973045268,0.664835,0.0,0.0,0.0,0.86058265,0.0,3.663343191
1772729821.3237364,-0.373574,-1.040616,0.566837,-0.05240059,0.05304849,-0.01235959,0.99713955,-0.106597,0.104689,-0.030379,0.948012112,-0.226615814,0.023034851,0.146986215,0.139590599,0.090085309,-0.046017843,0.019948652,1.013400272,0.13831054,0.045327625,0.000609712,47485.523702724,54271.923509136,53635.590325322,50073.962462817,-0.393950478,-1.034636947,0.566194433,1.049147239,-0.232243296,0.018626916,0.012159829,0.14666272,-0.001581788,-7.130026248,-3.548141344,-1.076000499,-0.061858344,0.031480772,-0.007442125,0.997554376,0.240474903,-0.970642299,0.665174909,0.0,0.0,0.0,0.86058265,0.0,3.663343191
1772729821.3337364,-0.364065,-1.042808,0.567056,-0.05146176,0.05314678,-0.01187931,0.99718904,-0.104663,0.104965,-0.029327,0.950464504,-0.214599175,0.021391454,0.105695563,0.067307228,0.045684551,-0.050953644,0.019745584,1.015601865,0.130257723,0.032359975,-0.002608499,47582.360251789,54768.513799968,53660.380642384,49498.85156292,-0.384574106,-1.037347782,0.566465949,1.050381833,-0.220808933,0.018890405,0.008479315,0.141778526,0.004102307,-7.044402288,-3.557741497,-1.081796805,-0.061110402,0.031561859,-0.007510936,0.997597378,0.250768094,-0.968034329,0.66552887,0.0,0.0,0.0,0.86058265,0.0,3.663343191
1772729821.3437364,-0.354562,-1.044895,0.567274,-0.0508501,0.05338644,-0.01196856,0.99720655,-0.103452,0.105453,-0.029468,0.953134611,-0.203949146,0.02132265,0.081966175,0.01958677,0.018218588,-0.052221788,0.023409684,1.013675199,0.11996397,0.020525731,-0.002889517,47357.635084145,54945.543484803,53883.472603532,49277.981596796,-0.375235876,-1.03975637,0.566715838,1.052782153,-0.209752527,0.019453801,0.012170053,0.147307665,0.005256839,-6.970343975,-3.55955531,-1.087497926,-0.060463893,0.031575764,-0.00758001,0.997635333,0.260511443,-0.965458419,0.665864807,0.0,0.0,0.0,0.86058265,0.0,3.663343191
1772729821.353736,-0.344987,-1.046915,0.56749,-0.05027459,0.05336211,-0.01162553,0.99724109,-0.102258,0.105456,-0.028716,0.956273756,-0.194491095,0.022212434,0.068663419,-0.010093015,0.010538619,-0.046142075,0.028975794,1.005466985,0.097596672,0.006870168,-0.001908773,47019.360357177,54903.621854679,54136.807463953,49305.864268212,-0.365408002,-1.041774313,0.566917202,1.057864086,-0.198679284,0.019437398,0.019316612,0.145081421,-0.004943621,-6.896222278,-3.561200586,-1.093125818,-0.059816868,0.031588157,-0.007648552,0.997675008,0.270392518,-0.962706027,0.666206716,0.0,0.0,0.0,0.86058265,0.0,3.663343191
1772729821.363736,-0.335437,-1.048748,0.567654,-0.05081951,0.05253948,-0.01196025,0.99725319,-0.103355,0.103761,-0.029357,0.960372769,-0.185730655,0.022860123,0.071197006,-0.007988666,0.023316112,-0.043506896,0.018945165,1.006940166,0.061885665,-0.009908066,-0.009397866,47062.953192043,54192.577324145,54024.02852685,50203.542166168,-0.354909693,-1.043981599,0.567150952,1.062019176,-0.186907213,0.019066137,0.021692679,0.136028995,-0.004100562,-6.821493225,-3.552329382,-1.095000709,-0.059166602,0.031506895,-0.007690092,0.997711752,0.280456806,-0.959836085,0.66655557,0.0,0.0,0.0,0.86058265,0.0,3.663343191
1772729821.3737369,-0.325833,-1.050568,0.567927,-0.05011137,0.05311895,-0.01195705,0.99725837,-0.101955,0.104941,-0.029338,0.959869194,-0.174388647,0.02280177,0.074635616,0.022007108,0.002854855,-0.043952823,0.014093516,1.005222734,0.049510178,-0.014254253,-0.002888815,47065.607286873,54794.53271028,54081.667441529,49566.38891788,-0.345866144,-1.046227968,0.567404745,1.062247436,-0.176532999,0.019023596,0.019720253,0.132759194,-0.003382809,-6.769759467,-3.531354892,-1.098432337,-0.058717307,0.031322556,-0.007745052,0.997748222,0.291288564,-0.956545253,0.66693296,0.0,0.0,0.0,0.86058265,0.0,3.663343191
1772729821.3837368,-0.316187,-1.052316,0.56819,-0.04953997,0.05353743,-0.01170058,0.99726758,-0.100796,0.10582,-0.028807,0.961075314,-0.163355342,0.022703946,0.106613287,0.027067252,-0.010171946,-0.041955936,0.012750492,1.005561274,0.071862965,-0.014491362,0.002344762,47440.61742657,54773.431117119,53870.612510753,49550.439043874,-0.333486139,-1.048378602,0.567645408,1.068211364,-0.163095521,0.018506785,0.019662169,0.12895736,4.0422e-05,-6.718812501,-3.499495637,-1.100453235,-0.058276311,0.031042743,-0.007792925,0.997782435,0.302512947,-0.953038719,0.667324953,0.0,0.0,0.0,0.86058265,0.0,3.663343191
1772729821.393736,-0.306542,-1.053918,0.568422,-0.04866256,0.05348709,-0.01150605,0.99731575,-0.099009,0.105764,-0.028318,0.96319548,-0.153086568,0.022783627,0.127856768,0.007370144,-0.019486268,-0.04335218,0.03321581,1.006674674,0.098917579,-0.008129349,-0.009604121,47508.061011304,54807.194867784,53724.98475979,49629.785022204,-0.321399835,-1.050569629,0.567889621,1.07161812,-0.149775052,0.01836218,0.019728753,0.151315615,-0.003947341,-6.665594003,-3.470955505,-1.098681398,-0.057816216,0.030789716,-0.007806458,0.997816557,0.313607049,-0.949547253,0.667712662,0.0,0.0,0.0,0.86058265,0.0,3.663343191
1772729821.403737,-0.296907,-1.055377,0.568616,-0.04840946,0.05360122,-0.01176769,0.99731888,-0.098532,0.105974,-0.028828,0.966892395,-0.144002507,0.022832695,0.13703039,-0.008138927,-0.015220648,-0.040503973,0.015340814,1.01061258,0.100533498,-0.011231788,-0.005627239,47364.446484827,54696.677374189,53877.479199763,49764.631384798,-0.310809248,-1.052397462,0.568149428,1.074537039,-0.138400932,0.018418099,0.020905191,0.136717729,0.001625794,-6.605878833,-3.44795816,-1.101264232,-0.057297811,0.030586677,-0.007856604,0.997854632,0.323875952,-0.946090474,0.668073862,0.0,0.0,0.0,0.86058265,0.0,3.663343191
1772729821.4137375,-0.287419,-1.056615,0.568783,-0.0476921,0.05327451,-0.01280042,0.99735823,-0.097186,0.105241,-0.03079,0.970813979,-0.135105199,0.022655305,0.12363656,-0.035368067,-0.022208109,-0.045066492,0.011740664,1.012217231,0.112924789,-0.017435057,-0.00468473,47837.288030888,54563.792277992,53449.5997426,49915.547490347,-0.299605121,-1.054214319,0.568434966,1.077591243,-0.1266108,0.018737717,0.018762852,0.124195235,0.005144155,-6.528199922,-3.420063992,-1.104822282,-0.056623181,0.030340202,-0.007922252,0.997898937,0.335026932,-0.942196142,0.668467555,0.0,0.0,0.0,0.86058265,0.0,3.663343191
1772729821.4237373,-0.27748,-1.058072,0.569088,-0.04683488,0.05293019,-0.01225907,0.99742398,-0.095392,0.10463,-0.029579,0.975281466,-0.127331862,0.023370263,0.12557483,-0.043636097,-0.011557322,-0.050002687,0.010680723,1.009137884,0.133684512,-0.008412435,-0.000153195,47707.304952215,54969.893462207,53758.968614248,49310.611099044,-0.289074833,-1.055985978,0.568704978,1.077890975,-0.115233359,0.018810011,0.010632126,0.126100355,0.000745448,-6.446512167,-3.386618768,-1.10700105,-0.055914525,0.030044356,-0.007979354,0.997946378,0.346116649,-0.938178471,0.668860718,0.0,0.0,0.0,0.86058265,0.0,3.663343191
1772729821.4337375,-0.267722,-1.059311,0.569332,-0.04657988,0.05252211,-0.01200452,0.99746059,-0.094836,0.103846,-0.029001,0.979362511,-0.119633642,0.024495051,0.116187972,-0.03602149,0.015645293,-0.045377624,0.018852284,1.005529082,0.123602425,-0.018276829,0.005899722,47520.099538068,55330.796890754,53943.465073745,48922.151874692,-0.277707593,-1.057656801,0.568996709,1.079710185,-0.103611567,0.018842018,0.013516608,0.134443686,-0.002562176,-6.340410651,-3.355921036,-1.10694535,-0.054993525,0.029769584,-0.008021546,0.998004866,0.357178858,-0.934025629,0.669254593,0.0,0.0,0.0,0.86058265,0.0,3.663343191
1772729821.4437375,-0.257919,-1.060467,0.569568,-0.04584988,0.05315669,-0.01206516,0.99746007,-0.0934,0.105131,-0.029108,0.983045343,-0.112135888,0.026094159,0.099521735,0.005063204,0.049549772,-0.03997354,0.010160306,1.006198189,0.096457968,-0.007882808,0.009244558,47430.601730485,54515.481698595,53989.689216123,50030.547799376,-0.267083503,-1.058665714,0.569190107,1.085184133,-0.093130868,0.018597152,0.012749143,0.133559303,-0.002072584,-6.261645456,-3.336602884,-1.10375246,-0.054310239,0.029594302,-0.008023437,0.998044891,0.366560918,-0.930383938,0.669590085,0.0,0.0,0.0,0.86058265,0.0,3.663343191
1772729821.453738,-0.248121,-1.061505,0.569801,-0.04529624,0.05257871,-0.01212721,0.99751524,-0.092271,0.103985,-0.029119,0.982747402,-0.099788615,0.024258939,0.061999186,0.004769375,0.051552412,-0.042275315,0.003782056,1.008914043,0.048968694,-0.011702272,0.012050163,47319.842024936,54647.025773861,54086.724075666,49722.751160791,-0.258815484,-1.059902874,0.569449839,1.085223337,-0.08523372,0.018774017,0.010218747,0.128220418,0.000250046,-6.188710161,-3.309469267,-1.098349958,-0.053679019,0.029350335,-0.008008054,0.99808454,0.375181939,-0.926939431,0.669899567,0.0,0.0,0.0,0.86058265,0.0,3.663343191
1772729821.4637372,-0.238286,-1.062438,0.570038,-0.04495099,0.05230804,-0.01177329,0.99754933,-0.09153,0.103486,-0.028347,0.98110688,-0.085944449,0.021260044,0.065367488,-0.062728247,0.019105914,-0.046095609,0.01167704,1.009541625,0.03030234,-0.034959222,0.014904976,47948.555797988,54310.405247193,53699.922196796,50003.975147677,-0.247281963,-1.060902869,0.569682895,1.090226853,-0.074125209,0.019051068,0.007688652,0.12288217,0.0025724,-6.146223092,-3.289751406,-1.093048833,-0.053312211,0.029173159,-0.007982013,0.998115061,0.384683749,-0.92296062,0.670242972,0.0,0.0,0.0,0.86058265,0.0,3.663343191
1772729821.4737372,-0.228444,-1.063286,0.570311,-0.04490367,0.05272832,-0.01145927,0.99753299,-0.091418,0.104357,-0.027752,0.984740508,-0.077204464,0.021476827,0.063621609,-0.126056549,0.011863909,-0.042235008,0.022636658,1.010393762,0.030128349,-0.040843229,0.015539807,47401.573642465,54934.29371568,54165.161025015,49227.5571446,-0.236795764,-1.061887968,0.569930202,1.093093551,-0.06418083,0.019135551,0.015228619,0.127840913,0.002979461,-6.110508303,-3.270360399,-1.084953194,-0.053005048,0.028998023,-0.007929695,0.998138799,0.394710219,-0.918688104,0.670606279,0.0,0.0,0.0,0.86058265,0.0,3.663343191
1772729821.4837368,-0.218565,-1.064051,0.57054,-0.04471131,0.05269738,-0.01130392,0.99754504,-0.091014,0.104314,-0.027417,0.986123551,-0.068453795,0.022234462,0.075116667,-0.152240383,0.002322753,-0.045093868,0.028213744,1.013735931,0.032797183,-0.031292805,0.018741655,47503.484566439,54422.916747318,54186.10804522,49916.261577744,-0.22744419,-1.063045435,0.570248234,1.092025673,-0.055394476,0.019619026,0.012979596,0.137066249,0.005330456,-6.088463933,-3.250181203,-1.073814531,-0.052817759,0.028815596,-0.007847642,0.998154977,0.404736211,-0.914415791,0.670969568,0.0,0.0,0.0,0.86058265,0.0,3.663343191
1772729821.4937375,-0.20882,-1.064491,0.570595,-0.04441661,0.05011993,-0.01174649,0.99768591,-0.090371,0.099127,-0.028032,0.988329866,-0.060679098,0.023716437,0.069815761,-0.131269458,-0.019828371,-0.045048929,0.016227503,1.017002831,0.030194146,-0.026879556,0.012822261,47100.116117209,54793.462924449,54379.58670181,49561.262792661,-0.215717015,-1.063667199,0.570483922,1.095790482,-0.04413187,0.020669091,0.011360409,0.130808039,0.00833547,-6.068739689,-3.227317743,-1.063374955,-0.052650722,0.028610297,-0.007772279,0.998169817,0.41277002,-0.910825499,0.67126289,0.0,0.0,0.0,0.86058265,0.0,3.663343191
1772729821.5037367,-0.198816,-1.065184,0.570909,-0.04327994,0.04906099,-0.01195277,0.99778605,-0.088069,0.097022,-0.028236,0.991829753,-0.053983152,0.025751307,0.054289614,-0.097518172,-0.030686485,-0.043478669,0.007885439,1.017457175,0.041137015,-0.031003929,0.007658157,47867.093430376,54402.385456411,53706.658982334,49894.491487383,-0.203984663,-1.064287334,0.570719333,1.099568992,-0.032863735,0.02172053,0.011700697,0.11670341,0.011341211,-6.036179989,-3.195003893,-1.052834013,-0.052372719,0.028321797,-0.007703405,0.998190532,0.423859329,-0.905727378,0.671669693,0.0,0.0,0.0,0.86058265,0.0,3.663343191
1772729821.5137372,-0.188835,-1.065789,0.571292,-0.04369319,0.04996192,-0.0116912,0.99772643,-0.088906,0.098836,-0.027835,0.995811323,-0.047891499,0.028558982,0.02329972,-0.038826605,-0.021347059,-0.044815767,0.011942178,1.015890218,0.06302348,-0.031769736,0.008565981,48219.594459205,54554.922035868,53356.126231595,49624.140650947,-0.192503955,-1.064876773,0.570971475,1.102789331,-0.02199384,0.022828105,0.015985278,0.129473649,0.008934142,-5.991535747,-3.151687613,-1.047169648,-0.051989197,0.027938904,-0.007684837,0.99822022,0.435286697,-0.900267235,0.672091885,0.0,0.0,0.0,0.86058265,0.0,3.663343191
1772729821.5237374,-0.17899,-1.066135,0.571528,-0.04311308,0.05022656,-0.01186472,0.99773633,-0.087768,0.099366,-0.028149,0.999595184,-0.041579624,0.030731828,0.00166455,0.020575552,0.006619999,-0.044579003,0.017182002,1.005177887,0.067782786,-0.028702691,-0.00129965,48089.060893566,54922.489046058,53411.639468691,49289.760048301,-0.182497887,-1.065507417,0.571295262,1.103185652,-0.013001657,0.023863909,0.016853513,0.137583198,0.002140097,-5.94689257,-3.108372365,-1.041505418,-0.051605685,0.027556021,-0.007666269,0.998250744,0.444760009,-0.89559937,0.672443908,0.0,0.0,0.0,0.86058265,0.0,3.663343191
1772729821.5337374,-0.168916,-1.066509,0.571822,-0.04406584,0.05008769,-0.01206269,0.99769931,-0.089697,0.099044,-0.028628,1.002092642,-0.033797701,0.03142435,-0.012386343,0.051118257,0.027098836,-0.043901388,0.018172202,0.996749261,0.069038269,-0.027946976,-0.011259133,47905.522779833,54986.047224792,53525.363714154,49287.0,-0.172924209,-1.066054064,0.571630363,1.103300298,-0.004698137,0.023944681,0.011737061,0.122805446,-0.006714337,-5.890863635,-3.073069652,-1.040637826,-0.051121018,0.027244341,-0.007688068,0.998285601,0.454200925,-0.890886247,0.672795655,0.0,0.0,0.0,0.86058265,0.0,3.663343191
1772729821.5437376,-0.158847,-1.066829,0.57213,-0.04370138,0.05018044,-0.01169573,0.99771505,-0.088931,0.099272,-0.027865,1.003028288,-0.023432715,0.029369861,0.009712959,-0.006318581,0.031260726,-0.042192629,-0.004789228,1.003318302,0.047982237,-0.042883482,-0.019297981,47787.515014011,54856.061208233,53601.702365542,49448.85074181,-0.160062784,-1.066189387,0.571939434,1.108079113,0.006667619,0.023232559,0.007867568,0.098139428,-0.00274217,-5.834765802,-3.027130244,-1.047902444,-0.050634791,0.026843536,-0.007785074,0.998320894,0.464074967,-0.885754757,0.673166608,0.0,0.0,0.0,0.86058265,0.0,3.663343191
1772729821.5537376,-0.148833,-1.067035,0.572456,-0.04360991,0.05002928,-0.01151323,0.99772877,-0.088724,0.098989,-0.027476,1.005134195,-0.015900112,0.029900203,0.043610642,-0.04014989,0.024723979,-0.053305968,-0.000265677,1.009711336,0.032005255,-0.061151578,-0.009915598,47715.920584344,54643.664400222,53650.028605567,49703.607587374,-0.147999173,-1.06633463,0.572258489,1.109788868,0.017360527,0.022765788,-0.004669388,0.099124474,0.003051489,-5.781963461,-2.972780505,-1.055090312,-0.050178061,0.026369625,-0.00788419,0.998355895,0.474691327,-0.880121866,0.673567207,0.0,0.0,0.0,0.86058265,0.0,3.663343191
1772729821.563738,-0.138781,-1.067142,0.572727,-0.0430031,0.04972225,-0.01118242,0.99777422,-0.087461,0.09842,-0.026724,1.006348765,-0.008301989,0.030769843,0.049541547,-0.031180813,0.030252396,-0.052005095,0.01203791,1.016228288,0.028284672,-0.081581129,-0.004670378,47688.000529942,55191.498145204,53675.987714988,48949.13894108,-0.136541076,-1.066489747,0.572614583,1.110350062,0.02728387,0.02341331,0.000532543,0.11160644,0.009547301,-5.745317265,-2.900821583,-1.056020706,-0.049865154,0.025740578,-0.007932344,0.998388531,0.48515856,-0.874419851,0.673964543,0.0,0.0,0.0,0.86058265,0.0,3.663343191
1772729821.5737383,-0.128741,-1.06716,0.573051,-0.04306529,0.04986874,-0.01134553,0.99776238,-0.087607,0.098697,-0.027071,1.005970715,0.001136365,0.030576234,0.057139956,-0.018227523,0.016799017,-0.045282084,0.016543312,1.015445784,0.016071367,-0.094836191,-0.005378642,47476.166529643,55561.196583539,53942.178283244,48417.157059773,-0.127537572,-1.066844282,0.572986088,1.107942077,0.03455022,0.024735396,0.003720613,0.112460417,0.004737227,-5.717520787,-2.834237533,-1.053835146,-0.04962952,0.025157587,-0.007948644,0.998414494,0.494197437,-0.869343882,0.674310083,0.0,0.0,0.0,0.86058265,0.0,3.663343191
1772729821.5837388,-0.11864,-1.067113,0.573324,-0.04244609,0.04920029,-0.01125948,0.99782307,-0.086331,0.097384,-0.026777,1.00781485,0.009707624,0.030141307,0.026332714,-0.029168008,0.005710953,-0.043551631,0.010982509,1.010056999,-0.009651509,-0.102192474,-0.00699221,47337.448526354,54600.522489911,53807.624434389,49666.117011129,-0.114547642,-1.066428798,0.57329199,1.113142608,0.045850902,0.02510221,0.002197034,0.111533591,0.002612191,-5.691711288,-2.75288978,-1.05057761,-0.049412711,0.02444562,-0.007961323,0.998443033,0.503621245,-0.863924318,0.674672487,0.0,0.0,0.0,0.86058265,0.0,3.663343191
1772729821.5937393,-0.108568,-1.066999,0.573677,-0.04281148,0.0496215,-0.01142588,0.99778471,-0.087096,0.098203,-0.027184,1.011307355,0.01615392,0.031453391,-0.021684794,-0.017109741,0.021349973,-0.047237838,0.012814023,1.008486645,-0.030824147,-0.075695943,-0.015079008,47562.642392753,54629.52509453,53649.693887544,49657.098963576,-0.10534122,-1.066336409,0.573579563,1.113997927,0.053392963,0.025483227,0.000628412,0.111800086,0.002294882,-5.685861602,-2.686150958,-1.051043172,-0.04936768,0.02386392,-0.007995692,0.998465957,0.513437068,-0.858070212,0.675053452,0.0,0.0,0.0,0.86058265,0.0,3.663343191
1772729821.6037395,-0.098456,-1.066776,0.57395,-0.04266635,0.04947597,-0.01099011,0.99780305,-0.086757,0.097953,-0.026283,1.011622507,0.025489166,0.029972095,-0.015022871,-0.035080339,0.00021256,-0.042280392,-0.000446235,1.011507198,-0.038580486,-0.045657405,-0.016231681,47779.370327994,55251.241146344,53570.526152337,48838.310667974,-0.093247296,-1.06632527,0.574035902,1.11280524,0.062896689,0.026196441,0.003502797,0.105754684,0.007370099,-5.68989608,-2.632739682,-1.053613457,-0.049407123,0.023399931,-0.008040499,0.998479018,0.523030212,-0.852302846,0.675426575,0.0,0.0,0.0,0.86058265,0.0,3.663343191
1772729821.61374,-0.088346,-1.066461,0.574264,-0.04272918,0.049203,-0.01130144,0.99781038,-0.086904,0.097379,-0.026889,1.009997059,0.0363985,0.027622812,0.024408082,-0.07061845,-0.036236325,-0.047464867,0.026137415,1.017408051,-0.025948208,-0.047397914,-0.001648486,47623.622814968,55027.352583193,53659.098277871,49120.355755535,-0.083106299,-1.065988617,0.574340322,1.114144094,0.071299114,0.026926038,0.000414425,0.119471505,0.009373043,-5.693930654,-2.579327134,-1.056183803,-0.049446568,0.022935931,-0.008085306,0.998483781,0.531689251,-0.846927649,0.675766315,0.0,0.0,0.0,0.86058265,0.0,3.663343191
1772729821.62374,-0.078179,-1.0661,0.574538,-0.04302513,0.0484655,-0.01105795,0.99783649,-0.087449,0.095917,-0.026363,1.010489309,0.045417662,0.027194179,0.047577324,-0.092476979,-0.071411428,-0.055945576,0.020391524,1.013451094,-0.03837877,-0.025631473,-0.004664799,47751.037377162,54345.325580397,53496.220486633,49866.268720766,-0.073527777,-1.065502882,0.574603749,1.116420068,0.079403255,0.027684056,-0.008303613,0.120986995,0.006116368,-5.697965036,-2.525917131,-1.058754026,-0.049486011,0.022471953,-0.008130111,0.998487989,0.539684014,-0.841856995,0.676081886,0.0,0.0,0.0,0.86058265,0.0,3.663343191
1772729821.63374,-0.068023,-1.06567,0.574884,-0.04327653,0.04878663,-0.01130291,0.99780722,-0.087989,0.096531,-0.026907,1.013406619,0.051894377,0.028295268,0.056843352,-0.095035177,-0.091006624,-0.048612028,0.000824239,1.012766505,-0.070413571,0.005730372,-0.002870748,48171.174190297,54103.812135113,53121.335835418,50022.800615096,-0.064075079,-1.064857499,0.574854412,1.119687467,0.087575744,0.028282892,-0.005051626,0.101816807,0.007801145,-5.706514067,-2.495981843,-1.060796119,-0.049562797,0.02221261,-0.008159275,0.998489682,0.547302987,-0.836929189,0.676384319,0.0,0.0,0.0,0.86058265,0.0,3.663343191
1772729821.6437404,-0.058082,-1.064911,0.574975,-0.04128507,0.04725471,-0.01291209,0.9979458,-0.084086,0.093385,-0.029807,1.017150115,0.056710369,0.031019183,0.013388501,-0.074155358,-0.080834119,-0.052036599,-0.000553008,1.012220864,-0.063890395,-0.008167511,-0.001521498,48159.973578042,54679.934679695,53131.268837014,49279.506168233,-0.056655021,-1.064472304,0.575097366,1.120595359,0.09367263,0.028852633,-0.006590179,0.104053648,0.010667105,-5.722966689,-2.478274482,-1.062744469,-0.049707375,0.022060339,-0.008180805,0.998487719,0.553445954,-0.832876648,0.676629671,0.0,0.0,0.0,0.86058265,0.0,3.663343191
1772729821.65374,-0.047877,-1.064351,0.575381,-0.04187227,0.04703566,-0.01288246,0.99793206,-0.085254,0.092932,-0.029784,1.022252859,0.061208877,0.033711551,-0.054749038,-0.047916468,-0.022760413,-0.05261435,-0.000143217,1.010761267,-0.056902043,-0.039182071,0.001842845,47300.392765816,55019.251676982,53880.545417485,48997.654967943,-0.0483159,-1.064098751,0.575318979,1.118500879,0.10052325,0.028966524,-0.00552244,0.099736324,0.006866036,-5.745462663,-2.465731651,-1.064424054,-0.049904201,0.021953385,-0.008196615,0.99847861,0.560659736,-0.828035222,0.676919236,0.0,0.0,0.0,0.86058265,0.0,3.663343191
1772729821.6637397,-0.037473,-1.063835,0.575802,-0.04277736,0.04730163,-0.01253369,0.99788554,-0.087049,0.093467,-0.029193,1.023840837,0.068754358,0.035021673,-0.114793444,-0.020715524,0.005290855,-0.048746542,-0.001745947,1.008660471,-0.062135579,-0.069905213,0.006395659,47219.564688878,54679.877379585,53958.264722233,49382.624590792,-0.042469818,-1.063769616,0.575514859,1.118721464,0.105184724,0.029207106,-0.006509629,0.100630422,0.003784301,-5.760886934,-2.450410821,-1.065053045,-0.050039864,0.02182127,-0.008205885,0.998475346,0.565769691,-0.824549365,0.677125414,0.0,0.0,0.0,0.86058265,0.0,3.663343191
1772729821.6737392,-0.027226,-1.063138,0.576165,-0.04363758,0.047514,-0.01243105,0.99783949,-0.088775,0.093876,-0.029087,1.02505764,0.076153045,0.035982901,-0.169352635,-0.011833033,0.030142582,-0.052628833,0.005032019,1.008430771,-0.08731431,-0.06716351,0.004801991,47183.405856908,54385.675085765,54015.13672749,49693.2211505,-0.03716231,-1.063449398,0.575705931,1.119494616,0.109374595,0.029485059,-0.009996226,0.107855643,0.003793965,-5.775536468,-2.427499037,-1.06365264,-0.050169836,0.021622071,-0.008201015,0.998472445,0.569897569,-0.821708245,0.677292453,0.0,0.0,0.0,0.86058265,0.0,3.663343191
1772729821.6837387,-0.017,-1.062308,0.576495,-0.04469277,0.0469803,-0.01178592,0.99782589,-0.090814,0.092836,-0.027843,1.02499311,0.084875411,0.036094343,-0.184013753,-0.003052006,0.042711323,-0.055912724,0.00825982,1.007395442,-0.102701692,-0.065644938,0.007462384,47599.764414392,54549.021097466,53860.826878139,49250.449195379,-0.036589053,-1.063414812,0.575726569,1.119578123,0.109827138,0.02951508,-0.013052284,0.11000245,0.002032232,-5.78978924,-2.400697701,-1.061212446,-0.050296894,0.021388498,-0.0081889,0.998470954,0.574839919,-0.818250659,0.677493521,0.0,0.0,0.0,0.86058265,0.0,3.663343191
1772729821.6937387,-0.00677,-1.06136,0.576829,-0.0453432,0.04715149,-0.01152866,0.99779147,-0.092102,0.093184,-0.027405,1.02405356,0.094463552,0.034992263,-0.150424957,-0.026557526,0.030982754,-0.057791308,0.003149517,1.004467888,-0.095092917,-0.066999055,0.020114394,47698.047269446,54863.072684965,53824.639699877,48762.402146453,-0.035281724,-1.063325806,0.575773462,1.119748654,0.110862913,0.029549049,-0.015571611,0.107938991,-0.001065118,-5.808179615,-2.378751514,-1.057886236,-0.050459718,0.021197123,-0.00816626,0.998467529,0.579591764,-0.814904647,0.677687256,0.0,0.0,0.0,0.86058265,0.0,3.663343191
1772729821.7037387,0.003298,-1.060249,0.577113,-0.04543059,0.04686827,-0.01246618,0.99778957,-0.092355,0.092529,-0.029265,1.02303258,0.104525294,0.033747021,-0.113260816,-0.081427229,0.039614432,-0.056674885,0.002725389,1.004239843,-0.086532155,-0.076428013,0.02370189,47625.94466711,55257.84439168,53851.727970368,48250.115148637,-0.032160877,-1.063113331,0.575885405,1.120155744,0.113335506,0.02963014,-0.013873897,0.106715835,-0.000697625,-5.826845735,-2.357129032,-1.054500977,-0.050624926,0.021008561,-0.008142917,0.998463513,0.581631908,-0.813439516,0.677770987,0.0,0.0,0.0,0.86058265,0.0,3.663343191
1772729821.7137387,0.013689,-1.059321,0.577549,-0.04637761,0.04638079,-0.01174317,0.99777755,-0.094172,0.091594,-0.027857,1.023071877,0.112206226,0.034046381,-0.09115037,-0.099491085,0.043014845,-0.054311428,0.004252449,1.005135797,-0.077575012,-0.089219102,0.023515183,47565.731392203,55564.143813074,53874.798675325,47853.043215471,-0.029040031,-1.062900856,0.575997349,1.120562834,0.1158081,0.02971123,-0.012176184,0.105492679,-0.000330131,-5.839943898,-2.339432314,-1.05017334,-0.050741415,0.020853378,-0.008110705,0.998460491,0.583672051,-0.811974386,0.677854719,0.0,0.0,0.0,0.86058265,0.0,3.663343191
1772729821.7237387,0.023969,-1.058157,0.577878,-0.0467361,0.04601908,-0.01100629,0.99778597,-0.094811,0.090931,-0.026377,1.020756043,0.124402411,0.031440007,-0.0199327,-0.138495256,0.016378836,-0.05194797,0.005779509,1.006031751,-0.068617869,-0.102010191,0.023328475,47578.021083044,55330.925493857,53873.369641506,48158.570645915,-0.025831124,-1.062677243,0.576111553,1.12097215,0.118358447,0.029777922,-0.01047847,0.104269523,3.7362e-05,-5.850048029,-2.32384658,-1.045338964,-0.050831706,0.020716145,-0.008073724,0.998459018,0.585712195,-0.810509256,0.67793845,0.0,0.0,0.0,0.86058265,0.0,3.663343191
1772729821.7337384,0.034218,-1.056929,0.578233,-0.04715386,0.04524088,-0.01082127,0.99780393,-0.095606,0.089381,-0.025968,1.021635512,0.13423925,0.030200126,0.059196339,-0.237400829,-0.006142042,-0.049584569,0.007306533,1.006927684,-0.05966094,-0.114800975,0.023141773,47590.310480876,55097.712735004,53871.940641759,48464.090792011,-0.02202423,-1.062377993,0.576241105,1.12139657,0.121436801,0.029746822,-0.008780797,0.103046396,0.000404847,-5.860151919,-2.308261218,-1.040504702,-0.050921995,0.020578915,-0.008036744,0.998457544,0.588196675,-0.808712064,0.678040666,0.0,0.0,0.0,0.86058265,0.0,3.663343191
1772729821.7437384,0.044229,-1.055347,0.578377,-0.04602409,0.04321481,-0.01106562,0.99794379,-0.09329,0.085337,-0.026162,1.022814107,0.142294638,0.030222795,0.122930291,-0.274082282,-0.031180227,-0.049242182,0.012778313,1.006439938,-0.06127247,-0.119671063,0.022453734,47602.600171717,54864.494415787,53870.51160794,48769.618222455,-0.018217244,-1.062078736,0.576370661,1.121821001,0.124515229,0.029715722,-0.009399543,0.113694128,-0.001316804,-5.87025605,-2.292675484,-1.035670326,-0.051012287,0.020441681,-0.007999763,0.99845607,0.592461824,-0.805584149,0.678216958,0.0,0.0,0.0,0.86058265,0.0,3.663343191
1772729821.7537377,0.054477,-1.053987,0.57881,-0.04611263,0.04332348,-0.01165794,0.99792825,-0.093522,0.085496,-0.027366,1.021573371,0.149924988,0.031906305,0.141406702,-0.231887356,-0.087114375,-0.051542769,0.02331443,1.004193179,-0.076973123,-0.113849237,0.021171577,47681.003079982,54887.018596854,53826.437903273,48711.049747558,-0.012333365,-1.061574607,0.576568346,1.12242946,0.129351715,0.029747161,-0.010210646,0.125166876,-0.001920745,-5.889595654,-2.230593498,-1.020555365,-0.051188835,0.019895354,-0.00789256,0.99845815,0.597496971,-0.801859041,0.678425728,0.0,0.0,0.0,0.86058265,0.0,3.663343191
1772729821.7637377,0.064735,-1.052284,0.578998,-0.04415518,0.04073028,-0.01231327,0.9981181,-0.089555,0.080306,-0.028272,1.026610342,0.151853583,0.036783524,0.069556719,-0.172240845,-0.069222528,-0.04364619,0.005163208,1.013650647,-0.064512601,-0.116770919,0.028172968,48012.054249295,54807.782606669,53523.764523571,48734.626779764,-0.000429057,-1.060349324,0.576940416,1.124182227,0.139525014,0.030030081,-0.006482007,0.112525176,0.008425358,-5.916608129,-2.161692067,-1.004357187,-0.051432867,0.019289605,-0.007777873,0.998458875,0.604429856,-0.796651547,0.67871476,0.0,0.0,0.0,0.86058265,0.0,3.663343191
1772729821.773738,0.075207,-1.051008,0.57953,-0.04446376,0.03912248,-0.01195551,0.99817307,-0.09009,0.077115,-0.027431,1.028829109,0.156949722,0.039357982,-0.06050037,-0.09745909,-0.043762725,-0.045949286,-0.004737978,1.010947101,-0.038437319,-0.106822639,0.021391344,48278.431033346,54527.269931638,53211.135954982,49022.297716132,0.017939187,-1.058270778,0.577509495,1.126900742,0.155427975,0.030789953,-0.005312809,0.097638562,0.007316191,-5.940416127,-2.091341498,-0.986086319,-0.051649241,0.01867002,-0.007646564,0.998460044,0.612486053,-0.790473763,0.679053173,0.0,0.0,0.0,0.86058265,0.0,3.663343191
1772729821.783738,0.085351,-1.049358,0.579909,-0.04524774,0.0407399,-0.01205397,0.99807194,-0.091727,0.080318,-0.027842,1.02972705,0.16265845,0.042422826,-0.167255165,-0.007697441,0.020889047,-0.053626607,-0.006673981,1.007254362,-0.03395528,-0.100106196,0.016182819,48133.123377351,54588.124431092,53305.47297267,48972.875568908,0.024905447,-1.057753325,0.577832758,1.125177741,0.160559267,0.031304304,-0.016641557,0.098429506,0.004278872,-5.953269294,-2.021828468,-0.968494809,-0.05176979,0.018057263,-0.007522756,0.998465354,0.619306196,-0.785149478,0.679341564,0.0,0.0,0.0,0.86058265,0.0,3.663343191
1772729821.7937372,0.095559,-1.047613,0.580343,-0.04656574,0.04122302,-0.01247498,0.99798631,-0.094423,0.081207,-0.028838,1.029234665,0.171328679,0.042681412,-0.224736871,0.017115976,0.094326719,-0.050035892,0.004969249,1.006284261,-0.033188245,-0.089885995,0.014468905,48239.351931389,54857.256360453,53277.210770367,48695.290843683,0.025547853,-1.05766899,0.577851769,1.125188605,0.161112391,0.031287341,-0.015066292,0.107024017,0.00126841,-5.959517793,-1.958495401,-0.954911109,-0.05183148,0.017499697,-0.007432217,0.99847249,0.626743627,-0.779223367,0.679658574,0.0,0.0,0.0,0.86058265,0.0,3.663343191
1772729821.8037374,0.106037,-1.045949,0.580765,-0.04817367,0.04008343,-0.01110707,0.99797257,-0.097501,0.079016,-0.026115,1.027694842,0.181723231,0.04183279,-0.247000079,0.006045224,0.116077835,-0.046192026,0.017136345,1.005007457,-0.040289245,-0.092490903,0.014721702,48139.810376429,54878.484242491,53383.063317284,48639.926232423,0.031440065,-1.056895469,0.578026133,1.125288246,0.166185701,0.031131756,-0.011685179,0.117976495,-0.002930313,-5.964955927,-1.909850198,-0.945690615,-0.051884153,0.017072019,-0.007373185,0.998477917,0.631263684,-0.775551177,0.679852693,0.0,0.0,0.0,0.86058265,0.0,3.663343191
1772729821.8137372,0.116129,-1.043914,0.581087,-0.04934603,0.04022882,-0.01120611,0.99790833,-0.099866,0.079266,-0.026422,1.026968501,0.193836684,0.038663324,-0.197729808,-0.099425862,0.103639208,-0.044584755,0.027140792,1.0030289,-0.052034411,-0.103433351,0.01553855,48040.273567872,54899.711112327,53488.910816874,48584.564261093,0.037331996,-1.056121984,0.578200489,1.125387883,0.171258769,0.030976179,-0.008424188,0.129228897,-0.007468721,-5.969400307,-1.881700645,-0.940283032,-0.051925898,0.016824579,-0.007338234,0.998480601,0.635693945,-0.771936225,0.680043288,0.0,0.0,0.0,0.86058265,0.0,3.663343191
1772729821.8237371,0.126523,-1.042095,0.581625,-0.04910523,0.04049315,-0.00939777,0.99792819,-0.099248,0.079981,-0.022808,1.028915472,0.200366935,0.039599649,-0.183373062,-0.198863771,0.083977393,-0.046523544,0.024787989,1.004335311,-0.069056059,-0.121591149,0.01312552,47940.734386114,54920.938488264,53594.760840127,48529.200969798,0.043224068,-1.055348481,0.578374849,1.125487522,0.176331957,0.030820598,-0.010402128,0.121348141,-0.004747951,-5.973889685,-1.853423161,-0.934852837,-0.051968047,0.016576017,-0.007303137,0.998483114,0.640249151,-0.768154669,0.680240648,0.0,0.0,0.0,0.86058265,0.0,3.663343191
1772729821.8337371,0.136825,-1.04002,0.581939,-0.05046184,0.03847949,-0.00927921,0.99794129,-0.101899,0.075937,-0.02247,1.025060554,0.210852454,0.037687759,-0.16058882,-0.226798028,0.022410275,-0.051172659,0.012990203,1.008152499,-0.090110373,-0.145263529,0.008243837,47826.367417956,55050.8335564,53641.375608973,48433.917661545,0.060352634,-1.052714329,0.578887744,1.127746928,0.191404426,0.030486582,-0.014637933,0.113430942,0.000802314,-5.999261745,-1.770156056,-0.919697218,-0.05219773,0.015845198,-0.007205547,0.998484582,0.646883432,-0.762572656,0.680529657,0.0,0.0,0.0,0.86058265,0.0,3.663343191
1772729821.8437371,0.146907,-1.037733,0.582233,-0.05124595,0.03717171,-0.01017705,0.99794215,-0.103499,0.073213,-0.024189,1.021182986,0.220867868,0.037021247,-0.130609163,-0.216250016,-0.026618522,-0.057244763,0.001325874,1.007510536,-0.110134333,-0.16343751,0.007656953,47407.642715911,54910.7479326,53958.873742461,48599.875545607,0.075176497,-1.050300043,0.579293228,1.128535404,0.204576845,0.030404205,-0.027665192,0.10816987,0.001385829,-6.036368422,-1.682790138,-0.904828263,-0.052529723,0.015079478,-0.007111097,0.998480123,0.655421541,-0.755248363,0.680904641,0.0,0.0,0.0,0.86058265,0.0,3.663343191
1772729821.8537369,0.15725,-1.035598,0.582685,-0.05216352,0.03606759,-0.0098765,0.99793815,-0.105284,0.071016,-0.023537,1.020010103,0.229752045,0.035680862,-0.134625231,-0.232295837,-0.044911465,-0.055475067,0.008638776,1.007704491,-0.127171172,-0.167177472,0.010654768,46944.489125163,54725.590810172,54319.278169496,48806.417011752,0.085708244,-1.048672468,0.579680394,1.128551041,0.213268738,0.030739633,-0.033870908,0.105855962,-0.001634883,-6.08746782,-1.56779191,-0.893041536,-0.05298507,0.014075195,-0.00705511,0.998471595,0.663426761,-0.748179369,0.681260638,0.0,0.0,0.0,0.86058265,0.0,3.663343191
1772729821.863737,0.167471,-1.033296,0.583101,-0.05312126,0.03509672,-0.00987965,0.99792221,-0.107175,0.069053,-0.023505,1.018826049,0.238354598,0.035961495,-0.13094694,-0.202227953,-0.046367864,-0.050298547,0.02015715,1.008789973,-0.13817155,-0.164663223,0.012408765,47023.385621876,54715.739929433,54202.012496325,48815.579976478,0.096825156,-1.04685193,0.580112628,1.128152579,0.222653286,0.031620015,-0.031778826,0.104816727,-0.001131524,-6.144457761,-1.463770432,-0.880154506,-0.053490821,0.013166343,-0.006984572,0.998458227,0.671228708,-0.741226714,0.681608978,0.0,0.0,0.0,0.86058265,0.0,3.663343191
1772729821.8737378,0.177467,-1.030726,0.583318,-0.05279042,0.03436829,-0.01042166,0.99795961,-0.106526,0.067547,-0.024488,1.019017308,0.244779857,0.037870821,-0.092747612,-0.171190029,-0.021618769,-0.050075644,0.008640509,1.006177951,-0.136163815,-0.16783543,0.009553519,47128.660267988,54714.41849036,54061.499474944,48815.139496787,0.09705719,-1.046961577,0.580195866,1.126455034,0.222396517,0.031866325,-0.029686645,0.103777442,-0.00062814,-6.194559847,-1.383349672,-0.869408175,-0.053934407,0.012463645,-0.006923071,0.998443519,0.676035094,-0.736852665,0.681825606,0.0,0.0,0.0,0.86058265,0.0,3.663343191
1772729821.883738,0.187722,-1.028306,0.583779,-0.05310154,0.03411966,-0.00983573,0.99795758,-0.107103,0.067106,-0.023309,1.017085605,0.253830584,0.037822083,-0.064432886,-0.177420395,-0.026130881,-0.049031267,-0.006753921,1.005361598,-0.130523042,-0.174196064,0.003413878,47081.161186076,54865.928223155,54038.529935367,48636.667139131,0.097689228,-1.046991582,0.580291232,1.124894258,0.222492732,0.032064819,-0.027594564,0.102738207,-0.000124781,-6.233325555,-1.320831765,-0.860176282,-0.054277585,0.011916891,-0.006868244,0.998432031,0.680199272,-0.733025747,0.682014126,0.0,0.0,0.0,0.86058265,0.0,3.663343191
1772729821.8937376,0.197957,-1.025721,0.584111,-0.05445821,0.03207677,-0.01032337,0.9979473,-0.109793,0.062939,-0.024148,1.012890282,0.264220843,0.037210447,-0.013079827,-0.159525708,-0.065434198,-0.056746344,-0.008023003,1.007574266,-0.127840007,-0.161894861,0.000230598,46963.731800871,55087.832045702,54069.414825898,48376.253264418,0.105818226,-1.045628675,0.580622902,1.124729967,0.229247889,0.03229938,-0.033568948,0.099011491,-0.003258564,-6.282371201,-1.240312912,-0.850703826,-0.054711545,0.011213776,-0.006819178,0.998419247,0.68596404,-0.727624095,0.682277464,0.0,0.0,0.0,0.86058265,0.0,3.663343191
1772729821.9037375,0.208154,-1.023132,0.584594,-0.05416088,0.03182761,-0.0102513,0.9979722,-0.109184,0.062456,-0.023958,1.011048808,0.272577105,0.038210992,0.039355411,-0.145688198,-0.076739756,-0.068609337,-0.002604347,1.011221246,-0.126557136,-0.140756947,-0.001553211,47513.418760015,54986.505854801,53630.097152718,48526.274719586,0.116887722,-1.043559588,0.581030356,1.1238957,0.239043837,0.032316407,-0.048013752,0.111621215,0.004594015,-6.34772599,-1.126206465,-0.841601893,-0.055289721,0.01021912,-0.006788679,0.998396502,0.693476602,-0.7204698,0.682623292,0.0,0.0,0.0,0.86058265,0.0,3.663343191
1772729821.9137375,0.218085,-1.020262,0.584894,-0.05359332,0.03100332,-0.01120559,0.99801853,-0.108078,0.06072,-0.02574,1.00773241,0.281518819,0.038337177,0.065105595,-0.086211508,-0.085878044,-0.058993225,-0.007185141,1.011461759,-0.117337854,-0.133322934,0.000835546,47631.239345755,55148.613601002,53551.380554818,48235.047740124,0.127522134,-1.041577346,0.581498885,1.123195494,0.248145054,0.032321284,-0.038894526,0.106052698,0.006081914,-6.407469813,-1.021185694,-0.833980009,-0.055818067,0.009303965,-0.006768194,0.998377965,0.700850613,-0.713301084,0.682966131,0.0,0.0,0.0,0.86058265,0.0,3.663343191
1772729821.9237375,0.228139,-1.01736,0.585269,-0.05301368,0.03070796,-0.01132115,0.99805731,-0.106913,0.060132,-0.025904,1.004177784,0.291973686,0.035993741,0.095504556,-0.031702435,-0.081760768,-0.048702927,-0.006204679,1.007699646,-0.085664964,-0.122633226,0.00262794,48318.059751053,55127.125592957,53090.58216007,48089.406796706,0.143176184,-1.038325408,0.582055119,1.121462652,0.262449042,0.033303672,-0.032448785,0.10584397,0.004806443,-6.459756182,-0.938463136,-0.826452911,-0.056279765,0.008582658,-0.006739056,0.998359199,0.706646222,-0.70755036,0.683238285,0.0,0.0,0.0,0.86058265,0.0,3.663443003
1772729821.9337375,0.23821,-1.014436,0.585627,-0.05237611,0.03067909,-0.01204321,0.99808341,-0.105677,0.060015,-0.027307,1.003792022,0.300023091,0.035610446,0.09972474,-0.028137562,-0.037589158,-0.045360033,-0.00109362,1.007053263,-0.056909916,-0.11794459,-0.002249377,47682.19643095,55271.800506059,53497.984418698,47944.976694633,0.147910878,-1.037341833,0.582223356,1.12093854,0.266775399,0.033600803,-0.029611257,0.110047065,0.004060702,-6.498185007,-0.868496596,-0.818589177,-0.056619793,0.00797148,-0.006702251,0.998342085,0.712794588,-0.701356243,0.683529195,0.0,0.0,0.0,0.86058265,0.0,3.664038338
1772729821.9437375,0.248283,-1.011425,0.586022,-0.05221326,0.03015798,-0.0117597,0.99811121,-0.105316,0.059008,-0.026674,1.004342508,0.307424438,0.035543468,0.059785691,-0.111263696,-0.006767709,-0.045476718,0.004542651,1.00822372,-0.042507421,-0.123957893,-0.009321401,47452.279672276,54759.838131089,53450.172866844,48701.656037792,0.163269708,-1.033737811,0.582751713,1.121131507,0.281428303,0.033839416,-0.031014896,0.118382989,0.000325142,-6.517206144,-0.802139205,-0.809733042,-0.056790446,0.007390095,-0.006656708,0.99833758,0.719856375,-0.69410563,0.683866581,0.0,0.0,0.0,0.86058265,0.0,3.664633673
1772729821.9537375,0.258293,-1.008312,0.586356,-0.05257067,0.03077207,-0.01195418,0.99807139,-0.106065,0.060205,-0.02715,1.003811,0.314593831,0.037034049,0.026835804,-0.169085,0.015945521,-0.053178504,0.009780058,1.003358021,-0.028948223,-0.117817175,-0.004812661,47758.931862833,54897.550857296,53275.173825683,48517.084702625,0.168723305,-1.032645975,0.583009068,1.119220934,0.285989658,0.034074388,-0.039294399,0.123405834,-0.003198024,-6.531465072,-0.704088508,-0.806122491,-0.056921229,0.006534906,-0.006673118,0.998333909,0.726776287,-0.686855057,0.684200669,0.0,0.0,0.0,0.86058265,0.0,3.665229008
1772729821.9637372,0.268358,-1.005087,0.586685,-0.051971,0.02893839,-0.01160196,0.9981618,-0.104782,0.056595,-0.026214,0.999947535,0.323538362,0.036967829,-0.01977268,-0.208426211,0.004191002,-0.053231003,0.000206851,1.007004022,-0.012993524,-0.114952808,-0.005236306,47897.339788437,55423.155202328,53129.519449264,47935.538982482,0.17558045,-1.031047451,0.583253244,1.116815655,0.292159724,0.03363937,-0.044951499,0.11943043,-0.003134372,-6.536794519,-0.611046323,-0.802511665,-0.056973784,0.005722829,-0.006687698,0.998332624,0.733955436,-0.679137114,0.684552031,0.0,0.0,0.0,0.86058265,0.0,3.665824329
1772729821.9737375,0.278309,-1.001825,0.587088,-0.05180034,0.02703677,-0.01129108,0.99822755,-0.104362,0.052833,-0.025381,0.996753942,0.332237516,0.036539895,-0.042503292,-0.228953757,-0.007033598,-0.051960175,-0.003504522,1.002797297,0.005763851,-0.120713787,-0.017218705,47947.035109459,55588.836789206,53028.042296572,47718.67176098,0.196986508,-1.025709803,0.584018622,1.112924465,0.311928998,0.033740731,-0.045141153,0.114742597,-0.003837445,-6.53191078,-0.516119945,-0.801028965,-0.056937353,0.004894788,-0.006722135,0.998340282,0.74169973,-0.670703822,0.684933703,0.0,0.0,0.0,0.86058265,0.0,3.666419679
1772729821.9837368,0.288269,-0.99848,0.587488,-0.05252064,0.02580786,-0.01151199,0.99821992,-0.105779,0.050336,-0.025729,0.992594284,0.34139343,0.035421906,-0.058404414,-0.220950462,-0.032747955,-0.04607038,5.473e-05,0.99696733,0.021803683,-0.14235976,-0.023479008,48100.788283391,55752.775699851,52819.29897505,47530.625799156,0.202766781,-1.024156609,0.584224637,1.112381029,0.317342929,0.033497519,-0.042357457,0.117936686,-0.007933946,-6.50826793,-0.417749971,-0.803455569,-0.056737476,0.004037576,-0.006793038,0.998354667,0.749938744,-0.661507116,0.685345259,0.0,0.0,0.0,0.86058265,0.0,3.667014971
1772729821.9937372,0.298171,-0.995001,0.587832,-0.05310551,0.02588742,-0.0118577,0.99818287,-0.106972,0.050443,-0.026459,0.990349352,0.349116456,0.035760815,-0.086887298,-0.176693712,-0.012171496,-0.045764719,0.013280177,0.995298765,-0.000292274,-0.136430967,-0.012590435,47876.405427739,55629.942808681,53064.35667377,47651.026355847,0.219809965,-1.019484657,0.584846718,1.110344217,0.333180078,0.032281824,-0.039062981,0.121443823,-0.012192309,-6.481451541,-0.310210286,-0.808057897,-0.056510458,0.003101327,-0.006887204,0.99837077,0.757964368,-0.652281743,0.685752879,0.0,0.0,0.0,0.86058265,0.0,3.667610335
1772729822.0037365,0.308055,-0.991482,0.588157,-0.05377263,0.02525038,-0.01186979,0.99816333,-0.108289,0.049151,-0.026447,0.987485499,0.357565959,0.035104598,-0.108090792,-0.108378606,-0.006601495,-0.042962724,-0.004086023,0.99707944,-0.01245284,-0.167018635,-0.014592385,47674.771003938,55339.915489941,53183.198810367,48152.072613732,0.223448448,-1.01849093,0.585007719,1.107445715,0.336091628,0.031958557,-0.03940086,0.111062334,-0.010579927,-6.494210133,-0.147770779,-0.807233976,-0.056631557,0.001686477,-0.006960649,0.998380318,0.762968766,-0.646435216,0.686009408,0.0,0.0,0.0,0.86058265,0.0,3.668205627
1772729822.0137367,0.317935,-0.987851,0.588471,-0.05349594,0.02399046,-0.01168223,0.99821148,-0.107686,0.046662,-0.025921,0.988168483,0.363361244,0.036250229,-0.138632808,-0.054384647,0.050732034,-0.067541775,-0.007797115,0.996910028,-0.067694065,-0.141392779,-0.01677897,47596.210925645,55084.034901366,53179.130500759,48653.522003035,0.25066989,-1.01025218,0.585900427,1.103054491,0.361758699,0.029823914,-0.048335415,0.103885972,-0.003236572,-6.517234817,0.027115453,-0.804769779,-0.056842857,0.000162999,-0.007025841,0.998379509,0.775614984,-0.629904703,0.686703464,0.0,0.0,0.0,0.86058265,0.0,3.668345655
1772729822.0237367,0.32773,-0.984116,0.588839,-0.05443623,0.02377064,-0.01142567,0.99816888,-0.109552,0.046227,-0.025427,0.982708008,0.3754476,0.033649352,-0.113978825,-0.040525447,0.071179818,-0.051837681,-0.010955398,1.001442039,-0.077170214,-0.149259303,-0.007139501,47611.404423812,55305.84308438,53376.491773621,48164.008089842,0.26866225,-1.004471449,0.586571833,1.088214444,0.376475535,0.028934723,-0.057227019,0.112317195,-0.00224664,-6.540258952,0.201997516,-0.80230564,-0.057054152,-0.001360443,-0.007091031,0.998364685,0.788280443,-0.613347261,0.687398622,0.0,0.0,0.0,0.86058265,0.0,3.667428312
1772729822.0337367,0.33766,-0.980428,0.589262,-0.0552097,0.02408888,-0.01056166,0.99812828,-0.111072,0.046939,-0.023772,0.977199009,0.386747688,0.031358188,-0.07392505,-0.030018446,0.045287468,-0.054526891,-0.013092959,0.998328279,-0.07991319,-0.123590131,0.002205026,47670.407969279,54981.006083419,53344.082354283,48580.074369796,0.286634337,-0.998495192,0.587253877,1.06246308,0.389363,0.027827581,-0.062104744,0.111091372,-0.003622697,-6.544488067,0.582222025,-0.769215359,-0.057111532,-0.004689255,-0.006991361,0.998331616,0.800945901,-0.596789819,0.68809378,0.0,0.0,0.0,0.86058265,0.0,3.666510969
1772729822.0437372,0.347367,-0.976484,0.589532,-0.05560092,0.02388627,-0.01104686,0.99810618,-0.111873,0.04647,-0.024737,0.97227585,0.39800646,0.029239888,-0.015847154,-0.033166209,-0.019827659,-0.054248781,-0.012046132,1.000802161,-0.052301291,-0.081129891,0.005261773,47601.246372498,55619.984299427,53505.826698415,47786.036833098,0.304096919,-0.992638037,0.587918094,1.041432932,0.402091438,0.027034698,-0.066547028,0.104677494,-0.003070036,-6.557936224,0.875654005,-0.738759735,-0.057243827,-0.007260045,-0.006873219,0.998310366,0.813611964,-0.580231588,0.688788971,0.0,0.0,0.0,0.86058265,0.0,3.665593582
1772729822.0537367,0.357182,-0.972557,0.589873,-0.05638935,0.02450827,-0.0099677,0.99805823,-0.113421,0.047815,-0.022689,0.968164618,0.407404274,0.027317159,0.043872211,-0.077403489,-0.063538556,-0.048634552,0.000865962,1.002172595,-0.042927126,-0.037684411,0.002278824,48109.085550858,55470.061203681,53147.129917931,47948.257199702,0.318518589,-0.987439782,0.588451467,1.043196009,0.414600319,0.027368414,-0.065936292,0.102097814,-0.011544283,-6.59671875,0.901092685,-0.741722538,-0.057583216,-0.007477851,-0.006914216,0.99828984,0.82492964,-0.56521898,0.689415998,0.0,0.0,0.0,0.86058265,0.0,3.664676283
1772729822.0637372,0.366507,-0.968049,0.589889,-0.05429055,0.02286362,-0.01174914,0.99819424,-0.109247,0.044384,-0.025967,0.966413528,0.414497715,0.028834487,0.06833202,-0.11456976,-0.096154743,-0.042471276,0.014998947,1.00342976,-0.035426483,0.005866904,-0.00132521,48296.1225912,55052.777827352,52867.034291542,48671.644273058,0.330399026,-0.982915761,0.588869362,1.04598647,0.426667203,0.027121252,-0.057635138,0.128896646,-0.006885845,-6.617574412,0.907132156,-0.739217908,-0.057765055,-0.007530474,-0.006896775,0.998277537,0.830926408,-0.556362863,0.689772525,0.0,0.0,0.0,0.86058265,0.0,3.663758897
1772729822.0737367,0.376371,-0.964158,0.590372,-0.05445871,0.02254228,-0.0122043,0.99818693,-0.109594,0.043687,-0.026848,0.965629126,0.420049099,0.032589969,0.020144275,-0.10097019,-0.089300487,-0.044395782,0.001685987,1.004487359,-0.04744749,0.044746197,-0.004633246,48581.456717284,54929.057645807,52522.983363962,48967.659928426,0.341843053,-0.978473029,0.589277462,1.046034816,0.438133875,0.026877618,-0.060681711,0.124107844,-0.008812305,-6.637007843,0.892951131,-0.742396394,-0.057933812,-0.007404157,-0.006918582,0.998268712,0.836616426,-0.547770579,0.690116041,0.0,0.0,0.0,0.86058265,0.0,3.663181393
1772729822.083737,0.386052,-0.959892,0.590702,-0.05450088,0.0215685,-0.01256257,0.9982017,-0.109662,0.041702,-0.027458,0.964917431,0.426462528,0.03554238,-0.060012779,-0.026049136,-0.041191604,-0.046395911,-0.011709809,1.00452284,-0.06191109,0.075441723,-0.008934669,48790.3487075,54774.732567712,52342.807730304,49210.698876266,0.3579213,-0.971813338,0.589769296,1.043649331,0.454689806,0.026474745,-0.060296764,0.105459607,-0.004028319,-6.666295082,0.857019831,-0.756632994,-0.058187935,-0.007082139,-0.007026266,0.998256489,0.84422404,-0.535834302,0.690587915,0.0,0.0,0.0,0.86058265,0.0,3.662885479
1772729822.093737,0.39567,-0.95562,0.591043,-0.0550173,0.02152407,-0.01191151,0.99818231,-0.110669,0.041671,-0.026174,0.961066515,0.43663542,0.034504967,-0.096285235,-0.028496714,-0.022530658,-0.047580995,-0.012761144,0.999573421,-0.077113692,0.051525575,-0.016623684,48511.002941685,54898.204014535,52570.697352483,49189.95673992,0.367506041,-0.967719641,0.590007736,1.040672291,0.464559414,0.025878008,-0.061963275,0.105620646,-0.005239001,-6.704296771,0.830427922,-0.774140509,-0.058518552,-0.006839149,-0.007167477,0.998240161,0.852238279,-0.522995625,0.69109242,0.0,0.0,0.0,0.86058265,0.0,3.662589573
1772729822.103737,0.405313,-0.951247,0.591507,-0.05638471,0.02229992,-0.01239914,0.99808303,-0.113455,0.043129,-0.027294,0.956786363,0.446611382,0.033076935,-0.116198773,-0.019607117,0.016535192,-0.061487715,-0.007905844,0.999751675,-0.062952213,-0.023085377,-0.009781143,48456.030883762,55062.873922017,52719.697611852,48970.014078278,0.396834216,-0.954581228,0.5908692,1.032783068,0.494617791,0.024281054,-0.064831243,0.107948699,-0.002449348,-6.744441911,0.806767383,-0.792336688,-0.058868007,-0.006621176,-0.007316241,0.99820979,0.859762853,-0.510672715,0.691573714,0.0,0.0,0.0,0.86058265,0.0,3.662293659
1772729822.113737,0.414796,-0.946668,0.59175,-0.05686274,0.02250393,-0.01194246,0.9980569,-0.1144,0.043576,-0.026426,0.948200535,0.460261997,0.029710246,-0.069158254,-0.063741256,-0.002457011,-0.062756601,-0.004932853,1.005013952,-0.051435437,-0.089976581,0.002177776,48446.756246775,55167.471216923,52843.874695953,48798.948551633,0.396447479,-0.954977601,0.590946339,1.031100077,0.493042839,0.024531678,-0.067699143,0.110276697,0.000340238,-6.780543378,0.792902221,-0.807626168,-0.059182625,-0.006490273,-0.007444483,0.998198499,0.86503075,-0.501697309,0.691920631,0.0,0.0,0.0,0.86058265,0.0,3.661997753
1772729822.123737,0.424195,-0.941912,0.591951,-0.05679937,0.02220853,-0.01202321,0.99806616,-0.114267,0.042979,-0.02655,0.945603058,0.466601183,0.031074233,-0.065190314,-0.076206373,0.013244526,-0.051821348,-0.00216049,1.009568671,-0.042476058,-0.138031182,0.011910407,47938.40455446,55576.926837419,53210.788103024,48317.865060989,0.403301976,-0.951896511,0.59124939,1.028535352,0.499511225,0.024530812,-0.065550514,0.115521704,-0.000246409,-6.793644733,0.834844548,-0.805935692,-0.059299067,-0.006855653,-0.007452167,0.998188801,0.869440386,-0.494015509,0.69221588,0.0,0.0,0.0,0.86058265,0.0,3.661701847
1772729822.1337376,0.433647,-0.937223,0.592237,-0.05604137,0.01929929,-0.01252621,0.99816331,-0.112676,0.037132,-0.027192,0.942797947,0.473276228,0.032265338,-0.062328921,-0.092266667,0.037687519,-0.046341568,-0.000266709,1.00537026,-0.033023543,-0.177142372,0.009463679,47848.261551874,55770.739319965,53292.446817786,48005.932432432,0.411194265,-0.948196737,0.591534984,1.025839965,0.507452027,0.024743441,-0.062701027,0.118445213,-0.001986745,-6.802677967,0.88717623,-0.798448299,-0.059380275,-0.0073148,-0.007414557,0.99818129,0.873461502,-0.486868229,0.692489254,0.0,0.0,0.0,0.86058265,0.0,3.661405926
1772729822.1437373,0.443114,-0.932579,0.592689,-0.05728142,0.02072569,-0.01182268,0.9980729,-0.115179,0.040028,-0.025998,0.939439727,0.480010772,0.03334673,-0.085034015,-0.064668893,0.064451736,-0.041235075,-0.015965749,1.001637857,-0.023856861,-0.218749562,-0.000516373,47959.695049293,55828.812284592,53156.68973256,47979.222955462,0.42003061,-0.943899738,0.591804184,1.022564492,0.516610345,0.024927455,-0.065121679,0.113295647,-0.001431813,-6.809668898,0.984547066,-0.785417212,-0.059445727,-0.008169282,-0.007351906,0.998171309,0.877673396,-0.479235369,0.692779862,0.0,0.0,0.0,0.86058265,0.0,3.661110027
1772729822.1537375,0.452466,-0.927691,0.59304,-0.05786174,0.02017759,-0.01147003,0.99805477,-0.116311,0.038959,-0.025252,0.936353768,0.488142773,0.034584843,-0.103698628,-0.052048471,0.057819849,-0.044254441,-0.003839842,0.997768038,-0.006197081,-0.232254373,-0.00184699,48103.783680194,55693.432639611,53002.038865583,48251.347324632,0.442126803,-0.932589841,0.592389978,1.015790975,0.540496176,0.023840968,-0.067542446,0.108145835,-0.000876854,-6.804619004,1.146491817,-0.768754353,-0.059408696,-0.009588874,-0.007289995,0.998160033,0.88363116,-0.468159083,0.693199073,0.0,0.0,0.0,0.86058265,0.0,3.660814114
1772729822.163738,0.461864,-0.922801,0.593369,-0.05869031,0.02063079,-0.01061135,0.99800662,-0.117952,0.039944,-0.023623,0.931463651,0.498517045,0.033702693,-0.105171529,-0.044478922,0.055206459,-0.039689536,-0.016543833,0.999298443,-0.014869417,-0.205807908,0.00549423,48197.401065707,55506.197868586,52917.244060904,48565.529230985,0.45726491,-0.924743153,0.592936176,1.00946795,0.555779374,0.023083582,-0.069963271,0.1029959,-0.000321882,-6.7980178,1.315811599,-0.751760195,-0.059358416,-0.011072976,-0.007228878,0.998146158,0.890824758,-0.45433395,0.6937186,0.0,0.0,0.0,0.86058265,0.0,3.660518193
1772729822.1737385,0.471099,-0.917731,0.593657,-0.05866604,0.0198284,-0.01074851,0.99802285,-0.117886,0.038327,-0.023801,0.925380117,0.511600332,0.030729264,-0.060370404,-0.107022211,0.020748264,-0.053163219,-0.024383962,1.003060717,-0.034003976,-0.174820292,-0.000718908,48496.72675509,55490.212282803,52708.203222089,48561.066046049,0.462922888,-0.921862207,0.593212521,1.005691813,0.560749488,0.023220516,-0.074398204,0.09710756,-0.00171182,-6.791416596,1.485131382,-0.734766037,-0.059308137,-0.012557078,-0.007167761,0.998133949,0.896268055,-0.443486636,0.694123172,0.0,0.0,0.0,0.86058265,0.0,3.660222273
1772729822.1837385,0.480299,-0.912504,0.59392,-0.05894086,0.0192369,-0.01103697,0.99801508,-0.11843,0.037105,-0.024317,0.919596778,0.524119128,0.027191945,0.031662494,-0.259150432,-0.039792571,-0.055493812,-0.024828208,0.996159484,-0.045582559,-0.144628587,-0.002732966,48714.854371361,55288.247475437,52580.229826237,48769.150745997,0.466367041,-0.920121077,0.593396743,1.002743451,0.563425572,0.023392856,-0.085432014,0.094169705,-0.010024138,-6.791729807,1.6039318,-0.72302545,-0.059315432,-0.013597943,-0.007126904,0.998121948,0.900453183,-0.434929619,0.694440677,0.0,0.0,0.0,0.86058265,0.0,3.659926366
1772729822.1937387,0.489519,-0.907259,0.594237,-0.05845369,0.01713374,-0.01103829,0.99808204,-0.117394,0.032917,-0.024053,0.916008877,0.532488969,0.026707271,0.076700109,-0.311335144,-0.052466437,-0.045948231,0.005853328,1.004056623,-0.047090527,-0.103088205,0.005830193,48736.04450917,55173.140914326,52614.655588287,48895.841787012,0.47956372,-0.912698203,0.593786741,0.996948443,0.577582364,0.02295055,-0.074291496,0.126426114,7.4433e-05,-6.801340797,1.691348785,-0.71541478,-0.05940235,-0.014362716,-0.007106945,0.998106442,0.90448673,-0.426480381,0.694752751,0.0,0.0,0.0,0.86058265,0.0,3.659630453
1772729822.2037392,0.498649,-0.901912,0.594553,-0.05870065,0.01662877,-0.01097746,0.99807676,-0.117873,0.03191,-0.023879,0.912046402,0.540607955,0.026809991,0.108093585,-0.328911849,-0.05637456,-0.046419602,-0.006520105,1.002589721,-0.031516434,-0.100993678,0.011658176,48722.573203686,55349.661468947,52687.586449012,48651.500177195,0.490697278,-0.906346029,0.594119281,0.991589654,0.589455315,0.022476095,-0.075153194,0.12102761,-0.000216664,-6.81446054,1.761878011,-0.706999842,-0.059518809,-0.014980592,-0.00707181,0.998090414,0.908891631,-0.417008262,0.695100982,0.0,0.0,0.0,0.86058265,0.0,3.659334533
1772729822.2137396,0.507733,-0.896391,0.594736,-0.05763022,0.01378935,-0.011387,0.99817781,-0.115662,0.026219,-0.024333,0.91028055,0.546210719,0.028916714,0.066689655,-0.275670183,-0.009599071,-0.047214164,-0.020282672,1.000820696,-0.015391211,-0.100171849,0.017397905,48785.279380663,55359.660330557,52689.798819813,48642.1426408,0.492504221,-0.905378363,0.594241919,0.988993152,0.590497593,0.022538423,-0.076014893,0.115629106,-0.000507762,-6.822322074,1.819248727,-0.69602602,-0.059588416,-0.015485512,-0.007006985,0.998078345,0.912282206,-0.409549842,0.695374106,0.0,0.0,0.0,0.86058265,0.0,3.659038612
1772729822.2237396,0.516801,-0.890887,0.594983,-0.05687985,0.01206894,-0.01152205,0.99824159,-0.114115,0.022787,-0.024385,0.906813608,0.552906297,0.030359741,0.002456999,-0.1804284,0.036312037,-0.047405261,-0.008160649,1.005055911,-0.020219666,-0.122521509,0.01403726,48734.00141426,55316.343547437,52746.81402475,48768.580671774,0.502309595,-0.899581583,0.594550919,0.983496794,0.600792841,0.022068749,-0.077262836,0.110916101,-0.000828244,-6.823053027,1.877956981,-0.681792086,-0.0595954,-0.016004215,-0.006913534,0.998070053,0.916643786,-0.399662495,0.695734299,0.0,0.0,0.0,0.86058265,0.0,3.658742706
1772729822.2337399,0.525915,-0.885442,0.595384,-0.05744751,0.01254132,-0.01083541,0.99821095,-0.115249,0.023795,-0.023082,0.90235628,0.560276428,0.031867824,-0.095169159,-0.053370983,0.0671602,-0.048415844,-0.0102706,1.006489399,-0.010203282,-0.137714347,0.010329567,48581.128582171,55465.256495948,52903.05129919,48610.486841006,0.511837172,-0.893799723,0.594805195,0.97798875,0.610914665,0.021729494,-0.082169792,0.114227886,-0.000469311,-6.820525778,1.953497423,-0.666222564,-0.059574384,-0.01667041,-0.006816717,0.998061368,0.921012099,-0.389413333,0.696105678,0.0,0.0,0.0,0.86058265,0.0,3.658446792
1772729822.2437391,0.534857,-0.879725,0.595699,-0.05788848,0.01235768,-0.01078345,0.99818832,-0.116126,0.023424,-0.022967,0.895979526,0.570503827,0.030845387,-0.110433737,-0.025184777,0.076679907,-0.040123361,-0.017927126,1.009394261,0.009718284,-0.128014745,0.01256528,48502.820607155,55409.832415404,52985.786261896,48667.866364117,0.521424467,-0.887932154,0.595097735,0.972425597,0.620889791,0.021865061,-0.074804525,0.101959288,0.003747892,-6.812380098,2.036338228,-0.652292357,-0.059504774,-0.017399656,-0.00673707,0.998053856,0.925046734,-0.379826046,0.696452412,0.0,0.0,0.0,0.86058265,0.0,3.658150907
1772729822.253739,0.543872,-0.874018,0.59606,-0.05951475,0.01238192,-0.00962515,0.99810422,-0.119358,0.023573,-0.020695,0.889297002,0.580862928,0.029713509,-0.114069987,-0.016099873,0.054832118,-0.045157119,-0.019324034,0.996933868,0.010803619,-0.141342731,0.014501046,48585.186780286,55363.672040534,52925.636457854,48683.504721327,0.530822148,-0.882095878,0.595434868,0.966884094,0.630570559,0.022353992,-0.079516473,0.102346104,-0.001813425,-6.796959956,2.121142615,-0.636866474,-0.059371446,-0.018147184,-0.00664416,0.998048456,0.928766915,-0.370633583,0.696782989,0.0,0.0,0.0,0.86058265,0.0,3.658064604
1772729822.263739,0.552661,-0.868106,0.596264,-0.05960133,0.01265667,-0.00971979,0.99809469,-0.119541,0.024109,-0.020919,0.881551482,0.593570613,0.025393808,-0.026564702,-0.114446777,-0.003968851,-0.044492167,-0.017958152,1.00217714,0.015954449,-0.138072914,0.015665413,48603.841983258,55377.264649066,52928.175788796,48645.085254346,0.540959619,-0.875644498,0.595811528,0.960755134,0.641042121,0.022536465,-0.082414117,0.102679293,-0.003557212,-6.778615917,2.209000972,-0.619842691,-0.059212263,-0.01892227,-0.00653823,0.998044096,0.93299409,-0.359857076,0.69716887,0.0,0.0,0.0,0.86058265,0.0,3.658064604
1772729822.273739,0.561439,-0.862149,0.596538,-0.0597208,0.01183899,-0.01006991,0.99809411,-0.119769,0.022432,-0.021523,0.875832809,0.603076469,0.023719448,0.058242726,-0.215913274,-0.041304508,-0.054343215,-0.011464013,1.001703206,0.017043195,-0.12954702,0.01348177,48947.662362852,55457.076542281,52692.592276293,48518.236835249,0.558932087,-0.863564442,0.596331839,0.949419692,0.66054263,0.022042101,-0.092679385,0.108595766,-0.00550648,-6.745089632,2.317577465,-0.597553445,-0.058920409,-0.019881322,-0.006394191,0.998043425,0.937036572,-0.34919893,0.697548836,0.0,0.0,0.0,0.86058265,0.0,3.658064604
1772729822.283739,0.570126,-0.855965,0.596667,-0.05780658,0.00908083,-0.01029242,0.99823344,-0.115872,0.01694,-0.021603,0.870771887,0.611406566,0.02332611,0.116128833,-0.257057866,-0.044752609,-0.062921687,-0.00536436,0.996045432,0.026334066,-0.119473881,0.016636077,48420.149832617,55603.069052949,53222.645563853,48231.93009528,0.562659429,-0.861131938,0.596478975,0.944590328,0.663318849,0.022002555,-0.102191237,0.111650264,-0.011237189,-6.715867283,2.403914382,-0.580022458,-0.058665755,-0.020643897,-0.006280472,0.998043364,0.940308429,-0.340285495,0.697865345,0.0,0.0,0.0,0.86058265,0.0,3.658064604
1772729822.293739,0.578898,-0.849939,0.597026,-0.05848783,0.00878026,-0.01062486,0.99819296,-0.117235,0.016287,-0.022243,0.866582295,0.619051329,0.023940796,0.142768595,-0.322014486,-0.042321501,-0.046844038,-0.013237772,1.005154328,0.029361788,-0.140753534,0.02512611,48552.03540836,55673.791231852,53192.188850945,48162.819791289,0.569886709,-0.856092888,0.596697718,0.938006921,0.670168475,0.021265112,-0.091570232,0.103413942,-0.007799144,-6.692484341,2.459188668,-0.56760121,-0.05846163,-0.021132937,-0.006196148,0.998045397,0.942950472,-0.332899966,0.698126806,0.0,0.0,0.0,0.86058265,0.0,3.658064604
1772729822.3037388,0.587479,-0.843618,0.597177,-0.05696176,0.0065428,-0.01061602,0.99829848,-0.114124,0.011854,-0.021945,0.862285263,0.62730864,0.023273837,0.137351541,-0.353103299,-0.019253331,-0.034585624,-0.013274343,1.006560058,0.030318011,-0.153582965,0.024738172,48725.278927378,55454.892986862,53090.812581723,48510.4587493,0.57957238,-0.849282026,0.596959293,0.930841148,0.680246592,0.020263646,-0.0768238,0.10081462,-0.00273913,-6.667882609,2.528032414,-0.55024978,-0.05824625,-0.021742696,-0.006075336,0.998045947,0.945402556,-0.325890794,0.698374319,0.0,0.0,0.0,0.86058265,0.0,3.658064604
1772729822.3137388,0.596147,-0.837417,0.597535,-0.0572474,0.00547336,-0.0100156,0.99829478,-0.114666,0.009781,-0.020626,0.857288483,0.634063483,0.023876091,0.109104181,-0.326582932,-0.002520878,-0.035854452,-0.021111109,0.996027792,0.011357053,-0.183234975,0.024509732,48511.004286089,55300.838149109,53284.64235939,48747.820975596,0.583352776,-0.846480297,0.597044766,0.92855636,0.684594904,0.01993598,-0.081261558,0.097871432,-0.01100102,-6.641176692,2.623367949,-0.526479324,-0.058011735,-0.022586468,-0.00591121,0.998043863,0.948382533,-0.317122542,0.698683015,0.0,0.0,0.0,0.86058265,0.0,3.658064604
1772729822.3237383,0.604611,-0.830929,0.597659,-0.05630877,0.00401604,-0.01017323,0.99835349,-0.112755,0.006873,-0.020767,0.850760718,0.642523165,0.023380151,0.082651371,-0.314406716,-0.005622731,-0.03692551,-0.027955791,0.997804855,-0.011796334,-0.191859855,0.023061154,48302.48560133,55376.08836875,53478.680039535,48667.384922953,0.600320503,-0.833940065,0.597468609,0.916968983,0.703155124,0.018467512,-0.086352343,0.108070418,-0.012408758,-6.613152165,2.735915629,-0.499086629,-0.057765284,-0.023581997,-0.005723717,0.998035909,0.951991026,-0.306101057,0.699069607,0.0,0.0,0.0,0.86058265,0.0,3.658064604
1772729822.3337383,0.613155,-0.824528,0.59793,-0.05591893,0.00118727,-0.01033118,0.99838116,-0.111915,0.001215,-0.020763,0.843566286,0.651529137,0.022794602,0.042081646,-0.240236589,-0.001836056,-0.047430165,0.009621052,1.000480675,-0.0132435,-0.182298931,0.020919333,48477.111371168,55198.167358005,53372.32299029,48969.623850022,0.60524708,-0.8303473,0.597647309,0.911760867,0.707220554,0.018044204,-0.091315042,0.119312937,-0.013149277,-6.600317696,2.839573369,-0.477218226,-0.057651548,-0.02449647,-0.005582648,0.998021771,0.954951735,-0.296703449,0.699398062,0.0,0.0,0.0,0.86058265,0.0,3.658064604
1772729822.3437388,0.621489,-0.817877,0.598072,-0.0554476,0.00080847,-0.01039155,0.99840719,-0.110963,0.000462,-0.020841,0.836394271,0.660497541,0.022272554,-0.011943945,-0.164872563,-0.001854445,-0.043907888,0.006190412,0.99999475,-0.033075468,-0.178256733,0.016007159,48837.412183426,55308.613142515,53139.904240971,48907.446950397,0.607905299,-0.828325754,0.597719637,0.909716755,0.70998259,0.017849717,-0.095274706,0.123233902,-0.01235336,-6.590469916,2.94640039,-0.455727073,-0.057563537,-0.025438148,-0.005446843,0.998005196,0.957908399,-0.28690457,0.699739238,0.0,0.0,0.0,0.86058265,0.0,3.658064604
1772729822.3537395,0.629904,-0.811393,0.598472,-0.05639855,0.00059068,-0.0099452,0.99835863,-0.112863,5.8e-05,-0.019926,0.828432161,0.670614528,0.020894328,-0.038870318,-0.090779657,0.008007925,-0.039633465,-0.029449464,1.004170958,-0.025880495,-0.153150325,0.009078688,49033.756332564,55363.244630949,53022.29288268,48887.585283603,0.615992089,-0.822114449,0.597927307,0.903386536,0.718467211,0.017221024,-0.093853574,0.090166129,-0.003244313,-6.588340489,3.046021078,-0.436462225,-0.057542713,-0.026315547,-0.005328454,0.99798443,0.960651242,-0.277705474,0.700059224,0.0,0.0,0.0,0.86058265,0.0,3.658064604
1772729822.36374,0.638071,-0.804502,0.598545,-0.0562752,-0.00018106,-0.01018122,0.99836337,-0.1126,-0.001507,-0.02031,0.822279805,0.678394178,0.021442192,-0.084971015,-0.02203948,0.032463523,-0.041599936,-0.026085121,1.004166227,-0.024826232,-0.143912407,0.004454864,49029.341805781,55403.335051615,53015.766974636,48896.358869635,0.622446821,-0.817030202,0.59807199,0.898103286,0.725398246,0.016688106,-0.095015772,0.092734955,0.002441301,-6.586646199,3.10772476,-0.425585598,-0.057526626,-0.026858468,-0.005264202,0.997968911,0.962613711,-0.270695567,0.700301872,0.0,0.0,0.0,0.86058265,0.0,3.658064604
1772729822.37374,0.64629,-0.797741,0.598821,-0.05747007,0.00142702,-0.00969975,0.99829909,-0.115026,0.001734,-0.019532,0.815661267,0.686983969,0.020495086,-0.098175952,0.031544565,0.049423915,-0.042251096,-0.023899071,1.003932441,-0.020466803,-0.130381961,-7.9851e-05,49001.068242198,55419.412176005,52986.384643853,48920.197364421,0.628096297,-0.812582245,0.598269693,0.893474377,0.731298213,0.016948296,-0.097467761,0.092986538,0.001384693,-6.58426642,3.158605185,-0.417171227,-0.05750487,-0.02730592,-0.005215814,0.997958264,0.964576085,-0.263685995,0.700544508,0.0,0.0,0.0,0.86058265,0.0,3.658064604
1772729822.3837404,0.654383,-0.790736,0.598919,-0.05670788,-0.00077545,-0.00970273,0.99834336,-0.113456,-0.002649,-0.019287,0.809969712,0.694478498,0.020794445,-0.10209298,0.035702213,0.044433961,-0.03980532,-0.024908842,1.003002235,-0.008310473,-0.108464235,-0.003850015,49025.833777668,55070.882013764,52842.947857896,49421.36518073,0.639154058,-0.803443159,0.598530258,0.885073228,0.744200537,0.016793119,-0.101443808,0.093999757,-0.004547915,-6.580993775,3.222052708,-0.409308807,-0.05747558,-0.027862569,-0.005178272,0.997945028,0.966667655,-0.255987206,0.700810454,0.0,0.0,0.0,0.86058265,0.0,3.658064604
1772729822.393741,0.662486,-0.783828,0.599212,-0.05788014,0.00092878,-0.00942855,0.99827858,-0.115837,0.000763,-0.018933,0.803439286,0.703064501,0.020455847,-0.075349395,0.07077645,0.049378301,-0.041281897,-0.017638056,0.997631381,0.008732955,-0.106721775,-0.001399157,48816.761585348,55199.230307096,53020.1238298,49383.201405699,0.647189149,-0.796791978,0.598733544,0.877929485,0.752968468,0.016656214,-0.107732007,0.102204052,-0.012549489,-6.566958898,3.28403093,-0.404915099,-0.057353301,-0.028405156,-0.005167433,0.997932361,0.969125162,-0.246521772,0.701136449,0.0,0.0,0.0,0.86058265,0.0,3.658064604
1772729822.403741,0.670512,-0.776793,0.59943,-0.0583001,0.00072203,-0.00906731,0.99825766,-0.116675,0.000384,-0.018188,0.797526343,0.709830805,0.021877371,-0.056338484,0.051598689,0.041013595,-0.057293838,-0.011719825,0.994995336,0.01949136,-0.110701262,-0.008143511,48973.177608953,55333.366759283,52996.594575165,49274.872461966,0.65076155,-0.793787079,0.598838416,0.873605815,0.756122195,0.016233601,-0.109744639,0.105200612,-0.014569936,-6.549934686,3.345597988,-0.401485291,-0.057205194,-0.02894381,-0.005164013,0.997927885,0.971507732,-0.2369578,0.701464986,0.0,0.0,0.0,0.86058265,0.0,3.658064604
1772729822.413741,0.678427,-0.769625,0.599629,-0.05854925,0.00161324,-0.00882003,0.99824425,-0.11719,0.002188,-0.017799,0.789752268,0.718771004,0.020705944,-0.030460023,0.033015144,0.033453807,-0.047894883,-0.01433979,1.000945058,0.039597725,-0.11975004,-0.003912017,49027.332215234,55780.671139064,53045.708176101,48708.88777079,0.658422459,-0.787189781,0.599016153,0.866694899,0.764527931,0.015298254,-0.104125529,0.098901603,-0.005914189,-6.5138673,3.41995913,-0.396324665,-0.056890921,-0.029595583,-0.005146594,0.997923802,0.97347602,-0.228701969,0.701747882,0.0,0.0,0.0,0.86058265,0.0,3.658064604
1772729822.423742,0.686268,-0.762355,0.599825,-0.05847907,0.00123329,-0.00909545,0.99824644,-0.117043,0.001398,-0.018304,0.782262246,0.727434707,0.019635625,0.009685741,-0.04030525,0.036204776,-0.041134386,-0.013506314,1.003666513,0.053632121,-0.138113056,-0.004543785,48942.584597372,55957.426980617,53078.610537271,48611.153219722,0.66781684,-0.778994807,0.599273798,0.858159723,0.774741914,0.014837111,-0.100570837,0.100830327,-0.004059586,-6.471417958,3.498708396,-0.390652812,-0.056520978,-0.030286105,-0.005125105,0.997926962,0.976000942,-0.217567835,0.702128461,0.0,0.0,0.0,0.86058265,0.0,3.658064604
1772729822.4337423,0.694068,-0.755034,0.600001,-0.0577857,0.00108015,-0.00855618,0.99829176,-0.11565,0.001168,-0.017209,0.773278865,0.738497888,0.016797394,0.100541409,-0.177675644,0.012997348,-0.040445754,-0.006211327,1.000115774,0.057234365,-0.171953756,-0.014638259,49271.563596649,55779.081299057,52755.789875423,48942.455053887,0.676087819,-0.771604087,0.599494145,0.850438731,0.783830205,0.014817251,-0.100725453,0.105068402,-0.007986271,-6.421823616,3.586086306,-0.387048687,-0.056089337,-0.031051032,-0.00512287,0.997930251,0.978307278,-0.207100006,0.702485768,0.0,0.0,0.0,0.86058265,0.0,3.658064604
1772729822.4437428,0.701766,-0.747652,0.600189,-0.05770275,-0.00078233,-0.00888678,0.99829395,-0.115451,-0.002588,-0.017654,0.765405062,0.747545254,0.015890264,0.160987486,-0.304105853,-0.015742406,-0.041673603,-0.006508503,1.0020883,0.080532735,-0.172070224,-0.016514147,49369.664516401,55677.988995699,52673.669828822,49135.689560671,0.683429762,-0.764879825,0.599683887,0.843400333,0.791935753,0.014489148,-0.103398829,0.094794743,-0.006104515,-6.372228092,3.673466298,-0.383444476,-0.055657685,-0.031815978,-0.005120635,0.997929141,0.980319273,-0.197351326,0.702817561,0.0,0.0,0.0,0.86058265,0.0,3.658064604
1772729822.4537432,0.709385,-0.740154,0.600352,-0.05720401,-0.0012388,-0.00828826,0.99832734,-0.114446,-0.003422,-0.016408,0.75749303,0.755937881,0.015319498,0.217411721,-0.413997966,-0.046104452,-0.042218959,-0.005065439,1.00426005,0.099328671,-0.175379332,-0.017439489,49322.62798709,55807.998324126,52711.474179132,49012.394792378,0.690261289,-0.758504774,0.599852699,0.836708088,0.799468269,0.014092834,-0.106576119,0.101945031,-0.006799926,-6.316777597,3.757967605,-0.381985358,-0.055175497,-0.032555065,-0.005132626,0.997931982,0.982073408,-0.1884459,0.703120109,0.0,0.0,0.0,0.86058265,0.0,3.658064604
1772729822.4637432,0.716907,-0.732482,0.600457,-0.05521636,-0.00506639,-0.00861956,0.99842435,-0.110402,-0.011069,-0.016654,0.749504658,0.764780255,0.01482041,0.270677205,-0.479490158,-0.089131993,-0.039350325,0.005082579,1.007428258,0.095601658,-0.194658483,-0.013609964,49256.241884427,56063.129228477,52758.768853578,48717.779343306,0.696911828,-0.752199019,0.600011773,0.830033854,0.806768116,0.013815027,-0.106461735,0.117227761,-0.005673936,-6.260833906,3.842221096,-0.380707971,-0.054689051,-0.033291927,-0.005145821,0.997934353,0.983514858,-0.180798133,0.703379533,0.0,0.0,0.0,0.86058265,0.0,3.657870343
1772729822.4737434,0.72433,-0.724775,0.60062,-0.05385599,-0.00639222,-0.00935517,0.99848443,-0.107647,-0.013773,-0.017996,0.742035381,0.771444578,0.016523559,0.277828636,-0.435143515,-0.119968058,-0.034606967,-0.012264305,1.008145155,0.106082582,-0.168854653,-0.028380272,49132.792829686,56151.744114765,52801.405245836,48707.650955958,0.702700171,-0.746630776,0.600150616,0.824070302,0.813092521,0.013642448,-0.102607881,0.098182331,-0.001292744,-6.220438062,3.901305987,-0.380856001,-0.054338086,-0.033808239,-0.005163391,0.99793507,0.985089332,-0.172040428,0.703676169,0.0,0.0,0.0,0.86058265,0.0,3.657598912
1772729822.4837434,0.731767,-0.717092,0.600809,-0.05275728,-0.0097576,-0.00972427,0.99851234,-0.105385,-0.020514,-0.018395,0.735357986,0.775972729,0.018783138,0.234619843,-0.300927072,-0.103443301,-0.035438111,-0.01820348,1.008287365,0.110693765,-0.156815133,-0.034992765,48991.419776728,55977.39526972,52798.870620111,49108.91877852,0.704797052,-0.744569649,0.600198425,0.821836704,0.815397496,0.013666966,-0.105303883,0.094031222,-0.001036646,-6.193462094,3.938667286,-0.382234185,-0.054104057,-0.03413419,-0.005184735,0.997935968,0.985546882,-0.169342734,0.703767366,0.0,0.0,0.0,0.86058265,0.0,3.657327488
1772729822.4937437,0.739058,-0.709297,0.601,-0.05164169,-0.0101397,-0.01012746,0.99856285,-0.103136,-0.021298,-0.019184,0.727681016,0.779760223,0.02145781,0.122890408,-0.080526657,-0.068557858,-0.038364742,-0.017803419,1.008442848,0.112037939,-0.153456723,-0.037164153,49027.734558344,55962.228507986,52736.281025913,49173.644536343,0.706893983,-0.742508472,0.600246235,0.819603052,0.817702526,0.013691485,-0.10859092,0.091317432,-0.001155992,-6.166485483,3.976029476,-0.383612402,-0.053870022,-0.034460149,-0.00520608,0.997937329,0.986004442,-0.166644975,0.703858565,0.0,0.0,0.0,0.86058265,0.0,3.657056057
1772729822.503744,0.746308,-0.701422,0.601192,-0.0506805,-0.01119962,-0.01064636,0.99859537,-0.10118,-0.023449,-0.020135,0.720577338,0.785592377,0.022013599,0.054587367,0.043234599,-0.024518162,-0.041291373,-0.017403358,1.008598331,0.113382113,-0.150098313,-0.039335541,49064.049339961,55947.061746252,52673.691431714,49238.370294166,0.708990914,-0.740447296,0.600294044,0.8173694,0.820007556,0.013716003,-0.111877956,0.088603642,-0.001275337,-6.139508871,4.013391666,-0.384990619,-0.053635988,-0.034786108,-0.005227424,0.99793869,0.986462003,-0.163947216,0.703949764,0.0,0.0,0.0,0.86058265,0.0,3.656784626
1772729822.5137444,0.753481,-0.693627,0.601501,-0.0512882,-0.008903,-0.0103371,0.99859071,-0.102445,-0.018842,-0.019737,0.712900253,0.792308992,0.022262453,0.033655507,0.071286405,0.016791809,-0.044218074,-0.017003287,1.008753819,0.114726319,-0.146739823,-0.04150698,49100.36498737,55931.894622922,52611.100345298,49303.097595135,0.711610991,-0.737822948,0.600346534,0.814498411,0.82291906,0.013722503,-0.114528418,0.086364472,-0.001155229,-6.112531617,4.050754746,-0.386368869,-0.053401948,-0.035112074,-0.005248769,0.997940052,0.986952437,-0.160932805,0.704051564,0.0,0.0,0.0,0.86058265,0.0,3.656513189
1772729822.5237448,0.760561,-0.685653,0.601672,-0.05142346,-0.00851987,-0.01002008,0.99859033,-0.102728,-0.018047,-0.01914,0.704083247,0.800561408,0.021139531,0.045115052,0.069581935,0.025265762,-0.049850752,-0.014710192,1.010033845,0.117896353,-0.136418534,-0.046763882,49136.680634778,55916.727499593,52548.509258882,49367.824896105,0.714677067,-0.734718475,0.600403013,0.811084066,0.826347603,0.013713637,-0.114787136,0.085908575,-0.000135542,-6.085485173,4.087908157,-0.38790659,-0.053167354,-0.035436147,-0.005271367,0.997941413,0.987495329,-0.157413039,0.704170282,0.0,0.0,0.0,0.86058265,0.0,3.656241751
1772729822.533745,0.767524,-0.677575,0.601876,-0.05128278,-0.00762877,-0.01015588,0.99860339,-0.10246,-0.016279,-0.019505,0.695281141,0.80943867,0.018749319,0.110188693,-0.043458636,0.012721191,-0.057581391,-0.010949382,1.012185758,0.122481979,-0.120698843,-0.05441299,49163.792769766,55846.650607864,52501.226508342,49511.891555924,0.717735568,-0.73161559,0.600459814,0.807668017,0.829765656,0.013697994,-0.115045848,0.085452688,0.000884121,-6.05548244,4.116099997,-0.396259632,-0.052909111,-0.035679277,-0.005347505,0.997944562,0.988038208,-0.153893357,0.704288997,0.0,0.0,0.0,0.86058265,0.0,3.65597032
1772729822.5437453,0.774509,-0.669402,0.60201,-0.04933581,-0.01149098,-0.01034629,0.99866255,-0.098489,-0.023974,-0.019538,0.685773304,0.8192873,0.015401549,0.203013132,-0.140059019,-0.037750864,-0.056968114,-0.011777696,1.013439414,0.129226536,-0.108077536,-0.05396821,49186.737415941,55751.707244381,52460.875578862,49691.888349194,0.72071226,-0.728529222,0.60052013,0.804232497,0.833070184,0.01360843,-0.11530456,0.084996802,0.001903784,-6.025479707,4.144291836,-0.404612673,-0.052650867,-0.035922407,-0.005423643,0.997948019,0.988581087,-0.150373675,0.704407712,0.0,0.0,0.0,0.86058265,0.0,3.655698889
1772729822.5537448,0.78129,-0.661268,0.602265,-0.0490341,-0.00998036,-0.00986722,0.9986985,-0.097921,-0.020904,-0.018735,0.677026947,0.82630613,0.014903919,0.260695886,-0.196951239,-0.077141585,-0.050721916,-0.01570406,1.014086568,0.137428101,-0.097548846,-0.04805929,49202.67220836,55678.705251812,52435.990004282,49829.440490779,0.723688739,-0.725443074,0.600580442,0.800797223,0.836374476,0.013518871,-0.115563253,0.084540948,0.002923374,-5.99547912,4.17248166,-0.412965117,-0.052392641,-0.03616552,-0.005499775,0.997952162,0.989123928,-0.146854245,0.704526418,0.0,0.0,0.0,0.86058265,0.0,3.655427478
1772729822.563745,0.787981,-0.652889,0.602321,-0.04748912,-0.01095447,-0.01080493,0.99875324,-0.09479,-0.02291,-0.020549,0.668400385,0.831343897,0.015475267,0.26172797,-0.143307791,-0.093162544,-0.044475271,-0.019630705,1.014733769,0.145630253,-0.087019403,-0.042149948,49181.925940144,55720.507434039,52492.035893044,49744.907188944,0.72644923,-0.722566433,0.600640719,0.797586632,0.839394011,0.013581683,-0.115821965,0.084085061,0.003943037,-5.965476387,4.200673499,-0.421318159,-0.052134397,-0.036408651,-0.005575913,0.997956884,0.989666807,-0.143334563,0.704645133,0.0,0.0,0.0,0.86058265,0.0,3.655156047
1772729822.5737453,0.79463,-0.644536,0.602459,-0.04571582,-0.01254825,-0.01116151,0.99881331,-0.0912,-0.02609,-0.021158,0.659824192,0.834912024,0.017107903,0.220142813,-0.058853889,-0.085139448,-0.039300965,-0.023103649,1.015004258,0.151706782,-0.078594723,-0.036735551,49161.179671928,55762.309616265,52548.081781807,49660.373887109,0.729057441,-0.719837513,0.600700968,0.794534469,0.84221281,0.013751821,-0.116782341,0.082589506,0.002447994,-5.935473655,4.228865339,-0.4296712,-0.051876153,-0.036651781,-0.005652051,0.997961606,0.990279103,-0.139010839,0.7047907,0.0,0.0,0.0,0.86058265,0.0,3.654884616
1772729822.583746,0.801206,-0.636171,0.602638,-0.04484719,-0.01265769,-0.01190637,0.99884271,-0.089439,-0.026357,-0.02266,0.651970124,0.839062708,0.018215519,0.183631334,0.011360626,-0.035041516,-0.044937853,-0.022002498,1.01147671,0.136352812,-0.091390104,-0.036310996,49140.432414475,55804.113791729,52604.130342985,49575.836554504,0.731665777,-0.717108463,0.60076122,0.791482161,0.845031744,0.013921968,-0.118151078,0.080488871,-0.000510491,-5.883504394,4.262024782,-0.440732803,-0.05142763,-0.036938157,-0.005746614,0.997968791,0.990910565,-0.13446525,0.704943677,0.0,0.0,0.0,0.86058265,0.0,3.654613172
1772729822.5937464,0.807707,-0.627862,0.602945,-0.0445357,-0.01209399,-0.01141358,0.99886938,-0.08884,-0.02518,-0.021733,0.64589912,0.842497326,0.020121387,0.176025014,-0.034612295,0.012635293,-0.047709946,-0.022923982,1.007467206,0.13332072,-0.102289153,-0.034378744,49939.437002104,55836.346911168,51865.523147452,49560.46225387,0.736612431,-0.711833885,0.600884568,0.785542929,0.850335318,0.01432234,-0.119519783,0.078388286,-0.003468906,-5.815045961,4.298289192,-0.453776294,-0.050836261,-0.037251611,-0.005854212,0.99798782,0.991690637,-0.128552168,0.705142488,0.0,0.0,0.0,0.86058265,0.0,3.654341735
1772729822.603747,0.814089,-0.61933,0.603047,-0.04348401,-0.01196204,-0.01162687,0.99891484,-0.086731,-0.024912,-0.022197,0.637965799,0.845727186,0.022396758,0.145202882,-0.03531948,0.068999229,-0.045413369,-0.027424227,1.002604793,0.152090042,-0.109833411,-0.029778785,50470.787829816,55686.906299531,51364.274077757,49781.82161171,0.741933485,-0.706096919,0.601021148,0.779107781,0.855980897,0.014597604,-0.120888488,0.0762877,-0.006427321,-5.759528046,4.326961149,-0.464841967,-0.050356889,-0.037499321,-0.005945001,0.998004817,0.992580133,-0.121548944,0.705377803,0.0,0.0,0.0,0.86058265,0.0,3.654070298
1772729822.6137466,0.820423,-0.610905,0.603333,-0.04312526,-0.01178168,-0.01088128,0.99894094,-0.086035,-0.024479,-0.020731,0.628693082,0.851465303,0.021309869,0.14165918,-0.059746794,0.084847882,-0.031400249,-0.032746637,1.006307035,0.171763037,-0.094656425,-0.032104085,50646.886846137,55502.320274312,51195.292113519,50045.295104691,0.746818745,-0.700773934,0.601149417,0.773173535,0.861101874,0.014651418,-0.107602811,0.068380258,0.00124778,-5.681466392,4.365739955,-0.47791886,-0.049682068,-0.037835444,-0.006050032,0.998024881,0.993509293,-0.113712924,0.705640841,0.0,0.0,0.0,0.86058265,0.0,3.65379888
1772729822.6237469,0.826706,-0.602287,0.603456,-0.0418025,-0.01306058,-0.00985256,0.99899194,-0.08339,-0.026922,-0.018601,0.618947133,0.857619466,0.01982937,0.137291155,-0.121832388,0.09065728,-0.028212484,-0.029961148,1.006194887,0.170472581,-0.091457605,-0.035730637,49728.040846628,55712.658900648,52081.861522666,49784.140120044,0.752124877,-0.694939451,0.601335093,0.766694924,0.866385318,0.01466443,-0.104940996,0.070080047,0.001189358,-5.583428079,4.412097672,-0.491902872,-0.048833786,-0.038238416,-0.006159098,0.998052282,0.994345255,-0.106083513,0.705896678,0.0,0.0,0.0,0.86058265,0.0,3.653527449
1772729822.6337469,0.832872,-0.593756,0.603758,-0.0413288,-0.01425356,-0.01024966,0.99899135,-0.082411,-0.02933,-0.01931,0.608605942,0.863837576,0.017993102,0.114218967,-0.108119472,0.079838332,-0.035405989,-0.026186641,1.001894359,0.162297682,-0.099934262,-0.036621965,49884.391312589,55947.847101564,51924.848554731,49493.301753278,0.757665448,-0.688754375,0.601509987,0.75982706,0.871912753,0.014855109,-0.111727039,0.070578775,-0.004221561,-5.508798608,4.446051172,-0.502584104,-0.048188083,-0.038533641,-0.006241465,0.9980712,0.995142711,-0.098325274,0.706156655,0.0,0.0,0.0,0.86058265,0.0,3.653256025
1772729822.643747,0.838853,-0.585074,0.603902,-0.0410506,-0.0143514,-0.00968436,0.99900706,-0.081869,-0.029474,-0.01818,0.599607293,0.867778722,0.01910874,0.044107243,-0.06059296,0.059402971,-0.045016494,-0.029966777,0.998438229,0.163678216,-0.105275219,-0.03464096,50051.42897299,56001.888431758,51721.331178289,49505.266680295,0.764268454,-0.681199671,0.60169752,0.75149709,0.878460998,0.014764293,-0.122577001,0.065600621,-0.01014913,-5.433141918,4.490533254,-0.514080211,-0.047534017,-0.038920454,-0.006334384,0.998086042,0.995834436,-0.091095753,0.706398744,0.0,0.0,0.0,0.86058265,0.0,3.652984594
1772729822.653747,0.844787,-0.576343,0.604029,-0.0407878,-0.01378649,-0.00937802,0.9990287,-0.08136,-0.028315,-0.017621,0.590357342,0.874226494,0.017196423,0.005059654,-0.032718918,0.016014818,-0.042773845,-0.030609441,1.003618223,0.173511703,-0.08526678,-0.032931048,50224.525707204,55953.121240385,51491.428704674,49689.081478548,0.772282552,-0.671865731,0.601913196,0.741280119,0.886348733,0.014102281,-0.120299549,0.061954671,-0.004937096,-5.356705176,4.534340104,-0.526628478,-0.046873557,-0.039301119,-0.006435502,0.998100064,0.996344897,-0.085306499,0.70659246,0.0,0.0,0.0,0.86058265,0.0,3.652786016
1772729822.6637475,0.850654,-0.567559,0.604211,-0.04089173,-0.01493729,-0.00905128,0.99901092,-0.081561,-0.03059,-0.016872,0.58173721,0.880471488,0.015634378,-0.011826946,-0.055176608,-0.009882576,-0.034237778,-0.028670711,1.008925138,0.182197672,-0.065992625,-0.028491403,49831.036888816,56196.59450552,51980.20388898,49327.002730761,0.774985254,-0.668717921,0.601985931,0.737834513,0.88900882,0.013879022,-0.117297336,0.060196728,-0.002989427,-5.281088297,4.571523213,-0.541045916,-0.046220772,-0.039623398,-0.006550141,0.998117506,0.996960471,-0.077756235,0.706844984,0.0,0.0,0.0,0.86058265,0.0,3.652786016
1772729822.6737475,0.856437,-0.558747,0.604373,-0.04090336,-0.013995,-0.00923492,0.99902241,-0.081592,-0.028722,-0.017315,0.573543671,0.88706761,0.013442107,0.021068455,-0.140369945,-0.027549287,-0.030934426,-0.030620278,1.005139043,0.183225042,-0.08456694,-0.022021616,49847.717547857,56395.899545493,52036.860942888,49025.612962579,0.778350096,-0.66461623,0.602068984,0.733494117,0.89156099,0.01395257,-0.113431397,0.060689796,-0.004933641,-5.20422146,4.577931985,-0.561731854,-0.045558565,-0.039675379,-0.006706119,0.998145637,0.997905197,-0.064587234,0.707285106,0.0,0.0,0.0,0.86058265,0.0,3.652786016
1772729822.6837475,0.862202,-0.549933,0.604621,-0.04162623,-0.01534695,-0.00988361,0.99896649,-0.082999,-0.03149,-0.018479,0.564781813,0.893015751,0.012039192,0.061917361,-0.220016816,-0.058776688,-0.033211456,-0.033383263,1.004159623,0.187280445,-0.101584525,-0.021848798,50047.550769493,56553.824009651,51889.158126896,48794.603714039,0.78357081,-0.65825226,0.602197843,0.726759782,0.895520805,0.014066683,-0.11254746,0.059720305,-0.003513367,-5.039093515,4.66764928,-0.566232574,-0.044124197,-0.040464799,-0.006722499,0.998180667,0.99820257,-0.059749491,0.707446663,0.0,0.0,0.0,0.86058265,0.0,3.652786016
1772729822.6937473,0.867739,-0.540862,0.604586,-0.0403707,-0.01700062,-0.00994146,0.99899067,-0.080457,-0.034777,-0.018502,0.556793868,0.896068104,0.013121399,0.069151031,-0.246392658,-0.058686783,-0.031195632,-0.031131097,1.00699783,0.192146695,-0.102856827,-0.021899319,50067.714118184,56591.026838067,51875.971120879,48783.051635081,0.7887914,-0.651888442,0.602326699,0.720025609,0.899480525,0.014180793,-0.112409959,0.058384748,-0.001250971,-4.982721772,4.699476844,-0.568698368,-0.04363491,-0.040744433,-0.006735863,0.998191253,0.998408565,-0.056205643,0.707564981,0.0,0.0,0.0,0.86058265,0.0,3.652786016
1772729822.7037473,0.873254,-0.531884,0.604726,-0.03999017,-0.01852303,-0.00992808,0.99897904,-0.079672,-0.037811,-0.018369,0.548912509,0.897712395,0.015308775,0.036924416,-0.181731108,-0.019667904,-0.029179761,-0.028878878,1.009836105,0.197013061,-0.104129158,-0.021949841,50043.683824648,56598.536304797,51895.871207713,48825.480122105,0.792682478,-0.647027386,0.602412614,0.71260983,0.901275701,0.013943506,-0.112272455,0.057049159,0.001011478,-4.926348684,4.731305167,-0.57116422,-0.04314561,-0.041024073,-0.006749227,0.998201052,0.998634295,-0.052165621,0.707699853,0.0,0.0,0.0,0.86058265,0.0,3.652786016
1772729822.7137475,0.878688,-0.522919,0.604908,-0.03968566,-0.01912642,-0.00993304,0.99897976,-0.079053,-0.039012,-0.018343,0.540623981,0.897599108,0.019271522,-0.053637636,-0.020768457,0.043994716,-0.027257229,-0.014049465,1.00827812,0.192496448,-0.107755364,-0.024184841,49953.320928111,56575.300723457,51977.983032436,48875.707358404,0.796089965,-0.642703294,0.602482423,0.704976444,0.90232786,0.013570757,-0.107010347,0.069465578,-0.00227035,-4.866072612,4.757097496,-0.578418931,-0.042623875,-0.041249608,-0.006800514,0.998212492,0.999009394,-0.044369869,0.707960026,0.0,0.0,0.0,0.86058265,0.0,3.652786016
1772729822.7237475,0.884067,-0.513883,0.605076,-0.04006608,-0.01888198,-0.00989719,0.99896958,-0.07982,-0.038528,-0.018275,0.531066454,0.900451888,0.021677682,-0.138279855,0.151004216,0.095474291,-0.04270668,-0.013768205,1.000456117,0.189821105,-0.1235176,-0.020959297,49495.621146892,56394.473308076,52409.842517651,48939.874031341,0.804850157,-0.631422055,0.602679422,0.702953076,0.916270096,0.013894939,-0.108409514,0.067757256,-0.000481753,-4.756224021,4.809120649,-0.589010083,-0.041672319,-0.041705449,-0.006870965,0.998230894,0.999382502,-0.034900774,0.708275897,0.0,0.0,0.0,0.86058265,0.0,3.652786016
1772729822.7337475,0.889427,-0.50503,0.605475,-0.04157129,-0.01802071,-0.00943946,0.99892842,-0.082864,-0.036796,-0.017373,0.521604169,0.905506944,0.022213619,-0.174572773,0.193917816,0.103313339,-0.048794991,-0.026982857,1.00394198,0.18318439,-0.136767881,-0.003622671,50012.053814362,56955.145836921,52047.797937834,48220.299143275,0.809311869,-0.625649041,0.602860593,0.687028323,0.91171011,0.014003361,-0.112322526,0.060699104,0.003231399,-4.579212729,4.920797071,-0.590648569,-0.040134241,-0.042688348,-0.006858987,0.998257285,0.999659989,-0.025710745,0.708582379,0.0,0.0,0.0,0.86058265,0.0,3.652786016
1772729822.743748,0.894519,-0.495887,0.605602,-0.04250051,-0.01585202,-0.00838302,0.99893551,-0.084791,-0.032389,-0.015409,0.509907071,0.913729077,0.018648347,-0.090873494,0.119048702,0.084170542,-0.037306944,-0.031051686,1.013484548,0.171081881,-0.142850917,0.01119262,49932.95147225,56976.863578591,52397.447270866,48060.57634868,0.814883269,-0.618229842,0.603023116,0.671842956,0.910732753,0.013130084,-0.116235723,0.053640615,0.006944728,-4.439208522,5.008745455,-0.590875548,-0.038917307,-0.043462803,-0.006839816,0.998271636,0.999853277,-0.016443683,0.708891343,0.0,0.0,0.0,0.86058265,0.0,3.652786016
1772729822.753748,0.899547,-0.486746,0.6058,-0.04329714,-0.01417024,-0.00809643,0.99892893,-0.086416,-0.029015,-0.014955,0.500361472,0.918880771,0.018116665,0.008129239,0.025593165,0.041017535,-0.029239872,-0.029321867,1.013953682,0.153597728,-0.145670973,0.018894223,50061.04317893,56574.078096314,52361.166960881,48492.237996046,0.82145456,-0.609320931,0.603223206,0.668624391,0.920354283,0.013542413,-0.11933488,0.047700461,0.005046273,-4.394927179,5.035318994,-0.587452388,-0.038531045,-0.043698098,-0.006802051,0.998276572,0.999955263,-0.008058226,0.709170881,0.0,0.0,0.0,0.86058265,0.0,3.652786016
1772729822.763748,0.904472,-0.477345,0.605878,-0.04218902,-0.0164848,-0.00815604,0.99894035,-0.084167,-0.033629,-0.014913,0.491344505,0.923821083,0.017909361,0.141616405,-0.099355833,-0.007653201,-0.032726139,-0.03288196,1.002927206,0.115653451,-0.134898681,0.027785616,50193.688852979,56307.9162918,52289.748540566,48797.709437918,0.826939804,-0.601832675,0.603396105,0.657579912,0.921449278,0.014195776,-0.121626136,0.045027104,-0.001964234,-4.254352686,5.138697969,-0.570304379,-0.037302802,-0.044612568,-0.006631949,0.998277138,0.999936313,0.001867574,0.709501772,0.0,0.0,0.0,0.86058265,0.0,3.652786016
1772729822.7737486,0.909387,-0.468157,0.606066,-0.04083751,-0.01791099,-0.00863316,0.99896795,-0.081426,-0.036498,-0.015797,0.48288696,0.926336625,0.019413577,0.217467172,-0.173206168,-0.048894449,-0.02723756,-0.033996653,1.0078568,0.031421442,-0.089436551,0.027489477,50328.726675593,56107.51245176,52202.482901473,49042.807041033,0.833190116,-0.593135556,0.603645153,0.638087523,0.917763608,0.014463412,-0.124800886,0.047841961,-0.001460031,-4.149278807,5.238173146,-0.54158015,-0.03637887,-0.045494362,-0.006372157,0.998276631,0.999773072,0.015532953,0.709957343,0.0,0.0,0.0,0.86058265,0.0,3.652603988
1772729822.7837484,0.914156,-0.458945,0.606317,-0.0394759,-0.0184557,-0.00877903,0.9990115,-0.078686,-0.037577,-0.016096,0.475609331,0.925850203,0.023547148,0.223950438,-0.145546492,-0.061757864,-0.037981012,-0.019980858,1.005349196,-0.045643883,-0.056814275,0.036067045,50466.804615263,55793.03829251,52183.323761518,49406.170040167,0.844067077,-0.577376188,0.60397499,0.626702398,0.929627648,0.014584875,-0.127975334,0.050656551,-0.000955876,-4.05249896,5.33871738,-0.512129717,-0.035526577,-0.046384824,-0.006108031,0.998272641,0.999579182,0.028753141,0.71039809,0.0,0.0,0.0,0.86058265,0.0,3.652048541
1772729822.793748,0.91896,-0.449764,0.606664,-0.03935285,-0.01753618,-0.00892199,0.99903165,-0.078447,-0.035748,-0.016458,0.467312509,0.926842609,0.025512107,0.187097198,-0.033347555,-0.023775078,-0.032886515,-0.029683004,1.008934999,-0.07437707,-0.023798866,0.039359122,50412.063589906,55716.564722617,52353.218165534,49482.047995364,0.84939489,-0.569358064,0.604127524,0.610791643,0.927123554,0.014411143,-0.14329909,0.048277028,-0.010484617,-4.008106835,5.403085569,-0.484587305,-0.035130174,-0.046956425,-0.005869767,0.998262577,0.999176303,0.040302189,0.710783279,0.0,0.0,0.0,0.86058265,0.0,3.651493108
1772729822.803748,0.923503,-0.44033,0.606802,-0.03774369,-0.01898906,-0.00880873,0.99906818,-0.075209,-0.038617,-0.01618,0.458644552,0.929225031,0.027027648,0.103999143,0.109310695,2.0644e-05,-0.025995426,-0.03838629,1.013123564,-0.091734842,0.010524433,0.040288411,50366.635437933,55352.632450331,52511.594731863,49941.057461535,0.855946167,-0.559327881,0.60431224,0.602396795,0.934088333,0.0140046,-0.121963505,0.035453514,0.00531119,-4.075726848,5.375980257,-0.467711425,-0.035711818,-0.046722202,-0.005741833,0.998252237,0.998703488,0.050681597,0.711129639,0.0,0.0,0.0,0.86058265,0.0,3.650937647
1772729822.8137476,0.928026,-0.431079,0.607096,-0.03805743,-0.0177863,-0.0090464,0.99907629,-0.075845,-0.036236,-0.016734,0.449806975,0.936018239,0.024885533,0.063212554,0.142434224,-0.004092854,-0.02218537,-0.031042342,1.015637082,-0.089347357,0.047263172,0.03663923,50264.43120061,54997.454838486,52634.653646194,50358.707888535,0.862367302,-0.549411716,0.604506114,0.595082943,0.942154758,0.01413967,-0.113077072,0.043402295,0.013040053,-4.153924814,5.339691421,-0.452265619,-0.036385997,-0.046407017,-0.005627853,0.998243562,0.998296388,0.058245393,0.711382124,0.0,0.0,0.0,0.86058265,0.0,3.6503822
1772729822.8237476,0.932533,-0.421688,0.607343,-0.03748253,-0.01662506,-0.00901594,0.9991183,-0.074712,-0.033903,-0.01678,0.441048264,0.944095403,0.020627059,0.056757669,0.100366877,-0.019216227,-0.024390264,-0.033133486,1.01440808,-0.079454224,0.050303949,0.038182206,50116.133612014,54857.129276978,52779.711255612,50500.629354389,0.868586206,-0.539595898,0.604702258,0.589141549,0.951923791,0.015109702,-0.116622598,0.041239582,0.007118679,-4.219333152,5.300787307,-0.435927259,-0.036948434,-0.046070101,-0.005499736,0.998238459,0.99775708,0.066934164,0.711672315,0.0,0.0,0.0,0.86058265,0.0,3.64982674
1772729822.8337471,0.936923,-0.412265,0.607578,-0.03762619,-0.01616561,-0.00867731,0.99912344,-0.075017,-0.032962,-0.016132,0.434154629,0.949794107,0.019269094,-0.018160013,0.069358623,-0.036803096,-0.027697714,-0.03695418,1.012493057,-0.068185656,0.047166993,0.040676937,50145.840878947,55001.00578993,52796.099500077,50351.669782686,0.875224052,-0.528667773,0.604821118,0.57916923,0.960321586,0.015170839,-0.120259918,0.039002173,0.001096612,-4.258030478,5.262331961,-0.418399559,-0.037277864,-0.045738953,-0.005350191,0.998237611,0.997012337,0.077220263,0.712016084,0.0,0.0,0.0,0.86058265,0.0,3.649271306
1772729822.8437471,0.941192,-0.402709,0.60777,-0.0382736,-0.01529125,-0.00955542,0.9991046,-0.076298,-0.031292,-0.017933,0.427477544,0.956183624,0.01757356,-0.146018843,0.038354508,-0.048508782,-0.039312356,-0.031981143,1.009790809,-0.033640714,-0.000699271,0.028908572,50256.566290874,55511.305514462,52696.607100954,49794.833290823,0.88172413,-0.517731742,0.604975416,0.567743409,0.967198263,0.015052775,-0.124607912,0.042921124,0.001994964,-4.285501208,5.225667883,-0.400553526,-0.037509459,-0.0454241,-0.005193822,0.998244992,0.996057905,0.088618451,0.712397349,0.0,0.0,0.0,0.86058265,0.0,3.648715846
1772729822.8537471,0.945417,-0.393039,0.607844,-0.03814289,-0.0163747,-0.00988344,0.99908924,-0.076008,-0.03348,-0.018511,0.419686103,0.96271234,0.016664196,-0.30379453,0.022259424,-0.051535488,-0.050394784,-0.025549228,1.007725688,0.008845524,-0.05961117,0.013056847,50673.176755724,55725.346867783,52315.179036811,49594.642981381,0.887064419,-0.508562268,0.605133977,0.556977013,0.971683621,0.015594795,-0.128747898,0.045707732,0.003719706,-4.275360256,5.227911728,-0.389931151,-0.037416913,-0.04544755,-0.005098003,0.998254525,0.995017299,0.099487867,0.712761324,0.0,0.0,0.0,0.86058265,0.0,3.648160386
1772729822.863747,0.949566,-0.383358,0.607993,-0.03979929,-0.01688444,-0.00983293,0.99901664,-0.079319,-0.034525,-0.018314,0.413453405,0.96463843,0.020931877,-0.542086255,0.094106905,-0.066348406,-0.034874037,-0.02934062,1.012528976,0.014657225,-0.058745203,0.000552511,50781.319399573,55963.704060838,52152.693871465,49343.94900343,0.892880729,-0.498484807,0.605389811,0.545961858,0.976915426,0.016321491,-0.125486243,0.043831586,0.006705739,-4.252984871,5.24281185,-0.381658806,-0.037218931,-0.045581046,-0.005021883,0.998253803,0.993837905,0.11045586,0.713129041,0.0,0.0,0.0,0.86058265,0.0,3.647604939
1772729822.8737469,0.953759,-0.373855,0.60836,-0.04444133,-0.01501012,-0.01036938,0.9988454,-0.088627,-0.030912,-0.019391,0.4057513,0.969105528,0.023667719,-0.729932164,0.211023144,-0.054344327,-0.031317577,-0.025864687,1.011324708,-0.148029872,0.069012509,-0.011442677,50421.836457618,55640.249785518,52235.800896534,49651.451698696,0.900517507,-0.48453901,0.605727775,0.490991126,0.928773871,0.015322516,-0.115197208,0.036788984,0.009259331,-4.1618423,5.312639984,-0.373982879,-0.036422805,-0.046195645,-0.004939055,0.998251621,0.992409319,0.122640048,0.713538001,0.0,0.0,0.0,0.86058265,0.0,3.647145967
1772729822.8837466,0.957679,-0.364002,0.60846,-0.04757657,-0.01440517,-0.01054517,0.99870805,-0.094911,-0.029781,-0.019702,0.398234665,0.975080009,0.025231318,-0.811167026,0.269265203,-0.033907084,-0.027761201,-0.022388836,1.010120468,-0.310713089,0.196767174,-0.02343758,51451.268263069,56459.475615514,51002.50381113,49036.485328836,0.909384828,-0.467738583,0.60608227,0.415021872,0.856530635,0.013380953,-0.114987879,0.03451627,0.006612409,-3.155349381,5.8640936,-0.348820654,-0.027650756,-0.051046781,-0.004440163,0.998269783,0.990641964,0.136477327,0.714003018,0.0,0.0,0.0,0.86058265,0.0,3.646707549
1772729822.8937466,0.96167,-0.35433,0.608867,-0.05228066,-0.01200982,-0.01105347,0.99849903,-0.104361,-0.025142,-0.020826,0.388114414,0.980580442,0.027675745,-0.790723187,0.231367415,-0.059645772,-0.024204741,-0.018912902,1.0089162,-0.473400185,0.324524886,-0.035432768,50576.395589409,55480.812167376,51964.723922299,50837.50588744,0.916487531,-0.452764202,0.606430583,0.405907583,0.868005319,0.013595479,-0.114778546,0.032243503,0.003965425,-3.41452295,5.687151756,-0.382890808,-0.029918842,-0.049482644,-0.004789598,0.998300666,0.985039186,0.166961737,0.715036536,0.0,0.0,0.0,0.86058265,0.0,3.646269122
1772729822.9037466,0.965539,-0.344527,0.60919,-0.05656566,-0.01102383,-0.01168137,0.99826968,-0.112949,-0.023333,-0.022083,0.379601916,0.986929884,0.028533594,-0.636404027,0.114194244,-0.040627937,-0.021454967,-0.024921746,1.006908639,-0.639737403,0.329766882,-0.022075038,49189.050059371,53894.558152615,53280.644209737,52730.454221611,0.923590234,-0.437789821,0.606778897,0.396793293,0.879480002,0.013810006,-0.114569212,0.029970736,0.00131844,-3.673696519,5.510209912,-0.416960962,-0.032186928,-0.047918508,-0.005139033,0.998331548,0.97940311,0.197590668,0.71607499,0.0,0.0,0.0,0.86058265,0.0,3.645830694
1772729822.9137464,0.969182,-0.334428,0.609266,-0.05827609,-0.0103957,-0.01121921,0.99818333,-0.116398,-0.022063,-0.021193,0.370905093,0.993319459,0.029710887,-0.405921486,-0.032545861,0.005727236,-0.021729102,-0.02861784,1.005933649,-0.681378163,0.322497662,-0.019642749,48989.906311494,53697.342527835,53477.189855949,52992.309160143,0.930692767,-0.422815796,0.607127201,0.387679221,0.890954412,0.014024528,-0.114359883,0.027698023,-0.001328481,-3.932863908,5.333272287,-0.451030305,-0.034454959,-0.046354409,-0.005488459,0.99836243,0.974151843,0.22583661,0.717033019,0.0,0.0,0.0,0.86058265,0.0,3.645392277
1772729822.9237463,0.972951,-0.32453,0.60963,-0.05924255,-0.0121672,-0.01154071,0.99810275,-0.118294,-0.025658,-0.021605,0.362947063,0.997797921,0.032474895,-0.167564288,-0.132071188,0.048555753,-0.022003244,-0.032314021,1.004958636,-0.723019916,0.315228268,-0.017210403,48976.686239767,53596.941442554,53515.420874188,53165.599289542,0.93779547,-0.407841415,0.607475514,0.378564932,0.902429096,0.014239054,-0.114995293,0.028411507,0.002602291,-4.192037477,5.156330443,-0.485100459,-0.036723045,-0.044790273,-0.005837894,0.998393313,0.972158671,0.23390535,0.717310074,0.0,0.0,0.0,0.86058265,0.0,3.64495385
1772729822.933746,0.97644,-0.314665,0.6101,-0.06050524,-0.01338414,-0.01175927,0.99800887,-0.120796,-0.028142,-0.021862,0.354487595,1.004306941,0.032914017,0.103179012,-0.200354082,0.076619136,-0.022183564,-0.035559254,1.01059319,-0.746317526,0.301392621,-0.015538073,48963.466483231,53496.542751024,53553.650980927,53338.885287378,0.944898004,-0.39286739,0.607823819,0.36945086,0.913903506,0.014453576,-0.116142821,0.030935414,0.010520792,-4.451204867,4.979392818,-0.519169801,-0.038991077,-0.043226174,-0.00618732,0.998414343,0.970165546,0.241973897,0.717587123,0.0,0.0,0.0,0.86058265,0.0,3.644515432
1772729822.9437456,0.980078,-0.304527,0.610374,-0.05926484,-0.01322431,-0.01000399,0.99810456,-0.118362,-0.027588,-0.018411,0.347123369,1.009651079,0.035248344,0.329546559,-0.229342041,0.095112869,-0.008418627,-0.028412857,1.028866163,-0.66401155,0.16440359,-0.00649125,48612.751727245,53930.792017122,53892.009725143,52726.400796035,0.952675874,-0.37488906,0.60821455,0.360798873,0.932826561,0.016567176,-0.098634074,0.051263292,0.022925389,-4.710366077,4.802459411,-0.553238331,-0.041259055,-0.041662112,-0.006536738,0.998287567,0.968172469,0.250042252,0.717864165,0.0,0.0,0.0,0.86058265,0.0,3.644077026
1772729822.9537451,0.983418,-0.29436,0.610722,-0.05681506,-0.01477903,-0.00971044,0.9982281,-0.113438,-0.030614,-0.017716,0.339767068,1.014495276,0.038065751,0.473898373,-0.260585909,0.058164045,-0.029222315,-0.030445609,1.020535141,-0.410052936,0.051450745,0.015382847,49644.234673254,54988.629687851,53097.498764878,51475.199865259,0.959741079,-0.357268755,0.608647453,0.351746742,0.952393145,0.019308176,-0.101932605,0.057460953,0.017249988,-5.151705916,4.663282726,-0.573875976,-0.045107687,-0.040417117,-0.006827051,0.998153142,0.965233996,0.260735229,0.718233939,0.0,0.0,0.0,0.86058265,0.0,3.643638619
1772729822.9637456,0.986783,-0.284202,0.611105,-0.05427968,-0.01562781,-0.00956269,0.99835767,-0.10835,-0.032248,-0.017407,0.332469354,1.020157733,0.040176864,0.540257186,-0.224004391,0.057177585,-0.013165515,-0.0364803,1.02486327,0.004131905,-0.085512622,0.035860122,51172.291765826,56334.504045693,51880.792360781,49275.607091861,0.965935984,-0.341007222,0.609103402,0.34217612,0.96995758,0.021952703,-0.098089068,0.059533862,0.018113539,-5.48248154,4.610375704,-0.562699989,-0.047983384,-0.039941144,-0.006824497,0.998031652,0.961072863,0.274822819,0.718723649,0.0,0.0,0.0,0.86058265,0.0,3.643200171
1772729822.973746,0.990104,-0.27396,0.611477,-0.05124438,-0.01685946,-0.00939976,0.99849958,-0.102257,-0.034639,-0.017054,0.326499107,1.023972033,0.043475916,0.495388325,-0.187832294,0.052182289,-0.033967446,-0.026313371,1.012388748,0.253179101,-0.210488987,0.053237541,51320.871367765,56979.430606294,51811.530750411,48052.699634682,0.972130889,-0.324745689,0.609559351,0.332605498,0.987522015,0.02459723,-0.11352814,0.071774184,0.006738247,-5.415264781,4.690243806,-0.524362114,-0.047386396,-0.040656562,-0.006499765,0.998023965,0.95691173,0.288910409,0.719213358,0.0,0.0,0.0,0.86058265,0.0,3.642761722
1772729822.983746,0.993288,-0.263685,0.611941,-0.04862704,-0.01885268,-0.00884138,0.99859993,-0.097008,-0.038522,-0.015837,0.318723964,1.02685871,0.047517256,0.330425687,-0.058031526,0.052441095,-0.020230354,-0.03457635,1.018575793,0.378335008,-0.233474012,0.029446157,51989.437027441,56945.344234125,51069.82192143,48007.899249194,0.977435406,-0.310438812,0.610013716,0.323869723,1.002521904,0.026796395,-0.105513438,0.064115639,0.011780907,-5.213650161,4.818020724,-0.48316291,-0.045618351,-0.041797287,-0.006119813,0.998057538,0.952750796,0.302997327,0.719703044,0.0,0.0,0.0,0.86058265,0.0,3.642323295
1772729822.9937465,0.996476,-0.25348,0.612522,-0.04799153,-0.01888488,-0.00939206,0.99862504,-0.095714,-0.038629,-0.016959,0.311630406,1.034425345,0.047458048,0.193214486,0.065419804,0.081398269,-0.017328843,-0.041554838,1.016228246,0.414467774,-0.252862264,0.033213247,51128.807833592,55923.848771852,51712.024961275,49176.674574021,0.98255705,-0.295599438,0.610556545,0.314160581,1.016710816,0.028809419,-0.100399615,0.046265791,0.013498406,-4.823704986,5.026509491,-0.444074845,-0.042210152,-0.04364629,-0.005701986,0.99812379,0.947972254,0.318319845,0.720238186,0.0,0.0,0.0,0.86058265,0.0,3.642732264
1772729823.003746,0.999573,-0.243084,0.612977,-0.04751735,-0.01696831,-0.00756593,0.99869762,-0.094853,-0.034618,-0.013508,0.298938902,1.044715351,0.042154469,0.132983255,0.036387002,0.079451635,-0.018852686,-0.033006676,1.009204165,0.224285637,-0.182470108,-0.000359658,50777.060483871,56449.415322581,51942.306451613,48700.790322581,0.990004671,-0.27257223,0.61138622,0.287910654,1.017250645,0.030022214,-0.107699587,0.038203199,0.006603999,-4.410756277,5.244974089,-0.405287703,-0.038601624,-0.045582776,-0.005279716,0.998254059,0.940178237,0.340396936,0.721018657,0.0,0.0,0.0,0.86058265,0.0,3.643373853
1772729823.0137455,1.002496,-0.232562,0.613319,-0.04728017,-0.01698027,-0.00753578,0.9987089,-0.094379,-0.034636,-0.013455,0.289382619,1.052220739,0.039586712,0.12030885,-0.085031906,0.030029004,-0.017368272,-0.036847833,1.010086272,0.157366485,-0.204613505,0.004887021,50274.712860771,55512.765412145,52342.214453937,49707.911567767,0.993432066,-0.261719858,0.611850572,0.277500899,1.016731208,0.030261666,-0.111657284,0.037739183,0.00464305,-4.044819973,5.444890957,-0.370465408,-0.035403795,-0.047354011,-0.004903442,0.99824006,0.934877615,0.354932572,0.721534416,0.0,0.0,0.0,0.86058265,0.0,3.644015442
1772729823.0237455,1.005342,-0.222038,0.613783,-0.04728799,-0.01613358,-0.00784494,0.99872019,-0.094393,-0.032974,-0.014152,0.281021577,1.058816142,0.039037799,0.09982611,-0.189027552,0.006075981,-0.014649043,-0.025405392,1.012324207,0.066998946,-0.174592917,0.007461404,50010.445659164,54873.20166446,52547.017457916,50451.973803669,0.996290337,-0.252078916,0.612266438,0.273100453,1.027383938,0.031244158,-0.111291785,0.044452786,0.00725675,-4.032062912,5.505471211,-0.365428712,-0.035291341,-0.047883827,-0.004872708,0.99822018,0.931578835,0.363382023,0.721836776,0.0,0.0,0.0,0.86058265,0.0,3.644657062
1772729823.033746,1.008069,-0.211298,0.614062,-0.04548946,-0.01937911,-0.00770048,0.99874715,-0.090761,-0.03942,-0.01363,0.273517782,1.063036076,0.041319989,0.067788692,-0.287147161,0.004846238,-0.009434307,-0.019724857,1.012060013,-0.007550595,-0.173254838,0.011438106,49885.178961836,54524.859393978,52636.961995781,50776.287093269,0.998662166,-0.24403394,0.612643915,0.268922409,1.035825041,0.032273735,-0.105207025,0.052118916,0.007789428,-4.019305244,5.566054354,-0.360391777,-0.03517888,-0.048413669,-0.004841973,0.998198734,0.928404736,0.371279313,0.722120489,0.0,0.0,0.0,0.86058265,0.0,3.645298712
1772729823.0437455,1.01065,-0.200659,0.614363,-0.04450069,-0.02275708,-0.00762228,0.99872103,-0.088751,-0.046151,-0.013214,0.266440328,1.06398359,0.047011875,-0.023640813,-0.251994197,0.003467606,-0.017654346,-0.020427459,1.011632712,-0.024652991,-0.174183782,0.015140813,49791.892212338,54343.905134751,52705.943217707,50851.788438257,1.001447019,-0.234372853,0.613091403,0.263058066,1.044768874,0.033534945,-0.124692283,0.049123273,0.000577771,-4.030928341,5.633842239,-0.352636969,-0.035277657,-0.049006067,-0.004800143,0.998169865,0.92523094,0.37917585,0.722404176,0.0,0.0,0.0,0.86058265,0.0,3.645940301
1772729823.0537455,1.013518,-0.190173,0.61514,-0.04538263,-0.02315131,-0.0081466,0.99866815,-0.09049,-0.046998,-0.014186,0.258186124,1.068215685,0.048216324,-0.046858451,-0.177230707,0.038952245,-0.030328488,-0.023246042,1.011151309,-0.022713774,-0.175864287,0.018752987,49546.27905569,54434.975181598,52934.998184019,50635.980024213,1.005219069,-0.220564886,0.613651589,0.253586851,1.056078887,0.034309528,-0.137385394,0.045638504,-0.003434875,-4.064763137,5.717312517,-0.33952163,-0.035567579,-0.049735788,-0.004726144,0.998124824,0.922005676,0.387169235,0.722691504,0.0,0.0,0.0,0.86058265,0.0,3.64658192
1772729823.0637455,1.015989,-0.179395,0.615574,-0.0470096,-0.02148142,-0.00670563,0.99864092,-0.09383,-0.043549,-0.011384,0.249178054,1.07182002,0.049663179,-0.02133636,-0.129610509,0.034412725,-0.018934344,-0.038397853,1.017473635,0.005252058,-0.210091988,0.016515624,49696.683872672,54616.794029851,52809.713723418,50314.432888654,1.008199707,-0.209091181,0.614112713,0.245118361,1.064697201,0.03457258,-0.133220483,0.042606191,0.000453908,-4.094836994,5.810127237,-0.323515746,-0.035823423,-0.05054797,-0.004628541,0.9980775,0.917887411,0.396828963,0.723041589,0.0,0.0,0.0,0.86058265,0.0,3.64722354
1772729823.073746,1.01842,-0.168671,0.616038,-0.04663044,-0.02283512,-0.00678152,0.99862814,-0.093057,-0.046257,-0.011427,0.238613903,1.076062098,0.049336916,0.075963979,-0.092478132,-0.004861786,-0.012971973,-0.046075125,1.015375304,0.140090682,-0.170217351,0.013294046,50414.159166298,54931.118282839,52198.916049314,49800.417929014,1.011179016,-0.196914779,0.614514102,0.235536555,1.073571216,0.035345304,-0.12767527,0.039620866,0.004992742,-4.085078573,5.91098966,-0.308170408,-0.035732462,-0.051431619,-0.004521642,0.998032148,0.913384413,0.407076582,0.723414701,0.0,0.0,0.0,0.86058265,0.0,3.648178309
1772729823.0837457,1.020686,-0.157881,0.616527,-0.04607243,-0.02297698,-0.00721066,0.99864778,-0.091918,-0.046573,-0.012298,0.228005812,1.081933724,0.045863641,0.291010804,-0.257426192,-0.061269423,-0.020518257,-0.030607053,1.016618126,0.236087092,-0.188673245,0.016151596,50779.540214369,54993.482761414,51733.445017414,49650.334971247,1.014118706,-0.184664921,0.615019794,0.225681134,1.081914467,0.036605088,-0.124997265,0.039084185,0.00683207,-3.998497204,6.011937019,-0.294799598,-0.034973058,-0.052318303,-0.004396855,0.998008234,0.908643413,0.417543293,0.723797709,0.0,0.0,0.0,0.86058265,0.0,3.649381459
1772729823.093746,1.022912,-0.146919,0.616822,-0.04264998,-0.02627775,-0.00744875,0.99871666,-0.085021,-0.053148,-0.012655,0.217307278,1.084687787,0.044477509,0.473118283,-0.433013124,-0.097104862,-0.023491401,-0.029005105,1.008909977,0.312136964,-0.176155842,-0.008353641,50957.179025989,55247.71290298,51365.740416127,49326.332177426,1.016439282,-0.174889568,0.615521863,0.217856586,1.088228015,0.037880844,-0.1290699,0.043318349,0.001184093,-3.874769214,6.084457311,-0.287104363,-0.033892398,-0.052956896,-0.004294482,0.998010392,0.904674545,0.426080859,0.724111563,0.0,0.0,0.0,0.86058265,0.0,3.650584665
1772729823.1037457,1.025109,-0.136236,0.61751,-0.04099349,-0.02774825,-0.0078448,0.99874322,-0.081668,-0.056099,-0.013416,0.208352102,1.084991303,0.048461682,0.54620383,-0.472738114,-0.105321685,-0.017858774,-0.039149081,1.003719932,0.363681258,-0.20744991,-0.022877666,51154.835139468,55493.641551779,50957.563962809,49061.132414235,1.018628966,-0.165117967,0.615982698,0.209835769,1.094342154,0.038725846,-0.125348707,0.037634508,-0.0008354,-3.666312334,6.194038539,-0.288653406,-0.032078391,-0.053918663,-0.004240677,0.998021679,0.901228643,0.433303222,0.724378312,0.0,0.0,0.0,0.86058265,0.0,3.651787814
1772729823.1137464,1.027094,-0.125295,0.617858,-0.03797561,-0.02969817,-0.00848413,0.99880123,-0.075564,-0.060006,-0.014719,0.195178411,1.087054086,0.05098311,0.495032326,-0.342987798,-0.071371794,-0.013972207,-0.035038261,1.002487883,0.406467446,-0.251891398,-0.037906521,50502.094616093,56071.702866393,51408.704010718,48354.538502331,1.021743164,-0.150346482,0.616658133,0.197428263,1.102847837,0.039075468,-0.124174734,0.031864827,-0.00324869,-3.400455754,6.333887787,-0.296499026,-0.029767689,-0.055144378,-0.004221236,0.998025157,0.894527091,0.446763337,0.724879523,0.0,0.0,0.0,0.86058265,0.0,3.652991079
1772729823.123746,1.029066,-0.114414,0.618378,-0.03466351,-0.03382773,-0.00843808,0.99879073,-0.068887,-0.068212,-0.014545,0.183940463,1.089357022,0.051658285,0.452017799,-0.291350453,-0.0575619,-0.012014285,0.001653483,1.01057467,0.396964228,-0.274074232,-0.04682697,50269.021149621,55822.088861199,51556.079155327,48670.158966456,1.024722611,-0.135052688,0.617322612,0.184121877,1.110564947,0.039233798,-0.12580689,0.060829053,0.001584257,-3.062327264,6.542484672,-0.323381256,-0.026838182,-0.056967293,-0.00433919,0.998007776,0.887926686,0.45997499,0.725371822,0.0,0.0,0.0,0.86058265,0.0,3.654194199
1772729823.1337466,1.030789,-0.103562,0.618966,-0.03360262,-0.03326602,-0.00800941,0.99884938,-0.066795,-0.067044,-0.013796,0.172195735,1.092124429,0.051372971,0.401166626,-0.215395828,-0.038360979,-0.020559141,-0.03066302,0.997218065,0.378795507,-0.293630716,-0.046196345,50110.574861368,55680.802944283,51590.048851334,48831.542249802,1.027634643,-0.119425365,0.617978765,0.170236461,1.117806955,0.039128546,-0.134832773,0.02476859,0.001049402,-2.747647671,6.748375926,-0.356060723,-0.024116618,-0.058765178,-0.004511779,0.997972523,0.882230811,0.470794168,0.725779378,0.0,0.0,0.0,0.86058265,0.0,3.655397463
1772729823.143747,1.032383,-0.092596,0.619474,-0.03202584,-0.03301713,-0.00837118,0.99890647,-0.063612,-0.066547,-0.014642,0.160874862,1.095893664,0.048974678,0.376812717,-0.177486257,-0.035420487,-0.01519875,-0.038113979,1.005698137,0.391006125,-0.267012621,-0.040034515,50561.642292171,55687.357492602,51244.57621738,48559.371267151,1.029841122,-0.106573382,0.618524489,0.158326069,1.122800703,0.038978827,-0.13835874,0.000443926,0.002882799,-2.487745401,6.92224923,-0.37988586,-0.021868341,-0.060284965,-0.004618703,0.997932991,0.876450342,0.48146791,0.726184023,0.0,0.0,0.0,0.86058265,0.0,3.656600699
1772729823.1537468,1.033942,-0.081619,0.619964,-0.03059354,-0.03327419,-0.00897389,0.9989376,-0.060699,-0.067077,-0.015929,0.152102029,1.095990614,0.049223551,0.349961758,-0.132063133,-0.0403695,-0.012755252,-0.04170065,1.010586441,0.397328987,-0.248418859,-0.036351465,50585.155817035,55629.767318582,51182.134813863,48630.99791173,1.031456965,-0.096395057,0.619009536,0.148450972,1.126233896,0.03959857,-0.136633339,-0.000132686,0.00398153,-2.294414943,7.040805708,-0.394461501,-0.020194641,-0.061322587,-0.004664328,0.997905168,0.871803663,0.489829885,0.726502911,0.0,0.0,0.0,0.86058265,0.0,3.657803848
1772729823.1637473,1.035562,-0.070624,0.62035,-0.02732073,-0.03724302,-0.00869938,0.99889482,-0.054111,-0.074949,-0.015388,0.141710799,1.097276318,0.047210243,0.327291852,-0.048688683,-0.038141007,-0.017556228,-0.035213267,1.005909777,0.381574793,-0.232045594,-0.040290868,50984.923301756,54945.795547356,50664.490620012,49534.375821397,1.032828074,-0.086975003,0.619471563,0.139013487,1.129085755,0.040245091,-0.14078226,0.002800116,-0.002463787,-2.097616474,7.150706507,-0.409624128,-0.0184913,-0.062285143,-0.004708153,0.997877746,0.867629106,0.497155391,0.726783968,0.0,0.0,0.0,0.86058265,0.0,3.657486424
1772729823.1737473,1.036836,-0.059681,0.620878,-0.02621005,-0.03610584,-0.0086035,0.99896716,-0.051905,-0.072652,-0.015338,0.131489519,1.09830672,0.046205969,0.325318792,-0.031979411,-0.020114404,-0.02025645,-0.029920403,1.000219866,0.333388995,-0.131068064,-0.050433967,51055.519563107,54884.132014563,50429.592694175,49701.88868932,1.034048895,-0.077986688,0.61990119,0.12989549,1.131551502,0.040476508,-0.144322907,0.00274543,-0.00974218,-1.891213074,7.254901043,-0.432309466,-0.016708701,-0.063197584,-0.004808373,0.997851294,0.863550661,0.504163177,0.727054228,0.0,0.0,0.0,0.86058265,0.0,3.656748314
1772729823.1837463,1.038074,-0.048687,0.621335,-0.02507755,-0.03579639,-0.00909148,0.99900304,-0.049603,-0.07204,-0.016413,0.119829485,1.099617754,0.044777723,0.327698611,-0.033464896,0.003803369,-0.018557498,-0.036923608,0.997679005,0.305406711,-0.107737828,-0.060490728,50745.542076329,55321.337403531,50568.65154879,49357.285495295,1.035217007,-0.068990657,0.62031239,0.120774802,1.133747057,0.040189445,-0.145254596,-0.009994777,-0.011563944,-1.705207275,7.315667944,-0.459851438,-0.015105772,-0.06373088,-0.004953449,0.99783406,0.859472605,0.511170296,0.727324462,0.0,0.0,0.0,0.86058265,0.0,3.656010274
1772729823.1937459,1.03929,-0.037749,0.621813,-0.0231769,-0.03568378,-0.00879162,0.99905566,-0.045817,-0.071769,-0.015954,0.10801203,1.099305788,0.045102005,0.322165999,-0.038051411,0.005415771,-0.016456155,-0.043857027,0.996624962,0.278296058,-0.088420134,-0.067459516,50536.590852627,55443.826051908,50612.991331008,49460.92973623,1.038023757,-0.044714271,0.621314578,0.094082018,1.132138818,0.038047295,-0.146511652,-0.022125102,-0.011152687,-1.224771315,7.406486583,-0.542031354,-0.010971624,-0.064536401,-0.005407215,0.997821515,0.848019509,0.529395688,0.72804206,0.0,0.0,0.0,0.86058265,0.0,3.655272199
1772729823.2037456,1.04021,-0.026704,0.622253,-0.02246511,-0.03434438,-0.00851119,0.99912128,-0.044427,-0.069066,-0.015502,0.096432124,1.099062917,0.044502684,0.323839702,-0.088866753,-0.018256647,-0.012924977,-0.050541408,1.000855384,0.254287223,-0.083366263,-0.063452305,51492.934213722,55970.933090468,49483.940285367,49245.747237401,1.039864383,-0.026841044,0.622114401,0.064969116,1.097966763,0.034095914,-0.148310783,-0.033238534,-0.007020668,-0.658820798,7.509892864,-0.645156486,-0.006105545,-0.065454957,-0.005994309,0.997819948,0.835973214,0.548523422,0.72879564,0.0,0.0,0.0,0.86058265,0.0,3.654534107
1772729823.213745,1.04117,-0.015657,0.622625,-0.01969314,-0.03743802,-0.00867597,0.99906722,-0.038819,-0.075219,-0.015907,0.086718031,1.098483332,0.042536734,0.367096549,-0.22525011,-0.039093187,-0.010208053,-0.050108126,1.001895832,0.207929545,-0.086348044,-0.05882793,50668.372374946,55288.507653217,50434.882415968,50027.663227821,1.041252946,-0.008630609,0.622782581,0.050656386,1.10606879,0.033448872,-0.140702711,-0.03805095,-0.007768847,-0.557863602,7.550488934,-0.689692367,-0.005253909,-0.065811677,-0.006326011,0.997799129,0.827430658,0.561562854,0.729315364,0.0,0.0,0.0,0.86058265,0.0,3.653796032
1772729823.2237449,1.042001,-0.004688,0.623035,-0.01735009,-0.03985429,-0.00877606,0.99901631,-0.034082,-0.08002,-0.016204,0.074765106,1.096810215,0.042482733,0.354644507,-0.242104276,-0.04749796,-0.011862926,-0.031101024,1.00043954,0.14908052,-0.117892647,-0.060076923,50091.506193229,55019.991742362,51030.14013698,50321.069267013,1.042248196,0.007277603,0.623369309,0.037061442,1.114737035,0.033100494,-0.143663308,-0.02365277,-0.01156678,-0.463831534,7.602122432,-0.733570064,-0.004463096,-0.06626473,-0.006655688,0.997773844,0.820523395,0.571601547,0.729721529,0.0,0.0,0.0,0.86058265,0.0,3.65305794
1772729823.2337444,1.042684,0.006145,0.623604,-0.0168073,-0.03895827,-0.00915252,0.99905756,-0.032977,-0.078231,-0.017031,0.062177895,1.097219209,0.040846523,0.338137352,-0.269512067,-0.089490622,-0.005931148,-0.030405353,0.998323018,0.126468047,-0.094309725,-0.069477092,50083.492890183,54884.451944492,50953.549940038,50575.031865684,1.042868889,0.019472117,0.623865259,0.025406409,1.118770267,0.032717032,-0.139404625,-0.017151155,-0.010483455,-0.390474951,7.645834866,-0.770074137,-0.003847946,-0.06664837,-0.006932247,0.997747343,0.814830604,0.579688311,0.730051174,0.0,0.0,0.0,0.86058265,0.0,3.652462173
1772729823.243744,1.043208,0.017202,0.623898,-0.01490075,-0.04052604,-0.00975765,0.99901972,-0.029082,-0.081353,-0.01835,0.0497584,1.097026221,0.039584168,0.31977401,-0.267248318,-0.122418839,-0.0061774,-0.042968354,0.993647179,0.102185378,-0.102647501,-0.08110523,49887.79928257,54912.315832382,51078.015816077,50663.897113974,1.043292917,0.03033871,0.624237786,0.014388219,1.120939945,0.032044046,-0.137672568,-0.034757947,-0.015855422,-0.329927359,7.68209307,-0.807826065,-0.003344891,-0.066966636,-0.007226497,0.997724826,0.809725686,0.586806595,0.730343193,0.0,0.0,0.0,0.86058265,0.0,3.65194942
1772729823.2537436,1.043697,0.028152,0.62429,-0.01310553,-0.0421971,-0.00990274,0.99897427,-0.025442,-0.084668,-0.018747,0.036268547,1.096097005,0.038960099,0.264353642,-0.21672984,-0.130654917,-0.008007942,-0.044044949,0.999795409,0.099376487,-0.119547074,-0.066525335,50048.198682576,55023.204027389,51005.465027591,50527.840666801,1.04361242,0.040979149,0.62460413,0.003299249,1.122042923,0.030962165,-0.142687301,-0.038103148,-0.010833437,-0.268872806,7.728783565,-0.851852693,-0.002841997,-0.067375897,-0.00757489,0.997697916,0.803747525,0.594968786,0.730680449,0.0,0.0,0.0,0.86058265,0.0,3.651436655
1772729823.2637427,1.043967,0.039114,0.624714,-0.01213012,-0.0428783,-0.01022906,0.99895429,-0.023446,-0.086021,-0.01947,0.024009172,1.094781522,0.038085817,0.223759545,-0.225490537,-0.129215554,-0.012457049,-0.030513403,0.992478342,0.153192779,-0.115966103,-0.06003067,50513.84672914,55315.952604073,50594.612092269,50199.576139845,1.043796289,0.053915941,0.625046832,-0.01070818,1.122612356,0.029967434,-0.146465006,-0.021026886,-0.013548744,-0.19568772,7.784999572,-0.892612084,-0.002232531,-0.067869375,-0.00788728,0.997662681,0.796555533,0.604551581,0.731079803,0.0,0.0,0.0,0.86058265,0.0,3.650923927
1772729823.2737432,1.044117,0.050143,0.625016,-0.01050858,-0.04536773,-0.01174986,0.99884597,-0.020011,-0.091003,-0.022615,0.014022993,1.090595407,0.039198969,0.181267443,-0.24437834,-0.102614206,-0.020872772,-0.025772076,0.987042262,0.208948597,-0.098758052,-0.060821553,50926.345458391,55402.103679814,50218.447816432,50147.344480279,1.043819629,0.064770309,0.625394429,-0.022672133,1.122683755,0.028923676,-0.154635538,-0.020527914,-0.026153423,-0.086546666,7.8443069,-0.933506484,-0.001310725,-0.068392747,-0.008178753,0.997627449,0.790752053,0.612124938,0.731397879,0.0,0.0,0.0,0.86058265,0.0,3.650411125
1772729823.2837431,1.044225,0.060933,0.625472,-0.00994575,-0.04556575,-0.01191024,0.99884082,-0.018863,-0.09139,-0.022984,0.00288322,1.085761,0.041153613,0.121214962,-0.157118454,-0.065584148,-0.008475681,-0.039518461,0.997283951,0.282763025,-0.071611508,-0.051601374,50928.203377762,55657.447475579,50320.198638215,49780.603813889,1.043744159,0.075866906,0.625791638,-0.034948399,1.122157987,0.027220906,-0.144872156,-0.034223374,-0.017060255,0.04967164,7.88533007,-0.965771167,-0.000147086,-0.06875953,-0.008377983,0.997599141,0.784696586,0.619869513,0.731725559,0.0,0.0,0.0,0.86058265,0.0,3.649898348
1772729823.2937436,1.044208,0.071726,0.625907,-0.0098279,-0.04567758,-0.01171061,0.99883924,-0.018642,-0.091607,-0.022593,-0.007615742,1.082107326,0.040679545,0.124139341,-0.130676076,-0.035328751,-0.004206968,-0.054195255,0.998739972,0.330161355,-0.070442131,-0.043822575,50653.727044286,55722.628512806,50604.83246882,49765.035617954,1.043575551,0.085959792,0.626154804,-0.046281758,1.121359147,0.026171634,-0.140868494,-0.053723686,-0.011990484,0.22201214,7.916310148,-0.996058625,0.001332699,-0.069042122,-0.008537547,0.99757715,0.778539256,0.627575094,0.732054328,0.0,0.0,0.0,0.86058265,0.0,3.649385546
1772729823.3037438,1.044059,0.082599,0.626278,-0.00931982,-0.04666834,-0.0118655,0.99879648,-0.017588,-0.093582,-0.022935,-0.018987761,1.079525991,0.039593763,0.167848759,-0.107620256,0.00090711,-0.006791092,-0.028782601,1.000152341,0.332984199,-0.034843611,-0.06107639,51000.750508042,55553.110259537,50229.656621959,50161.513615514,1.04333319,0.095344517,0.626481056,-0.056939346,1.120425853,0.025714528,-0.144546898,-0.051976658,-0.013115053,0.405350532,7.936563325,-1.024744003,0.00290985,-0.069232738,-0.008676101,0.997559198,0.773059412,0.634255479,0.732342362,0.0,0.0,0.0,0.86058265,0.0,3.648872757
1772729823.3137438,1.043889,0.093337,0.626707,-0.00803243,-0.04795198,-0.01165444,0.99874935,-0.014997,-0.096119,-0.022616,-0.031956946,1.077791412,0.03795767,0.218903073,-0.066842771,0.007927246,-0.009133828,-0.036019137,0.997459851,0.301987631,-0.035209766,-0.058200105,50890.038982726,55446.731747379,50216.407374962,50442.421911358,1.043037305,0.104684323,0.626826565,-0.067555845,1.119094008,0.025530775,-0.148225214,-0.05022967,-0.014239595,0.590125087,7.94261672,-1.057206407,0.004498263,-0.06930064,-0.008846818,0.997546531,0.767579698,0.640935704,0.73263039,0.0,0.0,0.0,0.86058265,0.0,3.64835998
1772729823.323743,1.043396,0.104172,0.627029,-0.00689033,-0.04682619,-0.0117869,0.99880974,-0.012717,-0.093841,-0.023004,-0.046010242,1.077039392,0.035023207,0.271910725,-0.043253015,-0.030834503,-0.011474982,-0.043352761,0.994755765,0.27090338,-0.035682663,-0.055263849,50704.293943777,55623.857283609,50490.118168669,50269.378068465,1.04243666,0.116577474,0.627214567,-0.081234683,1.117120211,0.024235193,-0.151903267,-0.048482808,-0.015364057,0.774047096,7.941134938,-1.095255971,0.006076449,-0.069303853,-0.009066886,0.9975364,0.760580379,0.649240697,0.73299242,0.0,0.0,0.0,0.86058265,0.0,3.647847239
1772729823.333743,1.042958,0.114859,0.627398,-0.00506114,-0.04835252,-0.01193979,0.99874614,-0.008997,-0.096856,-0.023472,-0.058647026,1.073929948,0.033625168,0.292323189,-0.001381464,-0.053630199,-0.00433945,-0.049137991,0.998310727,0.234248623,-0.039082413,-0.0544361,50691.466887256,55616.573305435,50552.036445915,50322.262177023,1.041893869,0.126078783,0.627524537,-0.092124556,1.115100704,0.023370885,-0.147158777,-0.055184115,-0.015219617,0.930756848,7.945229537,-1.129220021,0.0074197,-0.069354013,-0.009267424,0.997523744,0.754985618,0.65572984,0.733278008,0.0,0.0,0.0,0.86058265,0.0,3.647507429
1772729823.3437426,1.042232,0.125654,0.627699,-0.00360214,-0.04762709,-0.01188155,0.99878802,-0.006092,-0.095369,-0.0235,-0.070672076,1.07061827,0.03299941,0.289996218,0.046872574,-0.053717517,-0.000377812,-0.048829642,1.000966194,0.212999041,-0.02155069,-0.064463629,50766.32995589,55427.409150472,50360.18109001,50761.544082092,1.041150301,0.136191915,0.627822912,-0.103918735,1.112815249,0.022649877,-0.140279841,-0.064026233,-0.014753573,1.057556802,7.948445741,-1.16020349,0.008504444,-0.069394523,-0.009460141,0.997508026,0.748576489,0.66303605,0.733601969,0.0,0.0,0.0,0.86058265,0.0,3.647507429
1772729823.3537433,1.041495,0.136298,0.628045,-0.0024646,-0.04710944,-0.01243289,0.99880932,-0.003769,-0.094308,-0.024716,-0.082361073,1.067461469,0.03260716,0.269294881,0.058193486,-0.054549327,0.00031249,-0.044817006,1.003132102,0.197061335,-0.014338055,-0.072385698,50369.962977318,55691.395751435,50677.58433457,50586.585220457,1.040384429,0.145480726,0.628104289,-0.114739812,1.110385225,0.021963702,-0.140897961,-0.056246775,-0.009032588,1.173376998,7.943765902,-1.195009536,0.009492016,-0.069366181,-0.009693426,0.997499719,0.742596252,0.669723471,0.733901044,0.0,0.0,0.0,0.86058265,0.0,3.647507429
1772729823.3637428,1.040597,0.146974,0.628359,-0.00126738,-0.04694081,-0.01278046,0.9988151,-0.001338,-0.093941,-0.025527,-0.092156654,1.062519506,0.033093233,0.247631722,0.05193032,-0.022841614,0.001928095,-0.039889247,1.007117013,0.17588868,-0.033655215,-0.071445211,50175.640896865,55610.187513389,50862.742579678,50730.662056982,1.039217056,0.157974355,0.628475309,-0.129422394,1.106864381,0.021708564,-0.140172495,-0.052017234,-0.0052765,1.311807933,7.940976114,-1.244228983,0.010667495,-0.069358164,-0.010038329,0.99748533,0.735012167,0.678043021,0.734276293,0.0,0.0,0.0,0.86058265,0.0,3.647507429
1772729823.373742,1.039664,0.157575,0.628691,0.00018978,-0.04725762,-0.01266764,0.99880239,0.001583,-0.094538,-0.025439,-0.104919389,1.059733897,0.032023884,0.224330407,0.044873417,-0.014475819,0.002246738,-0.043146247,1.009610912,0.161080477,-0.031506741,-0.061587049,50150.066912854,55435.28885744,50866.678769653,50973.50606992,1.038135021,0.168439852,0.62879467,-0.141668599,1.103587122,0.021737879,-0.139270246,-0.063764565,-0.002685941,1.419262397,7.948859039,-1.284965071,0.01157736,-0.06944027,-0.010326976,0.997466598,0.728096543,0.685464078,0.734614417,0.0,0.0,0.0,0.86058265,0.0,3.647507429
1772729823.3837419,1.038534,0.168164,0.629025,0.00146011,-0.04653317,-0.01248674,0.99883763,0.004097,-0.093056,-0.025192,-0.11768803,1.058337509,0.030092569,0.232743456,-0.042087932,-0.060980301,0.001832148,-0.042707278,1.006636773,0.14980538,-0.012884215,-0.053537215,50717.41345543,55285.150524679,50315.724932635,51101.236773501,1.036947364,0.178622603,0.629114499,-0.153741379,1.100193378,0.022274065,-0.138070146,-0.064793286,-0.001224166,1.515981117,7.950468842,-1.318884272,0.012398529,-0.069466628,-0.010563446,0.997451207,0.721425965,0.692480317,0.734937117,0.0,0.0,0.0,0.86058265,0.0,3.647507429
1772729823.3937418,1.037292,0.178695,0.629323,0.00218812,-0.04698364,-0.01283565,0.99881079,0.005602,-0.093937,-0.025964,-0.131277048,1.05641917,0.028056631,0.226745568,-0.104036494,-0.112516603,-0.003179123,-0.027405674,1.001630531,0.140463166,-0.015851702,-0.051528465,50401.327140885,55532.322671808,50590.46274673,50824.661248275,1.035762826,0.187825329,0.629396336,-0.164745383,1.096932191,0.022870623,-0.143495808,-0.047729226,-0.00929774,1.600298225,7.941459124,-1.346678846,0.013116596,-0.069399124,-0.010755406,0.997444938,0.715266082,0.698836451,0.735232174,0.0,0.0,0.0,0.86058265,0.0,3.647507429
1772729823.4037418,1.035969,0.189209,0.629605,0.00325158,-0.04737494,-0.01277281,0.99879022,0.00774,-0.094694,-0.025942,-0.142920552,1.051335443,0.027763566,0.20217656,-0.12864535,-0.153752631,-0.008861488,-0.010924003,0.997632628,0.140785711,-0.025268056,-0.048065413,50773.911822542,55403.798926727,50312.128498704,50974.203223494,1.034574873,0.196465934,0.629647547,-0.174923837,1.093773526,0.022448446,-0.144704304,-0.037053527,-0.015161277,1.666215768,7.939352119,-1.371209324,0.013675743,-0.069389879,-0.010929283,0.997436241,0.709529503,0.704658018,0.735504636,0.0,0.0,0.0,0.86058265,0.0,3.647507429
1772729823.413742,1.03437,0.199816,0.629827,0.00449815,-0.04855043,-0.01448976,0.9987055,0.010441,-0.096997,-0.029522,-0.153593775,1.044460961,0.02866986,0.169685999,-0.114429314,-0.152492616,2.6629e-05,-0.019104974,0.994065059,0.177977534,0.018856628,-0.037426588,50926.081232896,55348.918767104,50245.887944692,51058.70797926,1.033383408,0.204469965,0.629856567,-0.184372225,1.090863924,0.021623752,-0.138740782,-0.041399086,-0.014897598,1.734577779,7.935252113,-1.39179585,0.014258786,-0.069363284,-0.011067652,0.997428181,0.704092628,0.710094443,0.735760938,0.0,0.0,0.0,0.86058265,0.0,3.647507429
1772729823.4237416,1.032795,0.210277,0.630094,0.00579194,-0.0495614,-0.01592154,0.99862737,0.013211,-0.098964,-0.032538,-0.163144425,1.03593436,0.030272484,0.133439412,-0.066525054,-0.07927752,0.005268725,-0.038631219,0.997027026,0.177822896,0.027784183,-0.038046358,50955.849966478,55501.194449765,50317.798510679,50881.967364237,1.032119149,0.212396557,0.63004318,-0.193799796,1.087992722,0.020716365,-0.132564903,-0.064460191,-0.012985828,1.824231697,7.916535917,-1.413723276,0.015028075,-0.069211896,-0.011207028,0.997424468,0.698874786,0.715243897,0.736005293,0.0,0.0,0.0,0.86058265,0.0,3.647507429
1772729823.4337418,1.03117,0.22047,0.630454,0.0058963,-0.04941281,-0.01539749,0.99864234,0.013364,-0.09867,-0.031494,-0.17308208,1.028931556,0.030684237,0.117667376,0.053453479,-0.008764811,0.003544887,-0.044809948,1.004827081,0.200434959,0.032835671,-0.015649732,51149.31033581,55710.99453028,50268.5507638,50573.327093639,1.030363236,0.222862079,0.630297486,-0.206199232,1.083885344,0.01971161,-0.135431056,-0.075011649,-0.008065887,1.937848865,7.884128051,-1.433634557,0.016008837,-0.068943674,-0.011316726,0.997426495,0.691571432,0.722307394,0.736343987,0.0,0.0,0.0,0.86058265,0.0,3.647507429
1772729823.4437416,1.029398,0.230707,0.630799,0.0063308,-0.04838678,-0.01494684,0.99869677,0.014158,-0.096608,-0.030615,-0.186036114,1.026447308,0.02835296,0.123684174,0.111882148,0.02534074,0.007355883,-0.052605564,0.996630493,0.17588188,0.046399432,-0.019809219,51476.642830015,55401.684932993,50016.287341978,50915.580516521,1.028616222,0.232750596,0.630587273,-0.217916091,1.079381149,0.019284457,-0.13546392,-0.0659147,-0.00651869,2.05747013,7.842563327,-1.445101067,0.017048142,-0.068595366,-0.011351397,0.997431148,0.684970209,0.728566056,0.736647208,0.0,0.0,0.0,0.86058265,0.0,3.6472874
1772729823.453742,1.027477,0.24093,0.631088,0.00683381,-0.04776995,-0.01439824,0.99873121,0.015095,-0.095366,-0.029551,-0.199043177,1.023825355,0.026563487,0.152360789,0.150725041,0.042674663,0.005138354,-0.023342294,1.003131161,0.176662698,0.054903731,-0.021956733,51579.053171288,55355.03133308,49863.80972275,51062.937618686,1.026057322,0.246144813,0.630999471,-0.233746066,1.072869548,0.018912613,-0.134790391,-0.057486161,-0.005906745,2.179194663,7.792474041,-1.455887131,0.018107302,-0.068173119,-0.011381058,0.997441615,0.676829918,0.736072026,0.737016301,0.0,0.0,0.0,0.86058265,0.0,3.646802116
1772729823.4637415,1.025413,0.251172,0.631313,0.00757177,-0.04700208,-0.01383669,0.99877025,0.016499,-0.093817,-0.02848,-0.212196376,1.021323662,0.025218361,0.188598654,0.154138778,0.012164135,0.003064866,-0.027188844,1.003715001,0.174179111,0.075933377,-0.021093109,51475.501321586,55418.010572687,49993.862555066,51029.298678414,1.024225261,0.255098787,0.631251471,-0.244318306,1.068393912,0.018586165,-0.132489343,-0.060490037,-0.0080583,2.281522615,7.746628464,-1.466495621,0.018997331,-0.06778597,-0.01142083,0.997451393,0.668817447,0.743419411,0.737378677,0.0,0.0,0.0,0.86058265,0.0,3.646316878
1772729823.4737413,1.023221,0.261477,0.631489,0.00928005,-0.04581405,-0.0150434,0.9987936,0.020001,-0.091365,-0.031035,-0.222295511,1.014984748,0.026083047,0.20520986,0.130459484,-0.029272154,0.001495527,-0.040109075,1.00592791,0.168572968,0.055311518,-0.004686155,51326.094599897,55486.609623129,50268.563242127,50912.225916366,1.022455054,0.263325072,0.631454669,-0.254014476,1.064269021,0.018192467,-0.137013337,-0.072769732,-0.005043853,2.377682486,7.699432184,-1.474847225,0.019835258,-0.067386168,-0.01144551,0.997461469,0.662448227,0.749105808,0.737663263,0.0,0.0,0.0,0.86058265,0.0,3.645831629
1772729823.483741,1.020817,0.271699,0.631721,0.01032921,-0.04668722,-0.01519669,0.99874054,0.022149,-0.093077,-0.031461,-0.232613237,1.007333148,0.027062652,0.197390003,0.117704442,-0.00901117,0.006123776,-0.048633903,1.00790761,0.15081806,0.03893169,0.002458123,51581.402123237,55300.418814459,50159.034916342,51050.848245101,1.020623936,0.271429163,0.631621897,-0.263532989,1.060255628,0.01793846,-0.130597688,-0.084897007,-0.000977003,2.465138048,7.656706373,-1.477836177,0.020600076,-0.067023512,-0.011428404,0.997471099,0.656227417,0.754552436,0.737938867,0.0,0.0,0.0,0.86058265,0.0,3.645346379
1772729823.4937403,1.018575,0.281497,0.632148,0.01087681,-0.04496011,-0.01445711,0.99882495,0.023123,-0.08962,-0.029983,-0.243311285,0.998194988,0.030583634,0.13607255,0.194150125,0.036782018,0.006519279,-0.044702319,1.007382884,0.127560836,0.038129116,0.004828107,51570.398026117,55282.642965265,50297.009364846,50960.276061114,1.018345293,0.28085285,0.631825736,-0.274784048,1.055476619,0.018025498,-0.128585711,-0.086499961,-0.004121085,2.541865037,7.624366512,-1.475793903,0.021273181,-0.066749272,-0.011372188,0.997477053,0.649503882,0.760344194,0.738234671,0.0,0.0,0.0,0.86058265,0.0,3.644861153
1772729823.5037398,1.016145,0.291437,0.632449,0.01137943,-0.04406246,-0.01413622,0.99886394,0.024074,-0.087816,-0.02936,-0.252944142,0.989275671,0.033321827,0.057096354,0.22234411,0.073997545,0.004372813,-0.028503685,1.007418437,0.099865697,0.029809003,0.003835677,51026.026913373,55453.829336485,50808.299274885,50800.791512286,1.0161395,0.289737355,0.632101889,-0.285208378,1.050290348,0.018190532,-0.130474,-0.069336857,-0.001441858,2.61243611,7.600462683,-1.471353695,0.021893047,-0.066547361,-0.011297334,0.997477566,0.642465303,0.766298619,0.738541998,0.0,0.0,0.0,0.86058265,0.0,3.644375916
1772729823.5137389,1.013544,0.301318,0.632753,0.01162788,-0.04346325,-0.01403121,0.99888881,0.024544,-0.086612,-0.029155,-0.263994599,0.983750899,0.032870156,-0.010155452,0.253617259,0.117062083,0.00571256,-0.013189199,1.010292662,0.06971675,0.001649684,-0.000480508,50988.180612148,55496.633090117,50837.001895196,50597.204302094,1.013963034,0.298222538,0.632380403,-0.29512725,1.04508619,0.018768909,-0.130235507,-0.057432233,0.001960558,2.661914298,7.577056269,-1.469824701,0.022327551,-0.066348197,-0.011260195,0.997481689,0.635771531,0.771861907,0.738832134,0.0,0.0,0.0,0.86058265,0.0,3.643890701
1772729823.5237389,1.010705,0.311302,0.632977,0.01199185,-0.041978,-0.01298737,0.99896215,0.02514,-0.083655,-0.027052,-0.276529285,0.982453928,0.030160577,-0.016122527,0.217782291,0.087612475,0.002605458,-0.025555986,1.008640801,0.049219432,-0.000112467,0.000538063,51089.843550887,55550.288358877,50811.431289823,50490.42052695,1.011605073,0.307025401,0.632665725,-0.305413505,1.039603892,0.019244483,-0.128619896,-0.067022648,-0.003645193,2.702856357,7.562166681,-1.467768736,0.022686991,-0.066222203,-0.011221755,0.997482806,0.629018598,0.777375219,0.739122733,0.0,0.0,0.0,0.86058265,0.0,3.64340544
1772729823.533739,1.007936,0.320947,0.633452,0.01080088,-0.03956017,-0.01287277,0.99907589,0.022673,-0.078851,-0.026662,-0.290399675,0.982666827,0.027029727,0.03786561,0.046276048,0.008086415,0.002488847,-0.029023692,1.01021784,0.030509435,-0.00092132,0.019333971,50935.120398291,55576.002169339,50986.897498753,50500.981018288,1.00903262,0.316120704,0.632941275,-0.316120386,1.033998883,0.019496763,-0.133377537,-0.074547198,-0.00172937,2.727162825,7.551457256,-1.461470343,0.022903544,-0.066130101,-0.011155176,0.997484476,0.621784081,0.783176,0.739431839,0.0,0.0,0.0,0.86058265,0.0,3.642920168
1772729823.5437388,1.005083,0.330739,0.633656,0.0112694,-0.04133628,-0.01306071,0.99899636,0.023678,-0.082388,-0.027122,-0.301843528,0.978454002,0.026628813,0.08635181,-0.091223641,-0.044146882,0.00781193,-0.039350085,1.008513252,0.035599814,-0.009124491,0.022504262,50735.040077821,55228.338045828,51166.612559447,50901.702031993,1.006444834,0.324842772,0.633215438,-0.326485282,1.028605581,0.020001183,-0.124726409,-0.078952472,0.000424631,2.748965813,7.544980973,-1.453051032,0.023098994,-0.066074159,-0.011070704,0.997485029,0.614765229,0.78870059,0.739729557,0.0,0.0,0.0,0.86058265,0.0,3.642434918
1772729823.5537388,1.001935,0.340564,0.63385,0.01180009,-0.04066903,-0.0124389,0.99902556,0.024672,-0.081054,-0.025901,-0.310680133,0.971821886,0.025811194,0.137025975,-0.167920594,-0.075637144,0.001370821,-0.037127704,1.014490376,-0.00459654,0.033286234,0.025217649,51019.949926465,54910.532810421,50957.167798865,51146.071386885,1.003855366,0.333326733,0.63353905,-0.336501676,1.023091021,0.020730313,-0.133085012,-0.084397643,-0.000751917,2.761859617,7.526681111,-1.442848451,0.023219366,-0.065914046,-0.010978435,0.997491451,0.607367336,0.794415551,0.740041175,0.0,0.0,0.0,0.86058265,0.0,3.642499797
1772729823.5637383,0.998747,0.350308,0.634125,0.01318743,-0.04299281,-0.01395471,0.99889087,0.02765,-0.085627,-0.029123,-0.321554308,0.962970946,0.027732544,0.087038805,-0.135721889,-0.068086867,0.010147745,-0.036071913,1.021451833,0.003479632,0.049169065,0.031889767,51543.821955403,54992.56329331,50520.440737564,50894.310034305,1.00095317,0.342589837,0.633817108,-0.347342854,1.017232488,0.021203014,-0.125607833,-0.080404428,0.010880369,2.769520206,7.497312092,-1.427497116,0.023298462,-0.06565601,-0.010846788,0.997508195,0.600343167,0.799742351,0.740335034,0.0,0.0,0.0,0.86058265,0.0,3.642970732
1772729823.573738,0.995456,0.359934,0.634401,0.01417245,-0.04475539,-0.01497613,0.99878517,0.029773,-0.089095,-0.031314,-0.331983805,0.953702483,0.030339093,-0.007688128,-0.009247957,-0.016460358,0.011520326,-0.03311067,1.012551401,-0.019187988,0.072936255,0.031972522,51622.286708282,54431.48662081,50373.657270089,51525.782513618,0.99786091,0.351936749,0.634060918,-0.358564472,1.011495649,0.02250884,-0.122790182,-0.079218345,0.00538009,2.772025116,7.453410086,-1.408540563,0.023336423,-0.065270236,-0.010689881,0.997530821,0.592869058,0.805293297,0.740645368,0.0,0.0,0.0,0.86058265,0.0,3.643441677
1772729823.5837379,0.992129,0.36932,0.634772,0.01307159,-0.04318937,-0.01365071,0.99888812,0.027398,-0.086032,-0.028509,-0.34029642,0.942491905,0.035302734,-0.11815052,0.129738514,0.040736878,0.010551727,-0.020007063,1.008295977,-0.024917349,0.089262206,0.030823631,51621.291811328,54829.122606884,50325.45541117,51063.152861819,0.995331855,0.359321624,0.634271384,-0.367390417,1.007001912,0.023264903,-0.122524812,-0.063527739,0.000258632,2.766267047,7.399951483,-1.392137627,0.023302025,-0.064801011,-0.010561964,0.997560553,0.586218204,0.810141693,0.740919744,0.0,0.0,0.0,0.86058265,0.0,3.643912623
1772729823.5937371,0.988789,0.378621,0.635095,0.01258238,-0.04131933,-0.01328519,0.99897843,0.026329,-0.082313,-0.02768,-0.348325196,0.935113013,0.035726938,-0.139510194,0.146926731,0.103889396,0.012963049,-0.022740681,1.007660767,-0.011481725,0.102013117,0.030969408,51778.863232814,54768.798234302,50288.012697153,51004.908640016,0.991928623,0.368931471,0.634551581,-0.378755293,1.001084135,0.02337688,-0.118024813,-0.068991009,-0.003441064,2.758680275,7.342343801,-1.377045406,0.023251319,-0.064295756,-0.010447347,0.997595092,0.578207794,0.815877359,0.741248129,0.0,0.0,0.0,0.86058265,0.0,3.644383547
1772729823.603737,0.98508,0.387991,0.635552,0.00994536,-0.03999286,-0.01281537,0.99906828,0.020965,-0.079741,-0.02649,-0.359219476,0.92956462,0.036708058,-0.13121166,0.174544926,0.146252721,0.014295762,-0.035322431,1.007121688,0.004183415,0.10045025,0.033904427,51922.69131585,54758.540492641,50268.122595228,50875.46145943,0.988184386,0.379117129,0.634898627,-0.390678872,0.994388804,0.023430149,-0.115402375,-0.087531809,0.006171514,2.764630148,7.249647062,-1.351497466,0.023328195,-0.063484112,-0.01024169,0.997650914,0.569524337,0.82196425,0.741601602,0.0,0.0,0.0,0.86058265,0.0,3.644854504
1772729823.6137376,0.981544,0.397302,0.635846,0.01059535,-0.04011622,-0.01241849,0.99906166,0.02224,-0.079979,-0.025749,-0.370655637,0.926413218,0.036416973,-0.0599822,0.109049429,0.088797995,0.012021813,-0.031394763,1.009720657,0.021478669,0.079298867,0.039430348,51894.546246924,55079.357813782,50415.984721083,50274.595529122,0.984409859,0.389111545,0.635254523,-0.402210458,0.987395107,0.024507918,-0.112331333,-0.091916049,0.008042039,2.785763,7.188206408,-1.323282145,0.023534818,-0.062945296,-0.009997744,0.997686199,0.560483804,0.828158821,0.74196694,0.0,0.0,0.0,0.86058265,0.0,3.645325484
1772729823.623737,0.977766,0.406569,0.636205,0.01124731,-0.04066221,-0.01177474,0.99904026,0.02351,-0.08107,-0.024525,-0.380493855,0.921915642,0.03627047,0.024191206,0.047201369,0.063705455,0.009748081,-0.027467469,1.012319377,0.038772273,0.0581495,0.044955743,51683.978838122,54556.208733072,50531.964409568,50870.742209847,0.981123028,0.397291591,0.635616886,-0.41187475,0.981763621,0.025779376,-0.111853908,-0.080111197,0.006527207,2.81697153,7.146119124,-1.29357001,0.023827563,-0.062575423,-0.009731176,0.997703852,0.553054386,0.833134708,0.742265003,0.0,0.0,0.0,0.86058265,0.0,3.645796418
1772729823.633737,0.973907,0.415764,0.636509,0.0117635,-0.04071222,-0.01119705,0.99903892,0.024499,-0.081172,-0.02341,-0.3903839,0.916000427,0.035482085,0.089977566,0.019901072,0.088388928,0.013515436,-0.019719351,1.012845817,0.049221454,0.040146187,0.042976999,51657.9023809,54771.087777753,50500.845936583,50597.099428496,0.977342013,0.406645084,0.635986348,-0.422504957,0.975329386,0.02642792,-0.11274626,-0.064650049,0.006228657,2.848881287,7.101370955,-1.264644885,0.024126089,-0.062182446,-0.009471869,0.997724504,0.54532362,0.83817147,0.742572577,0.0,0.0,0.0,0.86058265,0.0,3.646267376
1772729823.6437373,0.969901,0.424815,0.637012,0.01086936,-0.03895335,-0.01143387,0.99911649,0.022681,-0.077667,-0.023768,-0.40103494,0.909425673,0.034907492,0.10874876,0.03903453,0.092285256,0.012105245,-0.018250277,1.013149175,0.0437032,0.026744926,0.043281919,51588.48778658,54738.694300404,50599.87742448,50497.142412675,0.973949467,0.414749996,0.63630904,-0.431779052,0.969716437,0.027344403,-0.114051647,-0.065250138,0.004098643,2.876132368,7.06802122,-1.243139436,0.024378638,-0.061889765,-0.00927731,0.997739804,0.537412352,0.843284808,0.742886584,0.0,0.0,0.0,0.86058265,0.0,3.646738344
1772729823.6537375,0.965864,0.433959,0.637262,0.01179403,-0.03909516,-0.01150107,0.99909969,0.024543,-0.077927,-0.023979,-0.413962943,0.904018073,0.036365808,0.042196926,0.080509144,0.068063961,0.00857372,-0.022796839,1.013151357,0.030314316,0.018438123,0.042879896,51542.512382633,54758.174617178,50590.61944672,50490.344319113,0.971459212,0.420546909,0.636531418,-0.438403469,0.965666609,0.027860465,-0.115558363,-0.068341169,0.0028619,2.893778244,7.047705434,-1.227210127,0.024543052,-0.061710895,-0.009133671,0.997746916,0.531641089,0.84695669,0.743114605,0.0,0.0,0.0,0.86058265,0.0,3.647209312
1772729823.6637373,0.961765,0.442898,0.637667,0.01219365,-0.03890601,-0.00959409,0.99912241,0.025191,-0.077588,-0.020182,-0.424937177,0.898661521,0.037222821,-0.012536024,0.123765846,0.013863808,0.012691521,-0.031373671,1.010623931,0.012062392,0.020808855,0.029693838,51466.55901808,54764.776128179,50593.294575922,50510.269292959,0.969259835,0.425608858,0.636721322,-0.444179065,0.962115417,0.028226179,-0.117148015,-0.06950608,0.002981475,2.908154556,7.024852643,-1.211569336,0.024679063,-0.061509706,-0.008994921,0.997755746,0.527181028,0.849745387,0.743289941,0.0,0.0,0.0,0.86058265,0.0,3.647679781
1772729823.6737373,0.957353,0.45193,0.637959,0.01271695,-0.03941913,-0.00990608,0.99909273,0.026276,-0.078596,-0.020863,-0.436971843,0.893887974,0.038388265,-0.065499407,0.141823297,-0.036234083,0.016809421,-0.039950708,1.008096445,-0.006189966,0.023179643,0.016507467,51126.050116975,54607.258912666,50710.071558885,50799.130990964,0.965257559,0.434448567,0.637146006,-0.454385016,0.955666664,0.029292157,-0.110029153,-0.080812621,7.8121e-05,2.91940961,7.000061976,-1.198733319,0.024786555,-0.061291971,-0.008882749,0.997769819,0.519173752,0.854658935,0.74360307,0.0,0.0,0.0,0.86058265,0.0,3.648149437
1772729823.6837373,0.952916,0.46081,0.638411,0.01140432,-0.03753207,-0.01066313,0.99917345,0.023659,-0.074829,-0.022229,-0.447708896,0.888219922,0.03983543,-0.142538265,0.186028754,-0.084899615,0.015668925,-0.045555466,1.013370867,-0.025323971,0.034489737,0.015536993,51223.173766533,54320.501249614,50544.106933251,51158.860492544,0.961278636,0.443074033,0.63748051,-0.464168847,0.949553576,0.029686678,-0.10732643,-0.088985109,0.000534827,2.923701053,6.968458926,-1.190727221,0.02483149,-0.061015399,-0.008817933,0.997783573,0.510575187,0.859823432,0.743937446,0.0,0.0,0.0,0.86058265,0.0,3.648619094
1772729823.6937375,0.948423,0.469664,0.638848,0.01033909,-0.03628517,-0.01167539,0.99921978,0.021567,-0.072335,-0.024148,-0.456094005,0.881662671,0.040618337,-0.18733666,0.164521446,-0.097583185,0.013745436,-0.040625845,1.013338211,-0.035920589,0.027236212,0.019712199,51286.328762542,54403.46599777,50568.267670011,50875.463991081,0.955749892,0.45428073,0.637950775,-0.476933513,0.940647124,0.030378473,-0.109617785,-0.092306374,0.003602433,2.912957906,6.92728865,-1.179741675,0.024748035,-0.060653726,-0.008737329,0.997810016,0.49942703,0.8663535,0.7443681,0.0,0.0,0.0,0.86058265,0.0,3.649088761
1772729823.7037373,0.943807,0.478444,0.639243,0.00940952,-0.03526374,-0.01219372,0.99925935,0.019715,-0.070304,-0.025098,-0.463199354,0.875560567,0.03912832,-0.154613043,0.082099269,-0.085244552,0.013232139,-0.025381753,1.010448789,-0.052631956,0.032157728,0.010595984,51286.184145148,54057.134156441,50493.431529022,51251.234359708,0.950046597,0.465779412,0.638436905,-0.49003648,0.931424334,0.031108019,-0.109884873,-0.072743971,0.00298207,2.892168407,6.870163315,-1.163397883,0.024581468,-0.060151215,-0.008618883,0.997843382,0.489924064,0.871757169,0.744732507,0.0,0.0,0.0,0.86058265,0.0,3.649558407
1772729823.7137372,0.939116,0.487195,0.639617,0.00909505,-0.03551757,-0.01208752,0.99925456,0.019084,-0.070821,-0.024868,-0.471014668,0.868508773,0.038954116,-0.08640391,-0.034041938,-0.043873196,0.012648591,-0.011403427,1.008127645,-0.07045678,0.043707077,-0.000181379,51182.889542185,54119.918655098,50451.653556342,51262.467119534,0.945684522,0.474368255,0.638822587,-0.499768079,0.924414626,0.031646417,-0.109346015,-0.059156646,0.000913939,2.86765311,6.825442951,-1.159643942,0.024374489,-0.059759159,-0.008609034,0.997873688,0.480170903,0.877163371,0.745104216,0.0,0.0,0.0,0.86058265,0.0,3.650028063
1772729823.7237372,0.934408,0.495821,0.640013,0.0081973,-0.03521551,-0.01216944,0.99927202,0.017283,-0.070238,-0.024963,-0.481379713,0.863363702,0.038056427,-0.035964453,-0.06720614,0.002574108,0.012375255,-0.024619931,1.002959548,-0.069865569,0.046197611,0.003274825,51068.014663456,54226.446150545,50535.165446699,51135.429651177,0.942595982,0.48021533,0.639108281,-0.506336917,0.919563454,0.031966924,-0.106801304,-0.073069171,-0.004740099,2.845177071,6.796500356,-1.158687319,0.024182184,-0.059505235,-0.00861883,0.997892492,0.474083189,0.880479293,0.745335285,0.0,0.0,0.0,0.86058265,0.0,3.650497719
1772729823.7337375,0.929597,0.504433,0.64031,0.0091208,-0.03766821,-0.01150721,0.99918242,0.019149,-0.075136,-0.023752,-0.492302878,0.857818728,0.039394618,-0.037260935,-0.021947633,0.048200378,0.012894355,-0.032581539,1.000581379,-0.06414091,0.033016746,0.002450301,50886.001645168,54246.94761689,50732.179537922,51087.926253547,0.940305711,0.484444431,0.639309441,-0.51110568,0.916336395,0.031978197,-0.106201781,-0.078006308,-0.005529965,2.823797975,6.772568007,-1.158074315,0.023998739,-0.059295091,-0.008629873,0.997906135,0.469714042,0.882804469,0.74550026,0.0,0.0,0.0,0.86058265,0.0,3.650967387
1772729823.7437367,0.924547,0.512963,0.64079,0.00871389,-0.03660905,-0.01237092,0.9992151,0.01837,-0.07301,-0.025431,-0.502890534,0.852254873,0.040761869,-0.065345947,0.058990537,0.063135438,0.014007911,-0.036599819,1.000296589,-0.05456559,0.008080088,-0.001585697,50857.380974532,54401.944790092,50751.782329341,50897.208745203,0.937782828,0.489072576,0.639527782,-0.516317278,0.912849989,0.031990307,-0.106489136,-0.078851029,-0.004102166,2.804224322,6.750767215,-1.157202255,0.023830923,-0.059103587,-0.00863714,0.997922932,0.46538103,0.885108832,0.745663845,0.0,0.0,0.0,0.86058265,0.0,3.65143701
1772729823.7537372,0.91944,0.521481,0.641222,0.00831394,-0.03636589,-0.01228339,0.99922846,0.017555,-0.072535,-0.025222,-0.513019332,0.846532295,0.041885413,-0.085095383,0.11489265,0.064125761,0.015121599,-0.040618579,1.000011764,-0.044989128,-0.016859544,-0.005622175,51047.618792883,54748.884913943,50518.253212583,50502.099430166,0.933635488,0.496487706,0.639866138,-0.524621767,0.907551891,0.032008272,-0.104152164,-0.084282606,-0.005337795,2.78419678,6.729291307,-1.156623085,0.023658971,-0.058914937,-0.008647113,0.997942062,0.458823537,0.888515856,0.745910186,0.0,0.0,0.0,0.86058265,0.0,3.651906689
1772729823.7637374,0.91429,0.529948,0.64161,0.00717836,-0.0337531,-0.01059486,0.99934826,0.015097,-0.067361,-0.021711,-0.521486181,0.841468596,0.042578382,-0.075338997,0.128550507,0.036587599,0.014687684,-0.038195949,1.005750894,-0.025948123,-0.039386663,-0.008482798,51066.310405781,54677.617926122,50457.144220021,50565.187709584,0.929488246,0.50390266,0.640204487,-0.532926057,0.90225392,0.032026236,-0.102420856,-0.084851908,-0.002790332,2.76053605,6.713892517,-1.160213534,0.023452616,-0.058779783,-0.00869386,0.997956379,0.450253808,0.892888226,0.746230876,0.0,0.0,0.0,0.86058265,0.0,3.652376356
1772729823.7737374,0.909023,0.538306,0.642051,0.00700487,-0.03451061,-0.01070682,0.99932243,0.014775,-0.068879,-0.021936,-0.528551592,0.835546426,0.042388483,-0.063792013,0.106214815,-0.020332329,0.016924555,-0.032306244,1.013146438,-0.004938235,-0.033657481,-0.005597137,51034.328082352,54482.816501599,50446.968026203,50763.623489043,0.924510359,0.512576381,0.640559543,-0.542590214,0.896178573,0.031874642,-0.102089963,-0.079212649,0.00431125,2.754840677,6.718001901,-1.168773625,0.023398211,-0.058816885,-0.008770447,0.997956084,0.440770507,0.897608917,0.746584012,0.0,0.0,0.0,0.86058265,0.0,3.652786016
1772729823.783738,0.90372,0.546611,0.642445,0.00675212,-0.03402921,-0.01140051,0.999333,0.014305,-0.067911,-0.023301,-0.537054805,0.830206503,0.041001768,-0.017968392,0.017400624,-0.082691768,0.013824672,-0.026563076,1.003135377,-0.009316201,0.000479409,-0.004146744,51004.478866866,54293.4269768,50433.990376203,50956.10601261,0.918747279,0.522119852,0.641027984,-0.553638141,0.88951871,0.032576724,-0.104130587,-0.072121567,-0.003346096,2.759164855,6.717429357,-1.173950766,0.02343327,-0.058813289,-0.008813439,0.997953023,0.430752739,0.902414887,0.746954389,0.0,0.0,0.0,0.86058265,0.0,3.652786016
1772729823.793738,0.898316,0.554898,0.642885,0.00726187,-0.034633,-0.01182724,0.99930373,0.01537,-0.069101,-0.024201,-0.54580897,0.82413917,0.041675584,-0.006491453,0.010459546,-0.103873689,0.008856503,0.000278731,1.005116958,-0.019918901,0.020157431,-0.010632442,50925.108560046,54283.223934581,50412.867903758,50955.86229491,0.912938039,0.531645335,0.641507372,-0.564715109,0.882884378,0.033332408,-0.103805895,-0.066275575,-0.006269585,2.756878494,6.69229533,-1.17771828,0.023413984,-0.058594998,-0.008852816,0.997964706,0.42051389,0.907281031,0.747332262,0.0,0.0,0.0,0.86058265,0.0,3.652786016
1772729823.803738,0.892821,0.563148,0.643299,0.00736212,-0.03407571,-0.01279508,0.99931023,0.015623,-0.067968,-0.026138,-0.555832251,0.819416535,0.04163854,-0.008667817,0.016942596,-0.060812944,0.01232766,-0.012324864,1.009897671,-0.020264542,0.026745196,-0.00745013,50783.030867136,54132.393981911,50511.179164683,51091.896449778,0.907458337,0.540344115,0.641936358,-0.574706466,0.876927437,0.033279168,-0.10310256,-0.060640281,-0.007865994,2.744778844,6.655295684,-1.183390106,0.023309491,-0.058272993,-0.008916307,0.997985486,0.411202131,0.911544058,0.747673634,0.0,0.0,0.0,0.86058265,0.0,3.652786016
1772729823.8137379,0.887178,0.571288,0.64369,0.00684797,-0.03392941,-0.0130834,0.99931513,0.014608,-0.067685,-0.026678,-0.566184922,0.815166395,0.041564589,-0.028973602,0.087682423,0.033952733,0.017183655,-0.034197779,1.013998266,-0.018849945,0.031878503,-0.002002181,51141.198563185,54094.826404428,50218.385466965,51056.895448122,0.901180146,0.550003378,0.642431698,-0.585829677,0.87020155,0.033351463,-0.104239917,-0.075019218,0.007387856,2.738518226,6.61630885,-1.18637641,0.023257429,-0.057933578,-0.008953826,0.998006722,0.400006794,0.916502325,0.748081788,0.0,0.0,0.0,0.86058265,0.0,3.652786016
1772729823.823738,0.881429,0.579424,0.644113,0.00670002,-0.03360334,-0.01262784,0.99933301,0.014272,-0.067043,-0.02575,-0.577016926,0.810167867,0.041934617,-0.031636526,0.083031397,0.085985678,0.017552004,-0.029798379,1.008507114,-0.007213197,0.068679472,-0.003120341,50638.124771388,53827.181583302,50669.922634772,51225.811362383,0.894501717,0.560057798,0.642948349,-0.597394416,0.863143968,0.034242876,-0.100025564,-0.07647343,-0.000653225,2.730833849,6.556251038,-1.189395836,0.023195121,-0.057410541,-0.008996788,0.998035133,0.388636966,0.921378408,0.748494169,0.0,0.0,0.0,0.86058265,0.0,3.652786016
1772729823.8337383,0.875728,0.587462,0.644562,0.00639143,-0.03262103,-0.01083959,0.99938857,0.013511,-0.06511,-0.022132,-0.586073888,0.804908946,0.041808723,-0.019426278,0.061714166,0.100386069,0.018109065,-0.024386145,1.008632611,0.000799475,0.074665237,0.00233069,50754.78729406,53870.290339724,50570.293732881,51102.279547034,0.888608319,0.568709845,0.643393421,-0.607289622,0.857098426,0.034738551,-0.102922628,-0.062359005,-0.001498641,2.722715399,6.506411912,-1.188628277,0.023129888,-0.056975676,-0.009004738,0.998062377,0.379658283,0.925113476,0.748818313,0.0,0.0,0.0,0.86058265,0.0,3.652786016
1772729823.8437383,0.869716,0.595556,0.644941,0.00655769,-0.0327131,-0.01100296,0.9993827,0.013857,-0.065288,-0.022471,-0.595728637,0.8012982,0.041108878,0.005028213,0.046528692,0.076211837,0.017294501,-0.019527068,1.008648449,0.006486737,0.078531334,0.007403977,51078.657874559,53832.127817819,50298.387977304,51127.837448244,0.883204938,0.576486574,0.643793816,-0.616142766,0.851684565,0.034987265,-0.09836557,-0.064569587,0.001923713,2.719548335,6.439947232,-1.186211684,0.023110275,-0.056396048,-0.00899935,0.998095161,0.370460602,0.928834995,0.74914908,0.0,0.0,0.0,0.86058265,0.0,3.652786016
1772729823.853739,0.863731,0.603523,0.645385,0.0066689,-0.03208818,-0.01098722,0.9994024,0.014064,-0.064035,-0.022437,-0.604758133,0.796839066,0.040767793,0.031150595,0.080937338,0.018720482,0.008538013,-0.019429478,1.007728079,-0.000136735,0.066924588,0.009327711,51230.481819247,53915.35491736,50163.161669206,50897.008838354,0.877628171,0.584348063,0.644201286,-0.625117207,0.846211643,0.035244469,-0.100619424,-0.072402124,-0.002712902,2.719848217,6.379348668,-1.179987894,0.023122086,-0.055867005,-0.008957829,0.99812586,0.361417452,0.932391262,0.749472984,0.0,0.0,0.0,0.86058265,0.0,3.652786016
1772729823.8637388,0.857648,0.611432,0.645786,0.00687631,-0.03273659,-0.01122212,0.99937735,0.01451,-0.065325,-0.022931,-0.612587181,0.791227211,0.040059867,0.044836954,0.153646201,-0.023863848,0.009312812,-0.025823746,1.005573426,0.017031794,0.048838595,0.007491219,51384.68790807,54011.535648995,49994.949856359,50772.44606947,0.871574489,0.592670151,0.644647022,-0.634492576,0.840367478,0.035524787,-0.098284095,-0.071398505,-0.001860042,2.732263568,6.314168725,-1.168295126,0.023242472,-0.055297876,-0.00886379,0.99815343,0.351852424,0.936042553,0.749814238,0.0,0.0,0.0,0.86058265,0.0,3.652786016
1772729823.8737388,0.851521,0.61933,0.646176,0.00714643,-0.03225989,-0.01115294,0.99939173,0.015035,-0.064366,-0.022803,-0.620330972,0.785069999,0.041387918,0.062572216,0.123233956,-0.039655585,0.01279412,-0.029993009,1.004820614,0.038036209,0.03384721,0.012109167,51274.678200585,54056.950109098,50195.884402903,50529.213893316,0.86409454,0.602695633,0.645171972,-0.645778774,0.833419131,0.0354968,-0.099577221,-0.076377939,0.003534229,2.754399465,6.267706416,-1.160236606,0.023443806,-0.05489323,-0.008792877,0.998175026,0.340357598,0.940283867,0.75022267,0.0,0.0,0.0,0.86058265,0.0,3.652786016
1772729823.8837388,0.845188,0.62722,0.646565,0.00722603,-0.03061765,-0.01141964,0.99943981,0.015172,-0.061074,-0.023315,-0.627710311,0.777806511,0.044652005,0.079656168,-0.032574928,-0.037378504,0.021108175,-0.030188997,1.006571043,0.065889305,0.024382373,0.028252337,50956.389940661,54037.945875825,50614.542192196,50279.698168461,0.856566617,0.612504899,0.645698279,-0.656920658,0.826528448,0.036171565,-0.091182605,-0.079770758,0.004642136,2.793960598,6.22193488,-1.14335005,0.023801002,-0.054494047,-0.008636782,0.998190982,0.328515222,0.944494287,0.750641657,0.0,0.0,0.0,0.86058265,0.0,3.652786016
1772729823.8937387,0.838921,0.634894,0.647057,0.00796589,-0.03024625,-0.01141982,0.99944549,0.016645,-0.060314,-0.023353,-0.639356049,0.772296346,0.046243284,0.075731401,-0.277196403,-0.0480635,0.014475991,-0.007843653,1.006067478,0.053160967,0.006705123,0.024788178,50468.682234373,53684.260962796,51061.249512169,50634.398220221,0.84998796,0.620861465,0.646145446,-0.666417082,0.820504803,0.036920426,-0.089261053,-0.073871184,-4.8479e-05,2.82678932,6.19440392,-1.124709207,0.024098513,-0.054252795,-0.008464827,0.998198716,0.317772602,0.948166705,0.751020084,0.0,0.0,0.0,0.86058265,0.0,3.652786016
1772729823.9037387,0.832544,0.642599,0.647491,0.00827484,-0.03148941,-0.01150117,0.99940366,0.017299,-0.062792,-0.023558,-0.649758545,0.766969651,0.04762996,0.074162812,-0.517831153,-0.034037059,0.016825856,-0.017021567,0.997119311,0.056186514,0.020771622,0.015755222,50700.525921645,53614.456596595,50783.785451131,50743.435984493,0.844466521,0.627783846,0.646507455,-0.674134629,0.815529174,0.036933134,-0.090125705,-0.066010142,-0.005529427,2.857889435,6.170512118,-1.112142503,0.024377665,-0.054044289,-0.008345986,0.998205372,0.310142383,0.950684142,0.751287921,0.0,0.0,0.0,0.86058265,0.0,3.652786016
1772729823.9137387,0.825947,0.650224,0.648054,0.0087155,-0.03744805,-0.01204069,0.99918802,0.018371,-0.074695,-0.024786,-0.659804747,0.76131578,0.048424211,0.071367826,-0.765144262,-0.016784934,0.018438191,-0.025055131,1.002343451,0.070071625,0.012064991,0.018697563,50989.46322772,54248.357319435,50433.515821351,50078.263689176,0.838215083,0.635436219,0.646894807,-0.682722864,0.810126667,0.036213471,-0.09126439,-0.067526646,0.000504052,2.891670249,6.144773075,-1.103678149,0.024678382,-0.053820714,-0.008262107,0.998212162,0.300893056,0.953650473,0.751611701,0.0,0.0,0.0,0.86058265,0.0,3.652786016
1772729823.9237387,0.819282,0.657812,0.648527,0.00894909,-0.04151556,-0.01245675,0.99902012,0.018981,-0.082821,-0.025723,-0.667101607,0.758025878,0.045188038,0.057466066,-0.676078782,0.004773664,0.021301337,-0.031669421,1.004943591,0.066446852,0.033845467,0.026962843,51108.702937662,53265.925796218,50487.951341107,50985.522351778,0.831155242,0.643833994,0.647378468,-0.692111092,0.803712745,0.036468871,-0.08667177,-0.07933373,0.001161048,2.926953929,6.112609361,-1.092259598,0.024994146,-0.053540594,-0.008153354,0.998216405,0.291179029,0.956661717,0.751950686,0.0,0.0,0.0,0.86058265,0.0,3.652786016
1772729823.9337387,0.812491,0.665431,0.648875,0.00862084,-0.04382645,-0.01184755,0.99893171,0.018333,-0.087466,-0.024522,-0.674991922,0.755166221,0.040844464,0.041022773,-0.375901395,-0.006911722,0.019365384,-0.029009427,1.000120465,0.054171099,0.024016286,0.022910365,50559.05045705,53652.33986734,50937.438075438,50570.52981553,0.823713955,0.652612051,0.647900634,-0.701981531,0.796967303,0.03668665,-0.085005336,-0.080156195,-9.7934e-05,2.965539587,6.066329883,-1.074350325,0.025342971,-0.053136238,-0.007989954,0.998232901,0.2796058,0.960110912,0.752353228,0.0,0.0,0.0,0.86058265,0.0,3.652786016
1772729823.9437397,0.805824,0.67292,0.649349,0.00946566,-0.04553572,-0.01149132,0.99885177,0.02004,-0.090874,-0.023919,-0.677859912,0.748463923,0.03983578,0.045664048,-0.050334136,-0.003119009,0.017334647,-0.024347926,1.000389787,0.040449641,0.029485639,0.019465264,51276.070588235,53173.766666667,50348.344117647,51081.507843137,0.812893,0.664826991,0.648703983,-0.716192002,0.787364853,0.036459796,-0.085309003,-0.076070619,-0.000385758,3.012959595,6.011720273,-1.056663655,0.025769304,-0.052659859,-0.007826653,0.998245975,0.264324586,0.964402611,0.752882343,0.0,0.0,0.0,0.86058265,0.0,3.652786016
1772729823.95374,0.798992,0.68034,0.649763,0.00951122,-0.04607531,-0.01175096,0.99882357,0.020169,-0.091948,-0.024456,-0.682185363,0.740861682,0.040872184,0.034475559,0.126234156,0.041956251,0.015786579,-0.020296385,1.000898421,0.026008658,0.041199521,0.016679471,50917.671071551,53150.277005592,50737.894876184,51058.191235878,0.804820791,0.673696519,0.649202129,-0.726710031,0.780489667,0.036053347,-0.085612647,-0.071985336,-0.000673562,3.045439664,5.96319165,-1.042477104,0.026063215,-0.052236126,-0.007699523,0.998260645,0.252784992,0.967514815,0.753280719,0.0,0.0,0.0,0.86058265,0.0,3.652786016
1772729823.9637399,0.792187,0.687832,0.649999,0.0095472,-0.0397362,-0.01181379,0.99909475,0.02008,-0.079258,-0.024444,-0.688565323,0.733556333,0.042566513,0.029427771,0.169804731,0.077113586,0.018944206,-0.016555482,1.006861704,0.031266002,0.06257201,0.018202292,50925.553856505,53225.251554631,50692.013639978,50820.254429425,0.798507961,0.680560463,0.649610366,-0.734636732,0.775021238,0.036168957,-0.085916284,-0.06790015,-0.000961359,3.061308119,5.923843274,-1.031813218,0.026209874,-0.051891974,-0.007608715,0.998275569,0.243862867,0.96980017,0.75358774,0.0,0.0,0.0,0.86058265,0.0,3.652786016
1772729823.97374,0.78517,0.695086,0.650511,0.00987695,-0.04108716,-0.0120118,0.99903454,0.020793,-0.081949,-0.024898,-0.697251209,0.728697995,0.040754468,0.025354698,0.286737487,0.115500727,0.021140658,-0.018910534,1.012020229,0.053519023,0.054138985,0.020239163,50402.183864457,53424.508430689,51202.555936143,50562.845332028,0.792253527,0.687228286,0.649998959,-0.742345929,0.769599875,0.036295781,-0.083665928,-0.07148138,0.004071385,3.079636408,5.886270827,-1.021951212,0.026377387,-0.051563613,-0.007523448,0.998290289,0.234597968,0.972081643,0.753905794,0.0,0.0,0.0,0.86058265,0.0,3.652786016
1772729823.9837399,0.778301,0.702236,0.651065,0.01003785,-0.04203656,-0.01039785,0.99901154,0.021005,-0.08388,-0.021697,-0.708788186,0.72555955,0.038624687,0.037536089,0.338390207,0.145726338,0.021821857,-0.027250264,1.00961939,0.072969012,0.031223368,0.019713703,50868.850215888,53429.204176378,50706.456306599,50565.367104811,0.786701055,0.693128435,0.650278317,-0.748941394,0.764903871,0.036555478,-0.079900285,-0.080918936,0.004616225,3.105300038,5.85303187,-1.01284091,0.026608027,-0.051273622,-0.0074405,0.998299853,0.226318265,0.974040218,0.754189405,0.0,0.0,0.0,0.86058265,0.0,3.652786016
1772729823.9937398,0.771024,0.709501,0.651425,0.00975848,-0.04191459,-0.0089841,0.99903314,0.020324,-0.08367,-0.018836,-0.719221043,0.72132124,0.038650892,0.075040889,0.285702945,0.104114464,0.024958631,-0.031894258,1.00178697,0.071436799,0.050163971,0.016114712,51124.706734317,53312.814575646,50470.175461255,50631.451107011,0.780400285,0.699684407,0.650628478,-0.756312841,0.759519557,0.036851437,-0.077870647,-0.085404529,0.000908131,3.14801501,5.822895346,-1.004956428,0.026986349,-0.051011993,-0.007360041,0.998304772,0.217727141,0.975997533,0.754483136,0.0,0.0,0.0,0.86058265,0.0,3.652786016
1772729824.0037396,0.763846,0.716772,0.651666,0.01049899,-0.03722796,-0.00928393,0.99920852,0.021734,-0.07427,-0.01939,-0.731892462,0.718222693,0.037913129,0.100275578,0.222564105,0.013641459,0.023438522,-0.024742656,1.003430938,0.081438971,0.059588339,0.006030542,51366.673517958,53332.786023367,50183.239073994,50667.422544353,0.772068465,0.708169423,0.651185648,-0.765742747,0.752119949,0.037284549,-0.079298472,-0.077738611,0.002476383,3.210824596,5.754197385,-0.991718831,0.027545451,-0.050414361,-0.007233814,0.998318356,0.206353949,0.978464707,0.754871052,0.0,0.0,0.0,0.86058265,0.0,3.652786016
1772729824.01374,0.756458,0.72398,0.651963,0.01113963,-0.03352787,-0.0091265,0.99933403,0.02293,-0.066858,-0.019031,-0.739550861,0.713323582,0.037327328,0.120111297,0.166521634,-0.089352232,0.021918305,-0.017590543,1.005075023,0.091441859,0.069013381,-0.004054349,51613.579116697,53422.20109548,49849.839944649,50695.151845018,0.76120998,0.718904182,0.651780878,-0.777665599,0.742890095,0.036574895,-0.080726398,-0.070072144,0.004044748,3.294707984,5.679981866,-0.985756478,0.028285359,-0.049771621,-0.007164198,0.998331792,0.192933713,0.981210164,0.755327694,0.0,0.0,0.0,0.86058265,0.0,3.652786016
1772729824.02374,0.748983,0.731015,0.652507,0.01208699,-0.03643853,-0.01007233,0.99921203,0.024957,-0.07264,-0.021067,-0.746395661,0.705165047,0.039938208,0.148420904,-0.062736192,-0.152392997,0.022226035,-0.015327145,1.002233245,0.10906329,0.067565344,-0.010192154,51491.213122694,53322.083464022,49907.879151292,50857.661623616,0.748941309,0.73081021,0.652341542,-0.790926276,0.732735575,0.035931642,-0.077106259,-0.074988,-0.007060301,3.385448091,5.60301338,-0.985345178,0.02908281,-0.049106633,-0.007141433,0.998341729,0.179150884,0.983705386,0.755794588,0.0,0.0,0.0,0.86058265,0.0,3.652786016
1772729824.0337403,0.741512,0.737992,0.65294,0.01256337,-0.0381203,-0.0114923,0.99912809,0.026059,-0.075958,-0.023994,-0.751569268,0.696853209,0.0423237,0.153040094,-0.258310837,-0.140754249,0.02677041,-0.020087688,1.001595176,0.123508785,0.07409414,-0.006216066,51339.317440913,53213.02791361,50009.967705786,51015.922931948,0.741200253,0.738043554,0.652768309,-0.799057071,0.726287398,0.035305177,-0.073113873,-0.081299641,-0.008307086,3.473642364,5.528954821,-0.987011693,0.029856961,-0.048467374,-0.007137538,0.998351154,0.165358425,0.986195467,0.756261763,0.0,0.0,0.0,0.86058265,0.0,3.652786016
1772729824.0437403,0.733894,0.745006,0.653305,0.01325545,-0.038821,-0.01164707,0.99909037,0.027477,-0.07734,-0.024377,-0.756960668,0.689139876,0.042872846,0.129324753,-0.353086443,-0.110124355,0.026480777,-0.019529044,1.005499818,0.106887046,0.0822412,-0.002751139,50716.518267607,53012.287851396,50823.014045893,51040.283003874,0.733308241,0.745270929,0.653213189,-0.807210592,0.71953016,0.035329104,-0.071197277,-0.082562306,-0.001465595,3.539602227,5.470467026,-0.990087709,0.030435468,-0.047962734,-0.007152379,0.998358201,0.155363095,0.987849195,0.756599499,0.0,0.0,0.0,0.86058265,0.0,3.652786016
1772729824.0537395,0.726509,0.751749,0.653753,0.01397707,-0.0412447,-0.01195127,0.99897982,0.029013,-0.082164,-0.025118,-0.761578174,0.683418678,0.040380516,0.123588871,-0.246598151,-0.07888252,0.024762965,-0.017491459,1.005368136,0.093954006,0.070319493,-0.002023941,50764.844879309,53408.899354326,50700.531081752,50648.670805602,0.726776284,0.751153593,0.653550238,-0.813875158,0.714015286,0.035399865,-0.070716331,-0.078790025,0.000292972,3.585934518,5.423370869,-0.98960865,0.030843485,-0.04755519,-0.007141792,0.998365179,0.146235309,0.989238942,0.756907295,0.0,0.0,0.0,0.86058265,0.0,3.652786016
1772729824.0637395,0.718711,0.758624,0.654113,0.01485385,-0.04131425,-0.01179567,0.99896614,0.030761,-0.082285,-0.024881,-0.770067654,0.679477726,0.037547006,0.110160752,-0.062169614,-0.015659393,0.026074784,-0.016805774,1.003642446,0.087613476,0.069898673,-0.004143983,51076.679178792,52911.316433248,50403.239518916,51291.3712259,0.719621956,0.757528306,0.65394311,-0.820783978,0.707622706,0.035516256,-0.069758803,-0.078068538,-0.000975941,3.640524027,5.373729903,-0.992328127,0.031322351,-0.047126855,-0.007156747,0.998369905,0.136875046,0.990577012,0.757222457,0.0,0.0,0.0,0.86058265,0.0,3.652786016
1772729824.0737395,0.710947,0.765424,0.654485,0.01495725,-0.04104459,-0.0122738,0.99896996,0.031,-0.081728,-0.025839,-0.77769338,0.673326652,0.038216975,0.111208446,0.010010557,0.022486478,0.023391869,-0.017225419,1.006650917,0.075806028,0.078763145,0.001706664,50831.943929152,53208.646386836,50665.321123513,50792.818791595,0.711395188,0.764706165,0.654366905,-0.828724954,0.700395945,0.035607125,-0.067765235,-0.08208151,-0.002338303,3.690926634,5.315274871,-0.994675473,0.031765694,-0.046621373,-0.007173092,0.998379293,0.126499228,0.991956182,0.757571364,0.0,0.0,0.0,0.86058265,0.0,3.652786016
1772729824.0837395,0.703253,0.772042,0.654929,0.01544033,-0.04157602,-0.01252159,0.99893756,0.032004,-0.082772,-0.026394,-0.785448321,0.667436709,0.038590577,0.097619106,0.080574398,0.041260183,0.025116133,-0.020383065,1.004583309,0.080066907,0.059186247,0.012592205,50874.268301096,53039.409560182,50785.662757176,50980.211974868,0.7032365,0.771700279,0.654765163,-0.836460111,0.69336597,0.035495054,-0.065771666,-0.086094483,-0.003700666,3.738014042,5.257329388,-0.991402061,0.032182394,-0.046118558,-0.007142089,0.998389888,0.116190647,0.993217156,0.75791758,0.0,0.0,0.0,0.86058265,0.0,3.652786016
1772729824.0937395,0.695272,0.778768,0.655233,0.0163047,-0.04049112,-0.01166945,0.9989787,0.033637,-0.080606,-0.024718,-0.793216452,0.662406634,0.038513576,0.094985802,0.128498311,0.050107932,0.029755765,-0.021031431,1.006141017,0.109492512,0.051352232,0.010914667,51810.52402706,53245.41810829,49915.581592152,50625.565016601,0.695174811,0.77849493,0.655185946,-0.843759767,0.686207742,0.035474042,-0.063197132,-0.086785541,0.000676625,3.785809816,5.211842278,-0.984945049,0.032605424,-0.045723395,-0.007079859,0.998395873,0.10586853,0.994371285,0.758263786,0.0,0.0,0.0,0.86058265,0.0,3.652786016
1772729824.103739,0.687248,0.785375,0.655624,0.01647798,-0.03935444,-0.01095603,0.99902936,0.033897,-0.078352,-0.023261,-0.798566865,0.655382443,0.038640557,0.099431018,0.129612502,0.046259862,0.027843618,-0.021885006,1.00985842,0.133889694,0.07267626,0.011121529,51152.265822785,52960.025316456,50469.696202532,50904.772151899,0.686838082,0.785391916,0.6555643,-0.851312675,0.679028072,0.035496235,-0.065053852,-0.087848133,0.002422068,3.856418003,5.163092143,-0.977220096,0.033227954,-0.045300777,-0.00699887,0.998394948,0.095705084,0.995401548,0.758604311,0.0,0.0,0.0,0.86058265,0.0,3.652786016
1772729824.1137388,0.679373,0.791787,0.656086,0.01727332,-0.03959155,-0.01106031,0.99900541,0.035506,-0.078804,-0.023542,-0.806318446,0.648788167,0.038085254,0.103225955,0.145309786,0.038330744,0.027187468,-0.018906525,1.003038374,0.137627149,0.072825742,0.012464237,50879.282755516,53299.484376407,50760.73865376,50486.294394417,0.679039511,0.791706195,0.655926302,-0.85830241,0.672324911,0.035695587,-0.064090893,-0.090852403,-0.005022771,3.928580576,5.108913023,-0.970076933,0.033864221,-0.044831037,-0.006924467,0.998395563,0.085856155,0.996299242,0.758933957,0.0,0.0,0.0,0.86058265,0.0,3.652786016
1772729824.1237392,0.671194,0.79832,0.656431,0.01743559,-0.03853345,-0.01099918,0.99904464,0.035798,-0.076685,-0.023392,-0.81301682,0.642017862,0.037891858,0.109989878,0.176598718,0.016233184,0.027893692,-0.013199654,1.001337011,0.148717342,0.057343041,0.008319655,51313.652408825,53495.895002251,50329.201846015,50260.611031067,0.672876714,0.796619763,0.656243946,-0.863490707,0.666804552,0.035464766,-0.062331795,-0.084360276,-0.003455665,3.999041951,5.061271074,-0.964217679,0.034484552,-0.044418457,-0.006860475,0.998393915,0.078237016,0.99692204,0.759188792,0.0,0.0,0.0,0.86058265,0.0,3.652786016
1772729824.1337388,0.663042,0.804727,0.65679,0.01825188,-0.03782183,-0.01126481,0.99905429,0.037436,-0.075232,-0.023959,-0.818476655,0.634779976,0.037851299,0.126122168,0.168480195,0.01066507,0.028369278,-0.01102363,1.005128575,0.165840168,0.047934461,0.006525713,51408.316761235,53311.777841256,50232.617045587,50463.367542231,0.667374973,0.800958142,0.656514629,-0.868107898,0.661920499,0.035352862,-0.061310096,-0.075248325,0.002417475,4.047732888,5.036732392,-0.961521876,0.034911942,-0.044206751,-0.006825782,0.998388467,0.071434948,0.997436723,0.759416194,0.0,0.0,0.0,0.86058265,0.0,3.652786016
1772729824.1437385,0.654818,0.811007,0.657153,0.01883411,-0.03675575,-0.01078721,0.99908855,0.038539,-0.073103,-0.023003,-0.825266424,0.628266489,0.037069188,0.15127299,0.158930211,0.02904434,0.027554229,-0.018315285,1.00288935,0.164471206,0.062963269,0.007878275,51475.920695348,53112.235757841,50170.930465249,50692.866893508,0.662258149,0.804958983,0.656751732,-0.872426477,0.657441428,0.035375151,-0.060907262,-0.089291559,-0.004644132,4.10716382,5.005563898,-0.958322147,0.035433665,-0.043937748,-0.00678482,0.998382739,0.065054223,0.997876322,0.759629392,0.0,0.0,0.0,0.86058265,0.0,3.652786016
1772729824.1537387,0.646537,0.817223,0.657549,0.0195326,-0.03602408,-0.01050423,0.9991048,0.0399,-0.071635,-0.022456,-0.832861692,0.622211199,0.037175521,0.153441669,0.132352826,0.04859294,0.026405041,-0.024062817,1.002546701,0.151137549,0.078188977,0.008471015,51475.214162989,52953.972509517,50241.583701108,50950.044672034,0.656313943,0.809531401,0.657016258,-0.87728254,0.652200704,0.034986915,-0.062473122,-0.095447238,-0.001986008,4.182928808,4.962128545,-0.954191652,0.036099099,-0.043562515,-0.006733706,0.998376244,0.057784531,0.99831694,0.759872161,0.0,0.0,0.0,0.86058265,0.0,3.652786016
1772729824.1637383,0.638183,0.82345,0.657931,0.02070986,-0.03486084,-0.01020144,0.99912549,0.042209,-0.069294,-0.021883,-0.838595769,0.61497749,0.03805025,0.15402476,0.085743418,0.047385151,0.026028877,-0.024642011,1.005020648,0.132789517,0.080475321,0.006330888,51126.794754114,53105.4708694,50563.248834776,50734.701369733,0.649023958,0.81505035,0.657336594,-0.883171492,0.64562542,0.034924343,-0.062856925,-0.096273482,0.001669273,4.250410549,4.912565672,-0.949603886,0.036693042,-0.043133208,-0.006684239,0.998372301,0.049158774,0.998778384,0.760160086,0.0,0.0,0.0,0.86058265,0.0,3.652786016
1772729824.1737385,0.629781,0.829571,0.65829,0.02122051,-0.03544876,-0.00987183,0.9990974,0.043223,-0.070473,-0.021285,-0.844876874,0.608436031,0.038309904,0.158280821,0.076679453,0.041950138,0.029849731,-0.020562775,1.0047986,0.130330755,0.055176683,0.000686097,51369.428010048,53063.363344691,50306.814261198,50850.788768125,0.640470114,0.821397469,0.657719823,-0.889914357,0.637764624,0.034936996,-0.057254143,-0.096309665,-0.003160963,4.322026188,4.858284305,-0.945895189,0.037323046,-0.042663263,-0.006642972,0.998369317,0.038949192,0.999228846,0.760500737,0.0,0.0,0.0,0.86058265,0.0,3.652786016
1772729824.1837387,0.621301,0.835586,0.658686,0.02199127,-0.03523423,-0.00986775,0.99908836,0.044762,-0.070027,-0.021321,-0.851051006,0.601525185,0.03704279,0.149650496,0.068339568,0.030564637,0.032245664,-0.020546283,1.004813508,0.151131872,0.056411115,0.006025053,51425.65658864,53150.030034984,50325.307687932,50656.581700276,0.630885851,0.828387827,0.658153735,-0.897245852,0.628973794,0.034739765,-0.054032155,-0.097375086,-0.003450406,4.40894625,4.805445564,-0.944387567,0.038085419,-0.042207451,-0.006615353,0.99836082,0.027754975,0.999572561,0.760874071,0.0,0.0,0.0,0.86058265,0.0,3.652786016
1772729824.1937387,0.612683,0.841632,0.659045,0.02243805,-0.03461211,-0.00963101,0.99910249,0.045626,-0.068784,-0.020849,-0.857112006,0.593011463,0.036252948,0.121256911,0.07381591,0.038524606,0.026519312,-0.014289552,1.00033881,0.155889687,0.069509999,0.012298099,51311.159420718,53294.156140092,50534.773636767,50323.39009901,0.620931381,0.835510533,0.658589056,-0.9046834,0.619802001,0.03462955,-0.055372775,-0.097568576,-0.004145029,4.520628355,4.737484215,-0.934064892,0.039068005,-0.041618273,-0.006507921,0.998348857,0.015931906,0.999854055,0.761268275,0.0,0.0,0.0,0.86058265,0.0,3.652786016
1772729824.2037392,0.604153,0.847469,0.659426,0.02332357,-0.03390119,-0.00949693,0.99910787,0.047375,-0.06735,-0.020606,-0.86207895,0.584573712,0.036596092,0.104170207,0.075163562,0.021588242,0.024039728,-0.014760377,1.002503524,0.152927761,0.080018452,0.014594591,51393.744400434,52958.201372188,50515.474654595,50701.31690008,0.610576315,0.842720163,0.659044628,-0.912180964,0.610170802,0.033834948,-0.055562433,-0.098750463,-0.007462994,4.614246952,4.676778433,-0.922759356,0.039892857,-0.041090784,-0.006396921,0.998337669,0.003764534,0.999992663,0.761673887,0.0,0.0,0.0,0.86058265,0.0,3.652786016
1772729824.213739,0.595543,0.853262,0.659792,0.02428853,-0.03337209,-0.00920022,0.99910546,0.049276,-0.066286,-0.02005,-0.867003721,0.576902551,0.037013963,0.105042647,0.076372619,0.0042538,0.023570461,-0.021627705,1.005893602,0.146688299,0.090809978,0.016921843,51448.502482392,52989.506350306,50561.306546588,50644.913231728,0.602305423,0.848373734,0.659390985,-0.918119623,0.602552545,0.033191896,-0.057396856,-0.104854585,-0.002081215,4.6893367,4.619814621,-0.912068902,0.040555648,-0.040594921,-0.006297336,0.998332141,-0.005708834,0.999981665,0.761989668,0.0,0.0,0.0,0.86058265,0.0,3.652786016
1772729824.223739,0.586761,0.859036,0.660083,0.0239431,-0.03347445,-0.00911157,0.99911119,0.04858,-0.066502,-0.019855,-0.873051435,0.570387549,0.036889895,0.104794835,0.064074411,-0.0032266,0.023741529,-0.019331704,1.009598322,0.127584429,0.118159783,0.018175021,51615.253359587,52606.343145459,50484.687570761,51116.673394044,0.595215399,0.853127141,0.659692131,-0.922999062,0.595775644,0.033010433,-0.058514744,-0.102203062,0.004933581,4.759610508,4.559345218,-0.898943359,0.041177527,-0.04006727,-0.006180151,0.998327401,-0.014232726,0.999891004,0.762273825,0.0,0.0,0.0,0.86058265,0.0,3.652786016
1772729824.2337387,0.57803,0.864655,0.660534,0.02448255,-0.03314282,-0.00909287,0.99910934,0.049652,-0.065829,-0.019837,-0.880021022,0.563952092,0.036941857,0.109467768,0.074482165,-0.012102467,0.02527564,-0.009421193,1.003229191,0.100739016,0.122462608,0.013406513,51300.0,52348.883969466,50770.039342337,51380.413270699,0.586536425,0.85884308,0.660059661,-0.928843231,0.587323436,0.03340494,-0.056451651,-0.091170443,0.007803797,4.823858441,4.474618357,-0.883285038,0.041749643,-0.039326912,-0.006052565,0.998332603,-0.024154925,0.999700267,0.762604626,0.0,0.0,0.0,0.86058265,0.0,3.652786016
1772729824.243739,0.569248,0.870282,0.660922,0.02553626,-0.03282992,-0.00978412,0.99908677,0.051801,-0.065146,-0.021274,-0.886933189,0.55708336,0.036743664,0.120543724,0.124279011,-0.012530408,0.024767292,-0.005975653,0.999653148,0.102739696,0.112206114,0.009514172,51369.724983123,52743.893960638,50614.46782988,50967.417198941,0.5766217,0.865126131,0.660476299,-0.935177932,0.577737295,0.033429108,-0.052843002,-0.076997199,0.008403162,4.889966168,4.374234728,-0.868943275,0.042338574,-0.038450571,-0.005942558,0.998343617,-0.037184955,0.99930343,0.763039157,0.0,0.0,0.0,0.86058265,0.0,3.652786016
1772729824.253739,0.560318,0.875814,0.661259,0.02621717,-0.03208559,-0.00932499,0.9990977,0.053118,-0.063667,-0.020358,-0.891656969,0.548049668,0.036879503,0.152763515,0.167527087,0.001015083,0.022938597,-0.006637173,1.00145153,0.117959439,0.108212972,0.008237554,51548.222725269,52652.045327671,50516.56352418,51032.376697784,0.566606292,0.8714526,0.6608969,-0.941548608,0.568061358,0.033410548,-0.051617983,-0.092308007,-0.000502963,4.956471236,4.295809724,-0.859062016,0.042927529,-0.037767077,-0.00586392,0.998345874,-0.047522577,0.998857516,0.763384114,0.0,0.0,0.0,0.86058265,0.0,3.652786016
1772729824.263739,0.551318,0.881314,0.661599,0.02687922,-0.03087139,-0.00905918,0.99912081,0.054399,-0.06124,-0.0198,-0.896775933,0.53901722,0.037081679,0.182184961,0.17668682,0.031034353,0.023563942,-0.002517499,1.007172998,0.125988962,0.096010845,0.014825656,51413.784646821,53034.633692589,50614.031131055,50578.64818302,0.556582458,0.877718401,0.661313509,-0.947830464,0.558386332,0.033297184,-0.052585985,-0.091365265,-0.001520278,5.031080766,4.218714369,-0.848122662,0.043587211,-0.037095081,-0.005773705,0.998343475,-0.058081562,0.998263458,0.763736622,0.0,0.0,0.0,0.86058265,0.0,3.652786016
1772729824.2737389,0.542349,0.886613,0.661981,0.02757103,-0.03008793,-0.0090684,0.99912578,0.055768,-0.059659,-0.019817,-0.902314419,0.530117716,0.036994208,0.168377604,0.162088597,0.037439824,0.026694808,-0.00716255,1.008502794,0.157930421,0.061161613,0.001483678,51237.450198751,52908.536172629,50803.151959114,50655.65633163,0.5470426,0.883474807,0.661693545,-0.953557528,0.549205266,0.033215202,-0.049226071,-0.090428962,0.0066852,5.113694928,4.154184035,-0.839652721,0.044314734,-0.036533786,-0.005698415,0.998333685,-0.068360323,0.997652215,0.764079849,0.0,0.0,0.0,0.86058265,0.0,3.652786016
1772729824.2837389,0.533351,0.89182,0.662365,0.02865621,-0.02895981,-0.00884323,0.9991306,0.057902,-0.057394,-0.019364,-0.906273436,0.520863337,0.038075891,0.153541651,0.126170839,0.019133765,0.024518776,-0.017921063,1.010681453,0.139666777,0.062146138,0.011906146,51015.968468579,52689.317547174,51070.977375899,50828.344391824,0.538137619,0.888732436,0.662045565,-0.958799325,0.540555823,0.033511417,-0.046314115,-0.099832503,0.006249821,5.19327205,4.103753528,-0.830935334,0.045014688,-0.036094975,-0.005617122,0.998318953,-0.077986667,0.996946559,0.764401599,0.0,0.0,0.0,0.86058265,0.0,3.652786016
1772729824.2937386,0.524262,0.897006,0.662759,0.02964684,-0.02911805,-0.00843563,0.99910062,0.059867,-0.057716,-0.018615,-0.911745897,0.513442273,0.037861205,0.143495305,0.082119862,-0.004143766,0.031416005,-0.024315529,1.002789803,0.123286237,0.043193399,0.013889199,51121.041529508,52878.858531062,50942.44976694,50634.772996603,0.528085067,0.8944832,0.662461447,-0.964426658,0.530525248,0.033688362,-0.043402229,-0.109235819,0.005814453,5.268641315,4.054727514,-0.819109768,0.045678774,-0.035666858,-0.005510103,0.998304374,-0.089447802,0.995979601,0.764785003,0.0,0.0,0.0,0.86058265,0.0,3.652786016
1772729824.3037384,0.515076,0.902131,0.663146,0.03020978,-0.02890847,-0.00839997,0.99909014,0.060988,-0.057288,-0.018563,-0.917197456,0.505680008,0.037617305,0.134873207,0.043987499,0.006482317,0.034818561,-0.017476107,1.011328761,0.127712289,0.04661498,0.000505744,51206.885785822,52939.901924315,50814.531812004,50568.641061592,0.516711207,0.90086061,0.662940089,-0.970619954,0.519029801,0.033980154,-0.038951112,-0.112768064,0.005450419,5.353999239,4.0056721,-0.811903932,0.046428362,-0.035240704,-0.00544081,0.998285963,-0.101944522,0.994778665,0.765203493,0.0,0.0,0.0,0.86058265,0.0,3.652786016
1772729824.3137383,0.505913,0.907136,0.663508,0.03048188,-0.02823337,-0.00905704,0.99909544,0.061555,-0.055893,-0.019851,-0.920133142,0.496921433,0.038132981,0.127929413,-0.001053543,-0.004192799,0.033817394,-0.016551066,1.005530376,0.117538929,0.04853386,0.000231017,51046.062779884,52927.900207454,50959.152500179,50530.83565348,0.506296156,0.906522964,0.663374808,-0.976154153,0.508553588,0.033922748,-0.037557368,-0.112665801,-0.0066578,5.43581485,3.953900553,-0.807362326,0.047146408,-0.034791695,-0.005397793,0.998270808,-0.113650539,0.99351204,0.765595975,0.0,0.0,0.0,0.86058265,0.0,3.652786016
1772729824.323738,0.496677,0.912076,0.663864,0.03115021,-0.0285229,-0.00894529,0.99906761,0.062894,-0.056465,-0.019684,-0.922999268,0.487335624,0.038621657,0.120492844,-0.041260473,-0.028866623,0.027328489,-0.012776352,0.999669855,0.105606454,0.064171096,-0.001565948,51355.337084173,52397.704486266,50610.386418358,51354.984914746,0.496173679,0.911967188,0.663796126,-0.981487282,0.498388371,0.033758906,-0.042503492,-0.104972393,-0.00964247,5.506091669,3.902311116,-0.80441422,0.047763421,-0.034344378,-0.005372356,0.998253739,-0.123970884,0.992278163,0.765942437,0.0,0.0,0.0,0.86058265,0.0,3.652786016
1772729824.333738,0.487337,0.916935,0.664233,0.03196839,-0.02849469,-0.00839791,0.99904732,0.064502,-0.056428,-0.018632,-0.928097408,0.479403701,0.038187954,0.127751071,-0.030184685,-0.023283767,0.026663379,-0.014275529,0.998574343,0.098785422,0.087201943,-0.003041393,51506.895737763,52710.321797651,50385.678328376,50996.155328427,0.486583783,0.916971196,0.664167345,-0.986346285,0.488744973,0.03308243,-0.041018691,-0.109724408,-0.010145828,5.560103377,3.846693786,-0.803803086,0.048238311,-0.033862161,-0.005374496,0.998247102,-0.134252997,0.990940532,0.766288056,0.0,0.0,0.0,0.86058265,0.0,3.652786016
1772729824.343738,0.478163,0.921609,0.664687,0.03278891,-0.02893206,-0.00842933,0.99900789,0.066157,-0.057285,-0.018771,-0.93503576,0.472081491,0.037576648,0.131217324,0.007022846,0.008973648,0.031453724,-0.019305718,1.002531254,0.096737917,0.087917292,0.002069134,51243.126556435,52905.902152543,50768.381509301,50699.613222766,0.47774298,0.921464952,0.664504094,-0.990790406,0.479884189,0.03233669,-0.03688196,-0.114385394,-0.008139624,5.616764733,3.779597105,-0.801714406,0.048737557,-0.033279444,-0.005368357,0.998242494,-0.143609799,0.989626064,0.766603029,0.0,0.0,0.0,0.86058265,0.0,3.652786016
1772729824.3537378,0.468868,0.926257,0.665076,0.03323491,-0.0294109,-0.00930719,0.99897138,0.067113,-0.058175,-0.020586,-0.941849344,0.463865225,0.037646403,0.114739671,0.068218505,0.03700905,0.031627188,-0.020292051,1.00556767,0.089308468,0.085022346,0.001562908,51172.16298168,52842.684775742,50904.02274163,50780.847125711,0.466051254,0.927256301,0.66500563,-0.996197403,0.467733756,0.032276604,-0.032843392,-0.11623965,-0.004399417,5.684678954,3.705008538,-0.79393937,0.049336978,-0.032629533,-0.005313307,0.998235065,-0.155670839,0.987808561,0.767009588,0.0,0.0,0.0,0.86058265,0.0,3.652786016
1772729824.3637383,0.45927,0.930946,0.665386,0.03360328,-0.02855451,-0.0089818,0.99898688,0.067811,-0.056478,-0.019897,-0.948738084,0.456196453,0.036814215,0.080578484,0.163094777,0.04837848,0.028912268,-0.01925732,1.007530681,0.078646969,0.090482755,-0.004261186,51425.917474662,52626.658373276,50572.249954264,51142.010244777,0.45519111,0.932494829,0.66544766,-1.001148566,0.456558762,0.032112902,-0.036385682,-0.119802941,-0.001489784,5.733365186,3.651408283,-0.790757296,0.049765979,-0.032163502,-0.005295201,0.998228182,-0.167480038,0.985866887,0.767408557,0.0,0.0,0.0,0.86058265,0.0,3.652786016
1772729824.373738,0.449685,0.935528,0.665722,0.03420557,-0.02695541,-0.00785885,0.99902033,0.06892,-0.053346,-0.017572,-0.954268742,0.448157595,0.036363477,0.057363692,0.199472258,0.066228207,0.034751193,-0.013669505,1.004944515,0.086469962,0.090783685,-0.006303248,51388.309156242,52892.703531186,50613.475978174,50814.23210008,0.447896902,0.935948101,0.665713787,-1.004638425,0.449268285,0.03192097,-0.029968079,-0.114968483,-0.002281821,5.771292041,3.600072809,-0.790430762,0.050100254,-0.031717931,-0.005304354,0.998225485,-0.175045799,0.984558288,0.767664476,0.0,0.0,0.0,0.86058265,0.0,3.652786016
1772729824.3837383,0.440185,0.93987,0.666129,0.03438858,-0.02597521,-0.0074538,0.99904312,0.069245,-0.051411,-0.016703,-0.957089588,0.439056091,0.036672723,0.042568977,0.182985427,0.058285412,0.029960091,-0.001320073,1.002319123,0.092614344,0.078729129,-0.004028994,51353.240073694,52739.643172639,50736.953421357,51009.580178095,0.438827012,0.940153261,0.666036156,-1.008951248,0.440270375,0.031824546,-0.034629388,-0.102231683,-0.002748616,5.815723078,3.542845013,-0.788761507,0.050491975,-0.031220744,-0.005302947,0.998221942,-0.184330713,0.982860648,0.767979091,0.0,0.0,0.0,0.86058265,0.0,3.652786016
1772729824.3937387,0.430668,0.944166,0.666544,0.03447789,-0.02541596,-0.00745661,0.9990544,0.069413,-0.050291,-0.016674,-0.957433897,0.428246698,0.038332515,0.039407399,0.132547923,0.020777971,0.028235462,0.005037201,1.004757009,0.103442272,0.087535079,-0.01248976,51315.668166677,52858.777993082,50621.439513804,50894.816171289,0.429360561,0.944392522,0.666406162,-1.013130504,0.430589718,0.031734488,-0.036338163,-0.092523522,0.003729556,5.87856176,3.470179069,-0.789166674,0.051044639,-0.03059089,-0.005322385,0.998213776,-0.193992209,0.980998586,0.768307061,0.0,0.0,0.0,0.86058265,0.0,3.652786016
1772729824.403738,0.421007,0.948496,0.666864,0.03462782,-0.02432639,-0.00748419,0.99907614,0.069693,-0.048108,-0.016659,-0.958519601,0.417718367,0.039211731,0.053130462,0.083719555,-0.039008135,0.030702353,-0.016173338,1.001536593,0.114742938,0.093845176,-0.024673287,51461.414435334,52780.19590353,50341.364886939,51092.950499648,0.416530365,0.949890054,0.666912698,-1.017221198,0.416575862,0.031748422,-0.032151021,-0.108095724,0.001822979,5.957671966,3.373895597,-0.795577848,0.051739194,-0.029758788,-0.005401262,0.998203373,-0.207941505,0.978129997,0.768781805,0.0,0.0,0.0,0.86058265,0.0,3.652786016
1772729824.4137375,0.411463,0.952599,0.667284,0.0350669,-0.02505916,-0.00770576,0.99904103,0.070598,-0.04955,-0.017176,-0.963590507,0.409387337,0.038694384,0.082358366,0.082833525,-0.058586637,0.033447955,-0.013362212,1.003702117,0.119563011,0.104351995,-0.030249483,51287.272463936,52892.900990673,50384.87619489,51103.925554719,0.403699864,0.955387716,0.667419246,-1.021311989,0.402561672,0.031762356,-0.026076965,-0.117759394,-0.002763943,6.036881924,3.277457556,-0.802185046,0.052434584,-0.028925438,-0.005481938,0.998190768,-0.220501184,0.975343161,0.769210648,0.0,0.0,0.0,0.86058265,0.0,3.652786016
1772729824.4237373,0.401837,0.956635,0.667669,0.03540817,-0.02461036,-0.00837536,0.99903476,0.071305,-0.048599,-0.0185,-0.96856759,0.400905452,0.038097725,0.116502821,0.107458686,-0.045508836,0.034219361,-0.002230505,1.005027304,0.123905705,0.098101413,-0.037397465,50968.16901349,53092.127572885,50579.189469906,51029.629398974,0.391928323,0.960244933,0.66788851,-1.025099368,0.389911852,0.031519725,-0.023953245,-0.111072438,-0.003591068,6.115131304,3.185028994,-0.81715478,0.053119372,-0.028131036,-0.005635803,0.998177104,-0.231543363,0.972802223,0.769588334,0.0,0.0,0.0,0.86058265,0.0,3.652786016
1772729824.4337373,0.392058,0.96058,0.668067,0.03613368,-0.0234196,-0.00822799,0.99903863,0.072725,-0.046216,-0.018153,-0.972438787,0.390720847,0.038313751,0.129670377,0.135522773,-0.030095723,0.031064675,-0.001343811,1.007870794,0.132850939,0.083493002,-0.037370949,51367.508096012,52853.94084739,50246.259325719,51353.70501805,0.383364906,0.963588028,0.668226979,-1.028079283,0.380892211,0.031638164,-0.023850356,-0.107660517,0.00028529,6.180513563,3.120552684,-0.833510111,0.053689788,-0.027580298,-0.005792636,0.998163064,-0.241185207,0.970469105,0.76991903,0.0,0.0,0.0,0.86058265,0.0,3.652786016
1772729824.4437368,0.382329,0.964447,0.668433,0.03709255,-0.02253481,-0.00832857,0.999023,0.074631,-0.044422,-0.018332,-0.976675193,0.381214952,0.038586031,0.127333099,0.142021246,-0.027889047,0.029503913,-0.004086766,1.007108972,0.135749388,0.075589171,-0.031400568,51267.283335646,52332.399750243,50312.972249202,51795.703343971,0.375066583,0.966810386,0.668554458,-1.030993573,0.372167378,0.031797984,-0.024316209,-0.108732923,0.002440609,6.239916217,3.065781232,-0.846915112,0.054208209,-0.027112553,-0.005921164,0.998143893,-0.248198111,0.968696138,0.770160169,0.0,0.0,0.0,0.86058265,0.0,3.652786016
1772729824.4537363,0.37251,0.968263,0.668804,0.03767461,-0.0218592,-0.00812842,0.99901788,0.075773,-0.043076,-0.017906,-0.981627607,0.373111564,0.038478669,0.125881404,0.136923992,-0.017004876,0.031075629,-0.000894783,1.006378977,0.130386321,0.080149455,-0.024333129,51246.066626727,52349.588767654,50368.86832713,51738.948796716,0.368488238,0.969322771,0.668811231,-1.033297893,0.365281619,0.031978404,-0.025375078,-0.111463521,0.002546973,6.2721572,3.032347367,-0.851931067,0.054490449,-0.026825396,-0.005973292,0.998135846,-0.254381095,0.967099982,0.770373038,0.0,0.0,0.0,0.86058265,0.0,3.652786016
1772729824.4637363,0.362742,0.97191,0.6692,0.03810436,-0.02161469,-0.00837438,0.99900487,0.076639,-0.042561,-0.018397,-0.984614245,0.363813867,0.0391648,0.128980418,0.083843806,-0.015494134,0.03135399,-0.001259786,1.007187598,0.128227751,0.075294245,-0.023254844,51288.302605415,52626.528476011,50397.738489777,51449.712537603,0.363194646,0.971304825,0.669015188,-1.035146589,0.359769577,0.032174223,-0.024789906,-0.112038662,-0.001161295,6.310896742,2.994173474,-0.85750099,0.054829543,-0.026497575,-0.006031104,0.998126803,-0.260659989,0.965421157,0.770589669,0.0,0.0,0.0,0.86058265,0.0,3.652786016
1772729824.4737372,0.352867,0.975483,0.669605,0.03854183,-0.0210191,-0.00855506,0.99899927,0.07751,-0.041348,-0.01873,-0.987820115,0.354339693,0.039608643,0.124659259,0.058529326,-0.030032201,0.031076533,-0.005058303,1.007841115,0.11673496,0.060486846,-0.023906833,51434.704538983,52820.588501623,50196.896776582,51281.73848169,0.353299225,0.974906583,0.669406716,-1.038419617,0.349357871,0.032333708,-0.022687562,-0.114806838,-0.001061997,6.377973515,2.936183998,-0.866026956,0.055416367,-0.026000147,-0.006118089,0.998107544,-0.270140025,0.962811013,0.770917409,0.0,0.0,0.0,0.86058265,0.0,3.652786016
1772729824.4837368,0.342928,0.979005,0.669999,0.03929943,-0.02106289,-0.00887239,0.99896606,0.079041,-0.041397,-0.0194,-0.991876626,0.344942637,0.039794074,0.11767176,0.057004293,-0.039201535,0.031250961,-0.013297195,1.009737285,0.089443808,0.047330727,-0.019755992,51129.626362371,52762.92294561,50529.030228222,51258.481366704,0.342319578,0.978769308,0.669850511,-1.042011464,0.337733412,0.032748785,-0.023288509,-0.123323551,0.004421816,6.441992216,2.883818765,-0.876221074,0.055975794,-0.025552451,-0.006218094,0.998086442,-0.280491119,0.959848812,0.771276337,0.0,0.0,0.0,0.86058265,0.0,3.652786016
1772729824.4937367,0.333001,0.982421,0.670405,0.04018898,-0.02066206,-0.00853081,0.99894202,0.0808,-0.040606,-0.018721,-0.99502727,0.336016191,0.039417248,0.107537203,0.05191804,-0.051096922,0.035694418,-0.015003422,1.006175896,0.06753597,0.041568904,-0.020404886,50626.389943795,52862.410603069,50900.28391311,51060.461426618,0.331672413,0.982396467,0.670281913,-1.045521069,0.326486583,0.033489063,-0.014358916,-0.128837921,-0.004010381,6.483984197,2.841406165,-0.88454982,0.056343057,-0.025189424,-0.00630226,0.998073473,-0.291170617,0.956667177,0.771647766,0.0,0.0,0.0,0.86058265,0.0,3.652786016
1772729824.5037374,0.32306,0.985716,0.670787,0.04066605,-0.02049711,-0.00898873,0.99892209,0.08177,-0.04023,-0.019642,-0.998350408,0.327264376,0.039313363,0.084161389,0.040673274,-0.051379753,0.038785641,-0.009609354,1.005955401,0.055899051,0.038630065,-0.021035377,50347.762352175,52813.726482171,51076.411956266,51199.496541451,0.322514208,0.98542591,0.670656699,-1.048418593,0.31687753,0.033480061,-0.012184762,-0.121726886,0.000557013,6.50410443,2.813080698,-0.890752761,0.056519198,-0.024946884,-0.006365916,0.998068794,-0.298100289,0.954522799,0.771889559,0.0,0.0,0.0,0.86058265,0.0,3.652786016
1772729824.5137372,0.31305,0.988932,0.671181,0.0408224,-0.01998593,-0.00936186,0.99892264,0.082086,-0.039174,-0.020352,-1.00109604,0.317039483,0.039418219,0.054075002,0.000955216,-0.051494711,0.039612926,-0.0024568,1.010473664,0.048316589,0.037836895,-0.018594485,50515.964389311,52795.515133789,50967.902672159,51177.997032945,0.319486162,0.986371978,0.670778677,-1.049347536,0.31368451,0.033657957,-0.012371174,-0.112293822,0.009090045,6.511552405,2.801345507,-0.894398948,0.056584216,-0.024846891,-0.006401891,0.998067761,-0.302145434,0.953258164,0.772030833,0.0,0.0,0.0,0.86058265,0.0,3.652786016
1772729824.5237374,0.303022,0.992071,0.671571,0.0409531,-0.02010493,-0.00966752,0.998912,0.082363,-0.039384,-0.020979,-1.005501581,0.307389998,0.04009289,0.038731671,-0.020030641,-0.038413493,0.040113505,0.003271428,1.014099985,0.04193001,0.037627004,-0.016283132,50684.174447145,52777.302917001,50859.388213797,51156.496499237,0.316765863,0.987213452,0.670887963,-1.05017765,0.310813588,0.033845249,-0.012606914,-0.110310382,0.011340271,6.519000735,2.789609757,-0.898045309,0.056649236,-0.024746894,-0.006437868,0.998066728,-0.303588203,0.952794101,0.77208135,0.0,0.0,0.0,0.86058265,0.0,3.652786016
1772729824.5337374,0.292966,0.995106,0.671979,0.04121953,-0.0204189,-0.00977849,0.99889359,0.082908,-0.039997,-0.021237,-1.008968134,0.297816251,0.040879934,0.049103512,-0.050185908,-0.02765878,0.039161217,0.002664794,1.013759282,0.04086264,0.040010809,-0.01454834,50852.38049463,52759.091134416,50750.876342562,51134.99647813,0.314045629,0.988054906,0.670997247,-1.051007744,0.307942734,0.034032537,-0.012861823,-0.111223719,0.011147411,6.523272072,2.781124878,-0.899357632,0.056686834,-0.024673881,-0.0064526,0.998065695,-0.305030939,0.952330049,0.772131867,0.0,0.0,0.0,0.86058265,0.0,3.652786016
1772729824.5437376,0.282856,0.998016,0.672405,0.04144492,-0.02070279,-0.00969651,0.99887922,0.083363,-0.040567,-0.021106,-1.010209433,0.287216261,0.042548933,0.06669337,-0.062014417,0.029496163,0.038208906,0.002058145,1.013418571,0.039795245,0.042394671,-0.012813507,50989.298687781,52743.510602715,50663.16964344,51113.191685067,0.31132533,0.98889638,0.671106534,-1.051837858,0.305071812,0.03421983,-0.013116739,-0.112137077,0.010954547,6.525823906,2.774399336,-0.899406622,0.05670959,-0.024615473,-0.006455833,0.998065179,-0.306473709,0.951865986,0.772182385,0.0,0.0,0.0,0.86058265,0.0,3.652786016
1772729824.5537376,0.27272,1.000818,0.67281,0.04175931,-0.02122818,-0.00963306,0.99885571,0.084003,-0.041615,-0.021037,-1.010036764,0.276078022,0.042703362,0.058902717,-0.018235391,0.041071148,0.037256618,0.001451511,1.013077869,0.038727875,0.044778476,-0.011078715,50888.830286877,52747.894678391,50733.314854253,51089.07926885,0.308605096,0.989737833,0.671215818,-1.052667952,0.302200958,0.034407117,-0.013371649,-0.113050413,0.010761687,6.528375679,2.767673954,-0.899455611,0.056732346,-0.024557066,-0.006459066,0.998065329,-0.307916444,0.951401934,0.772232902,0.0,0.0,0.0,0.86058265,0.0,3.652786016
1772729824.5637372,0.262562,1.003586,0.673256,0.04234951,-0.02060513,-0.00933652,0.99884672,0.085158,-0.040383,-0.020415,-1.011317709,0.266198914,0.042195747,0.048464824,0.0797973,0.035859403,0.036304375,0.000844906,1.012737182,0.037660556,0.047162167,-0.009344005,50788.366676684,52752.278545017,50803.456720279,51064.968002404,0.305884992,0.990579247,0.671325096,-1.053498006,0.299330241,0.034594396,-0.013626546,-0.113963706,0.010568836,6.53092733,2.760948893,-0.899504598,0.0567551,-0.024498661,-0.006462299,0.998065478,-0.309359111,0.950937904,0.772283416,0.0,0.0,0.0,0.86058265,0.0,3.652786016
1772729824.573737,0.252529,1.006163,0.673682,0.0426442,-0.02073258,-0.0092665,0.9988322,0.085749,-0.040638,-0.020298,-1.014963478,0.257263726,0.041559519,0.048969905,0.176442443,0.036354266,0.03535211,0.000238286,1.012396487,0.036593212,0.049545915,-0.007609255,50687.900671135,52756.662516169,50873.600258698,51040.856161072,0.303164822,0.991420681,0.671434378,-1.054328081,0.296459455,0.03478168,-0.01388145,-0.114877021,0.010375981,6.533479042,2.754223672,-0.899553586,0.056777855,-0.024440256,-0.006465531,0.998065628,-0.310801812,0.950473863,0.772333931,0.0,0.0,0.0,0.86058265,0.0,3.652786016
1772729824.5837371,0.242404,1.008651,0.674128,0.0425323,-0.01975174,-0.00823148,0.99886591,0.085461,-0.038768,-0.018139,-1.020137084,0.248558434,0.041515968,0.058077677,0.257194495,0.024772936,0.034399799,-0.000368363,1.012055776,0.035525816,0.051929777,-0.005874421,50587.429874875,52761.046696369,50943.747141905,51016.74316997,0.300444524,0.992262155,0.671543664,-1.055158195,0.293588533,0.034968972,-0.015655226,-0.114135845,0.007993682,6.536030876,2.747498129,-0.899602576,0.056800611,-0.024381847,-0.006468764,0.998065777,-0.314392379,0.949281084,0.77246005,0.0,0.0,0.0,0.86058265,0.0,3.652786016
1772729824.5937378,0.232172,1.01111,0.674458,0.04251049,-0.01741753,-0.00934699,0.99890046,0.085406,-0.034009,-0.020167,-1.025460341,0.239464661,0.041784461,0.067159084,0.281407788,0.000999129,0.032087514,0.002886526,1.009790747,0.042639384,0.057691487,-0.004086436,50486.954287904,52765.431085619,51013.8973699,50992.629029097,0.297724095,0.993103669,0.671652956,-1.055988348,0.290717473,0.035156273,-0.018301046,-0.112444786,0.004354341,6.541049116,2.732804515,-0.899611889,0.056845497,-0.024254159,-0.00647512,0.998066123,-0.318260095,0.947994272,0.772595925,0.0,0.0,0.0,0.86058265,0.0,3.652786016
1772729824.603737,0.221803,1.013512,0.6749,0.04344365,-0.01602458,-0.00877572,0.99888881,0.087225,-0.031256,-0.018935,-1.031218835,0.230583709,0.041584247,0.09310256,0.248906384,-0.006976839,0.029740952,0.006240398,1.007477174,0.049965091,0.063539222,-0.002297068,50423.814206397,52694.916456354,51059.183392221,51057.319261537,0.295004055,0.993945062,0.671762232,-1.056818383,0.287846825,0.035343548,-0.020028161,-0.110715121,0.001314143,6.549143307,2.708173306,-0.899571701,0.056917982,-0.024040069,-0.006485371,0.998067046,-0.322883642,0.946428135,0.772758649,0.0,0.0,0.0,0.86058265,0.0,3.652786016
1772729824.6137376,0.211443,1.01575,0.675348,0.04409483,-0.01525082,-0.00835351,0.99887601,0.0885,-0.029735,-0.018042,-1.033992575,0.221009379,0.042245223,0.11751539,0.158075725,-0.022768942,0.031673733,0.001944962,1.011604955,0.050483499,0.062166942,0.000424138,50377.399541035,52557.727560038,51089.407492401,51199.720796344,0.292283692,0.994786556,0.671871521,-1.057648516,0.284975834,0.035530845,-0.012877578,-0.108609697,0.004060745,6.56014894,2.675444026,-0.899720645,0.057016429,-0.023755706,-0.006500755,0.998068039,-0.328446694,0.944514838,0.772954748,0.0,0.0,0.0,0.86058265,0.0,3.652786016
1772729824.623737,0.201155,1.017889,0.675789,0.04448382,-0.01446259,-0.00891668,0.99886561,0.089278,-0.028103,-0.019109,-1.031373225,0.209247558,0.043112201,0.114470259,0.071272805,-0.020963136,0.033606329,-0.002350065,1.015732342,0.051001857,0.060794791,0.003145086,50286.217947944,52146.566117117,51106.292972603,51652.251665761,0.283832271,0.997188969,0.672219146,-1.060101332,0.276156705,0.035999186,-0.0103868,-0.117354522,0.00399849,6.567302264,2.644763053,-0.900136725,0.057081101,-0.023489099,-0.006518258,0.998069242,-0.337296824,0.941387511,0.773267633,0.0,0.0,0.0,0.86058265,0.0,3.652786016
1772729824.633737,0.190865,1.019932,0.676194,0.04492605,-0.01466414,-0.00904467,0.99884173,0.090172,-0.028485,-0.019395,-1.029575982,0.197941137,0.044174071,0.114781673,0.117438732,-0.01162974,0.034084556,-0.005572751,1.015936512,0.054487943,0.063976039,0.00422927,50844.074783136,51804.318487081,50683.353301931,51945.930370301,0.274720253,0.99977131,0.672594242,-1.062741191,0.266651953,0.036499926,-0.012937666,-0.124702612,0.002158548,6.562379735,2.630014818,-0.900624517,0.057039305,-0.023360611,-0.006530911,0.998071195,-0.345323841,0.938472423,0.773552295,0.0,0.0,0.0,0.86058265,0.0,3.652786016
1772729824.6437373,0.180498,1.02189,0.676598,0.04568424,-0.01456932,-0.00859392,0.99881271,0.091675,-0.028323,-0.018507,-1.030312113,0.18826164,0.04181253,0.06528644,0.036401824,0.023479654,0.033101693,-0.007718073,1.012199366,0.060955361,0.071731609,0.003669117,51037.111365996,52520.149626603,50480.956900305,51068.958172868,0.266790469,1.001929975,0.672921027,-1.064997618,0.258375346,0.036901033,-0.014283095,-0.126676836,-0.000128394,6.575373151,2.589628849,-0.89961375,0.057155903,-0.023009099,-0.006539726,0.998071284,-0.352360552,0.935851296,0.773802602,0.0,0.0,0.0,0.86058265,0.0,3.652786016
1772729824.6537375,0.17029,1.023672,0.677067,0.04573177,-0.01483371,-0.0091382,0.99880181,0.091792,-0.0288,-0.019621,-1.034413069,0.179940828,0.040751224,0.013942682,-0.056104848,0.076296894,0.03211883,-0.009863395,1.008462221,0.067422779,0.079487178,0.003108963,51251.081016013,52769.071815162,50236.87221455,50787.705199507,0.259167205,1.003936661,0.673239305,-1.067114273,0.25045434,0.037176979,-0.01272367,-0.128501052,-0.003173786,6.587686079,2.556320023,-0.896687413,0.057266375,-0.022718227,-0.006528527,0.998069224,-0.359308393,0.933213022,0.774050341,0.0,0.0,0.0,0.86058265,0.0,3.652786016
1772729824.6637375,0.15999,1.025407,0.677492,0.04582548,-0.01302557,-0.00828594,0.99883017,0.091918,-0.025264,-0.017753,-1.03882127,0.170865334,0.041183004,-0.027682793,-0.147272434,0.08422632,0.030417849,0.000682043,1.011364759,0.099425612,0.107502302,0.001826906,51433.554462236,52264.621671587,50024.340996511,51401.149953782,0.250675969,1.006119531,0.673603048,-1.069377771,0.241701129,0.037311259,-0.016077089,-0.117300623,0.003689305,6.610170296,2.507960771,-0.891042875,0.057467134,-0.022295482,-0.006499321,0.998062819,-0.367123611,0.930170961,0.774329873,0.0,0.0,0.0,0.86058265,0.0,3.652786016
1772729824.6737382,0.149451,1.027127,0.677889,0.04626949,-0.0126407,-0.00794415,0.99881742,0.092791,-0.024519,-0.017045,-1.039723427,0.16108846,0.041727934,-0.048947988,-0.145676844,0.067073881,0.032975998,0.003614412,1.008472965,0.115568514,0.112396311,-0.009347474,51152.625867415,52020.093902259,50174.488852798,51601.762143806,0.237949065,1.009216317,0.674152478,-1.072333236,0.228246696,0.038059648,-0.008803531,-0.110174841,0.005185676,6.664317034,2.420780318,-0.881208756,0.05794744,-0.021534276,-0.006447499,0.998046062,-0.378705737,0.925507587,0.774746075,0.0,0.0,0.0,0.86058265,0.0,3.652786016
1772729824.6837387,0.139016,1.028705,0.678187,0.04442626,-0.01917846,-0.00658578,0.99880685,0.089181,-0.037735,-0.014871,-1.04144233,0.151036061,0.042305615,-0.040141182,-0.062441626,0.046747055,0.027637528,0.006780734,1.002449349,0.113286995,0.130174374,-0.011313022,50961.24305432,52520.536437813,50228.15782517,51199.81728985,0.226122594,1.011953422,0.674641381,-1.074918283,0.21577764,0.0382789,-0.014113276,-0.110662388,-0.001496208,6.792452077,2.257912374,-0.870722826,0.059077894,-0.02011762,-0.006416552,0.998029497,-0.389712951,0.920924511,0.775143556,0.0,0.0,0.0,0.86058265,0.0,3.652786016
1772729824.6937387,0.128589,1.030164,0.678727,0.04478275,-0.01661728,-0.00774627,0.9988285,0.089886,-0.032508,-0.016973,-1.044151501,0.141498154,0.042947147,-0.00310673,0.095653438,0.008581692,0.034073513,-0.001337197,0.99877876,0.113612999,0.108099261,-0.023770063,50825.402273063,52667.065406045,50297.804546127,51126.372220305,0.215498566,1.014317812,0.675053614,-1.077251016,0.204812659,0.03767838,-0.008765332,-0.11902242,-0.004964217,6.795128137,2.232536374,-0.870092352,0.059103262,-0.019896441,-0.006423615,0.998013439,-0.398963151,0.916953718,0.775479118,0.0,0.0,0.0,0.86058265,0.0,3.652786016
1772729824.7037387,0.118246,1.031474,0.679195,0.04535535,-0.01569288,-0.00823441,0.99881371,0.09103,-0.030606,-0.017882,-1.042884483,0.130778777,0.044404821,0.025315332,0.2432935,-0.0598036,0.035116238,-0.00418285,1.012211107,0.105067548,0.104021632,-0.022905385,50739.975171967,52324.940477569,50411.721309957,51487.320703152,0.205131278,1.016516941,0.675474076,-1.07955447,0.194107734,0.037459707,-0.004379185,-0.124400524,0.004827979,6.841517928,2.165103106,-0.873800564,0.059511801,-0.019313682,-0.006483085,0.997997171,-0.408031835,0.9129545,0.775809484,0.0,0.0,0.0,0.86058265,0.0,3.652786016
1772729824.7137387,0.107905,1.032723,0.679586,0.04568949,-0.01255223,-0.00744583,0.99884907,0.091616,-0.024398,-0.016027,-1.042398352,0.120255301,0.044436037,0.095034144,0.368579956,-0.102444113,0.034608866,0.006144038,1.011869601,0.085713356,0.089492477,-0.020419002,50252.71342961,52321.740347775,50754.000098241,51486.58974359,0.194700532,1.018613721,0.675911456,-1.081730823,0.183152121,0.037998104,-0.002927528,-0.122423704,0.003855194,6.894828289,2.089436486,-0.878991435,0.059981011,-0.01866043,-0.006559095,0.997983214,-0.417177436,0.908811658,0.776144134,0.0,0.0,0.0,0.86058265,0.0,3.652786016
1772729824.7237387,0.097264,1.033916,0.680027,0.04604552,-0.01072994,-0.007818,0.99885112,0.092304,-0.020717,-0.01661,-1.045710613,0.111250009,0.042207499,0.119926058,0.339862641,-0.091441619,0.02855634,0.019472973,1.003865217,0.043877927,0.067806945,-0.028011386,49985.995390259,52419.27507405,50918.821534357,51472.37537025,0.18474524,1.020492497,0.676323494,-1.083574535,0.172659332,0.038208955,-0.00679887,-0.105973845,-0.001839391,6.932870329,2.031161325,-0.883141303,0.060316112,-0.018157276,-0.006619863,0.997980813,-0.425951369,0.904732985,0.77646666,0.0,0.0,0.0,0.86058265,0.0,3.652786016
1772729824.7337384,0.086803,1.035019,0.680444,0.04650052,-0.00974416,-0.00870329,0.99883282,0.093213,-0.018657,-0.018297,-1.048913607,0.102115987,0.039810178,0.100118927,0.138277072,-0.036024361,0.034569166,0.019214422,1.0013946,0.008363959,0.055722139,-0.032986825,49910.820947718,51933.961182025,51017.661654135,52000.742437489,0.175264937,1.022215175,0.676705984,-1.085222931,0.162692307,0.03801401,-0.002936347,-0.100753109,-0.002215653,6.959689418,1.970029482,-0.891016315,0.060553137,-0.017630592,-0.006716621,0.997981477,-0.434009781,0.90089657,0.776764177,0.0,0.0,0.0,0.86058265,0.0,3.652786016
1772729824.743738,0.076471,1.035933,0.680873,0.04698767,-0.01009,-0.0092277,0.99880188,0.094206,-0.01929,-0.019386,-1.051269787,0.092998904,0.040339763,0.104921103,0.085366981,-0.020129657,0.031943816,0.006247414,1.00037823,-0.000820047,0.06828811,-0.014811468,49954.171836503,51787.23747552,51060.22067092,52079.275443806,0.166077858,1.02383188,0.677082904,-1.086699787,0.153012656,0.037639516,-0.001006808,-0.120144616,-0.013681828,6.967606636,1.922500795,-0.902912843,0.060623953,-0.017223423,-0.006844249,0.997988339,-0.441969542,0.897023499,0.777059238,0.0,0.0,0.0,0.86058265,0.0,3.652786016
1772729824.753738,0.065892,1.036803,0.681224,0.04846938,-0.00970919,-0.00903295,0.99873663,0.097161,-0.018519,-0.018989,-1.051236842,0.082507926,0.040809421,0.107538733,0.085723771,0.002242374,0.030937858,-0.002007158,0.999746721,-0.011620083,0.093784976,-0.019680372,50276.74604153,52456.01136495,50824.374195785,51348.535616597,0.157265087,1.025264636,0.677452162,-1.087899827,0.143722736,0.036998953,-0.004795628,-0.123259054,-0.009054714,6.962990253,1.879734089,-0.911293495,0.06058582,-0.016855119,-0.006940626,0.997999987,-0.449787562,0.893133243,0.777350315,0.0,0.0,0.0,0.86058265,0.0,3.652786016
1772729824.763738,0.055301,1.037621,0.681598,0.04759262,-0.00954326,-0.00799909,0.99878921,0.095383,-0.018303,-0.016891,-1.050499001,0.072482489,0.040699068,0.11079121,0.160154667,0.035895436,0.030045439,-0.002675751,1.002040922,0.011731264,0.112804188,-0.021834315,50736.789724576,52678.926136364,50396.292132126,51092.097144646,0.147757145,1.026715443,0.677831884,-1.089230247,0.133861824,0.03660947,-0.003153397,-0.12415588,-0.006090554,6.952126294,1.828151909,-0.914853234,0.060494702,-0.016407106,-0.007000567,0.998012662,-0.458106737,0.888895724,0.777661539,0.0,0.0,0.0,0.86058265,0.0,3.652786016
1772729824.773738,0.044808,1.038289,0.682077,0.04885335,-0.00818966,-0.00813279,0.99873927,0.097885,-0.015565,-0.017048,-1.051415435,0.062681159,0.040279759,0.101617333,0.208092704,0.03690357,0.030034819,0.002761925,1.004705097,0.026961366,0.138265177,-0.021460192,50681.600015548,52035.166524139,50323.819933142,51878.286776024,0.138249203,1.028166249,0.678211606,-1.090560668,0.124000913,0.036219986,-0.002522847,-0.110815068,-0.000676571,6.942997514,1.764693438,-0.915098594,0.060420098,-0.015854005,-0.007037616,0.99802376,-0.465473692,0.885052714,0.777938527,0.0,0.0,0.0,0.86058265,0.0,3.652786016
1772729824.783738,0.034324,1.038876,0.682481,0.04925902,-0.00653493,-0.0081472,0.99873143,0.098667,-0.012251,-0.01692,-1.050394689,0.052422078,0.038691257,0.081207352,0.221294772,0.013830326,0.030492459,0.010195302,1.007083406,0.032292695,0.168378013,-0.020651402,50701.164502838,51855.825390655,50239.692637798,52015.890336624,0.131677838,1.029086776,0.678429567,-1.091560832,0.117309657,0.036109432,-0.000895876,-0.100601482,0.005828973,6.940201117,1.703444013,-0.913691867,0.060400686,-0.015319652,-0.007058174,0.998030548,-0.471367773,0.881922325,0.778160995,0.0,0.0,0.0,0.86058265,0.0,3.652786016
1772729824.7937388,0.023861,1.039302,0.682846,0.04967898,-0.0051958,-0.00821783,0.99871791,0.099485,-0.009562,-0.016932,-1.048212655,0.041669562,0.036865769,0.062411546,0.168992846,-0.015216534,0.030950143,0.017629388,1.009461942,0.037624533,0.198493721,-0.019842535,50763.999433015,51762.000226794,50199.888951887,52011.111728495,0.124720398,1.030029085,0.67868968,-1.092559992,0.110197563,0.036286417,0.001653298,-0.094941781,0.012492561,6.942375278,1.658422457,-0.912380366,0.060423264,-0.014926985,-0.007070294,0.99803232,-0.476980399,0.878909101,0.778373344,0.0,0.0,0.0,0.86058265,0.0,3.652786016
1772729824.803738,0.013362,1.039707,0.683192,0.05022643,-0.00515187,-0.00804435,0.99869217,0.100578,-0.009482,-0.016587,-1.048931847,0.031608791,0.033579306,0.060570855,0.11187616,-0.001289082,0.028428114,0.013698383,1.012346611,0.040400714,0.216902441,0.004311524,50849.718697113,51776.285704758,50195.646441404,51873.425272407,0.117046374,1.031020404,0.679021644,-1.093564203,0.102306329,0.036908531,-0.00088761,-0.10943746,0.004401757,6.950120696,1.590620716,-0.910170715,0.060496205,-0.014335784,-0.007085995,0.998037635,-0.483846613,0.875146977,0.778634323,0.0,0.0,0.0,0.86058265,0.0,3.652786016
1772729824.8137383,0.00286,1.039956,0.683501,0.05003705,-0.00506234,-0.00792803,0.99870307,0.100196,-0.009318,-0.016344,-1.051136453,0.022469136,0.031745873,0.027094108,0.071971691,0.04293346,0.027219821,0.010470629,1.008695614,0.064655934,0.182884544,0.016950355,50894.477986478,52138.556203053,50232.013364013,51477.585307089,0.104270393,1.032498717,0.67958593,-1.094654161,0.089032153,0.037393701,0.00481154,-0.111128335,-0.004118421,6.96312034,1.420649144,-0.893161145,0.060624219,-0.012847223,-0.007026407,0.9980446,-0.493543364,0.869720933,0.779004671,0.0,0.0,0.0,0.86058265,0.0,3.652786016
1772729824.8237388,-0.00766,1.040119,0.683814,0.05010037,-0.00445544,-0.00784527,0.99870344,0.100312,-0.008113,-0.016118,-1.050600788,0.011700419,0.031930741,0.033055346,0.0529929,0.050296547,0.027559464,0.010979942,1.001606472,0.100475093,0.125980894,0.01684635,50939.238342962,52500.835338352,50268.381153657,51081.735904426,0.084677616,1.034562604,0.680403376,-1.09565805,0.069139038,0.03713178,0.0131237,-0.10856433,-0.012536427,6.997209302,1.192710774,-0.859389158,0.060941203,-0.010846112,-0.006850089,0.99802655,-0.51038958,0.859940562,0.779654024,0.0,0.0,0.0,0.86058265,0.0,3.652786016
1772729824.8337388,-0.01816,1.040214,0.684156,0.05045513,-0.0045127,-0.00771473,0.99868634,0.101022,-0.008235,-0.015866,-1.05040479,0.000794678,0.032261394,0.045188808,0.051230104,0.062342757,0.027899091,0.011489231,0.994517669,0.136292545,0.069079956,0.01674235,50822.226914592,52536.670028364,50521.753230381,50999.427670974,0.073945646,1.035767293,0.680884881,-1.094761993,0.058833534,0.035987316,0.007921045,-0.110532371,-0.012487686,7.063534618,1.09468997,-0.839697486,0.061527528,-0.009985805,-0.006725027,0.997999558,-0.519665201,0.854368204,0.780014747,0.0,0.0,0.0,0.86058265,0.0,3.652593563
1772729824.8437395,-0.028693,1.04017,0.684439,0.05084471,-0.00386865,-0.00666231,0.99867686,0.101785,-0.00705,-0.013701,-1.050188531,-0.01006891,0.032086103,0.062527339,0.027389464,0.06959648,0.030228331,0.018018933,0.997440816,0.127067144,0.046971308,0.033441727,50457.673541313,51710.305965279,51104.415415742,51761.793303746,0.06187018,1.036439411,0.681284343,-1.096464592,0.045827913,0.034393309,0.011706216,-0.108112498,-0.01031911,7.12696246,1.045218784,-0.827027697,0.062084421,-0.009551809,-0.006636006,0.997969939,-0.529613713,0.848229404,0.780404396,0.0,0.0,0.0,0.86058265,0.0,3.652192456
1772729824.853739,-0.039203,1.04002,0.684814,0.05099228,-0.0035594,-0.00658771,0.99867098,0.102075,-0.006438,-0.013522,-1.050754887,-0.020479876,0.031787016,0.078283027,-0.000578109,0.059246024,0.034859483,0.000450168,0.98734474,0.105742189,0.039991102,0.034947746,50335.55745179,51247.985336701,51312.321113918,52202.57891278,0.052493014,1.037091848,0.681609995,-1.096750749,0.03619969,0.033280786,0.018953345,-0.124717116,-0.022403461,7.180637227,1.003774262,-0.810168809,0.062556027,-0.009184772,-0.006507361,0.997952555,-0.536352992,0.843993783,0.780669749,0.0,0.0,0.0,0.86058265,0.0,3.651791397
1772729824.8637388,-0.049602,1.039692,0.685115,0.0513262,-0.00440938,-0.00681149,0.99864898,0.102758,-0.008108,-0.014058,-1.052940146,-0.030641521,0.030343755,0.039515229,-0.069442065,0.062285369,0.037198068,0.004750285,0.995788028,0.086157546,0.039266377,0.028276393,50201.291229219,51456.793193572,51509.37678401,52018.707061683,0.041714872,1.037709149,0.681972216,-1.097250091,0.025171253,0.031468676,0.019766895,-0.117815212,-0.006137054,7.221796395,0.961337248,-0.786996696,0.062919069,-0.008804815,-0.006325593,0.997939977,-0.536352992,0.843993783,0.780669749,0.0,0.0,0.0,0.86058265,0.0,3.651390329
1772729824.8737388,-0.060242,1.039385,0.685406,0.05180868,-0.00481336,-0.0059557,0.99862767,0.103723,-0.008997,-0.012395,-1.055110039,-0.040247397,0.029061236,-0.003819847,-0.147546632,0.06312498,0.037324707,0.008769591,1.000597528,0.079878717,-0.063758532,0.029514853,50091.204004173,51841.051139769,51958.337158458,51698.686058642,0.017891096,1.038742381,0.682842776,-1.078248175,-0.003920981,0.027675149,0.023379107,-0.116553576,-0.001774052,7.293667523,0.694100744,-0.712244468,0.06356624,-0.006440089,-0.005817514,0.997932079,-0.561461389,0.827502966,0.781671107,0.0,0.0,0.0,0.86058265,0.0,3.650989251
1772729824.8837388,-0.070782,1.038952,0.685682,0.05175076,-0.00583455,-0.00591087,0.99862549,0.10362,-0.011041,-0.01241,-1.056408428,-0.050160732,0.029500766,-0.001772759,-0.242894864,0.062524525,0.03711007,0.008647003,1.001045521,0.0776595,-0.201159519,0.033671224,49981.116779127,52225.309085965,52407.297532906,51378.665055601,-0.0065634,1.039119937,0.68361864,-0.968390357,-0.045511254,0.018545072,0.027436386,-0.116217121,0.000693261,7.377120097,0.208508505,-0.506053733,0.064322243,-0.002099937,-0.00428953,0.997922047,-0.579242998,0.815103329,0.782393711,0.0,0.0,0.0,0.86058265,0.0,3.650588173
1772729824.8937395,-0.081374,1.03837,0.685989,0.05154932,-0.00641302,-0.00588781,0.9986325,0.103224,-0.012202,-0.012422,-1.059355323,-0.060890559,0.029559294,-0.004675768,-0.358102589,0.094478892,0.036895417,0.008524406,1.001493546,0.075440125,-0.338570333,0.037827892,49871.021680021,52609.594516458,52856.290019533,51058.621162853,-0.044576556,1.039335128,0.684843942,-0.932879701,-0.07963302,0.014630269,0.031493955,-0.115880641,0.003160749,7.348456973,-0.185138609,-0.395635564,0.064088442,0.001391057,-0.003549004,0.997931402,-0.623812597,0.78151378,0.784254353,0.0,0.0,0.0,0.86058265,0.0,3.650187067
1772729824.9037395,-0.092002,1.037736,0.686251,0.05068973,-0.00960575,-0.00491033,0.99865618,0.10153,-0.018689,-0.010783,-1.061301595,-0.072687637,0.031035072,0.010702755,-0.484067856,0.104694992,0.03668078,0.008401818,1.001941538,0.073220908,-0.47597132,0.041984264,49760.934454975,52993.852462655,53305.25039398,50738.600159812,-0.063386092,1.038694322,0.685388216,-0.947507822,-0.090368781,0.015336906,0.031285858,-0.119470272,-0.000508394,7.334209777,0.082615403,-0.404436079,0.063956328,-0.000945211,-0.003476013,0.997936003,-0.639433312,0.768834259,0.784925012,0.0,0.0,0.0,0.86058265,0.0,3.649785989
1772729824.9137392,-0.102538,1.03694,0.686601,0.05155756,-0.01176545,-0.0049745,0.99858833,0.103297,-0.022987,-0.011151,-1.061562493,-0.085168652,0.031954421,0.063000977,-0.622050061,0.096854532,0.035729041,0.009643422,1.001793474,0.069014226,-0.599100418,0.046516491,49524.319792055,52949.284344908,53639.731514181,50765.140604093,-0.073105929,1.03808861,0.685625192,-0.953120031,-0.098126448,0.015562217,0.024666389,-0.123865804,-0.003688564,7.337738017,0.216556191,-0.412246239,0.063982601,-0.002116128,-0.003469171,0.997921739,-0.643933412,0.765067087,0.785120643,0.0,0.0,0.0,0.86058265,0.0,3.649384921
1772729824.9237392,-0.113166,1.036004,0.686966,0.05268715,-0.01500686,-0.00474208,0.99848704,0.105599,-0.029473,-0.011056,-1.063414165,-0.0963978,0.032352595,0.130094138,-0.685485885,0.07771667,0.030255602,0.019253478,0.997989046,0.052615301,-0.634703745,0.053355072,49270.853023756,52847.621630218,53958.980039045,50837.822544912,-0.082825998,1.037482883,0.685862175,-0.958732375,-0.1058843,0.015787533,0.016483845,-0.127229038,-0.004407171,7.343308498,0.370633323,-0.421491682,0.064025822,-0.003463266,-0.003463442,0.997907443,-0.647262278,0.762256254,0.785265873,0.0,0.0,0.0,0.86058265,0.0,3.648983843
1772729824.9337387,-0.123919,1.034996,0.687219,0.05224593,-0.01918262,-0.00399532,0.998442,0.104749,-0.037897,-0.00999,-1.064928424,-0.107566361,0.03220108,0.179811982,-0.685724616,0.027429115,0.028236933,0.027182954,0.997719347,0.089613406,-0.678543823,0.050865806,49610.542686962,53484.782263402,53728.93514229,50113.541363336,-0.095118553,1.036636785,0.686166757,-0.966807187,-0.116893588,0.01545799,0.00830169,-0.130592111,-0.005125744,7.364902487,0.682677743,-0.44199717,0.064202022,-0.00619284,-0.003466457,0.997870975,-0.653658891,0.756732652,0.785547596,0.0,0.0,0.0,0.86058265,0.0,3.648582784
1772729824.9437385,-0.134503,1.033856,0.687571,0.05365457,-0.02225114,-0.00432869,0.99830223,0.107631,-0.043976,-0.011041,-1.066872327,-0.118652036,0.030941735,0.212767012,-0.59729233,0.005548662,0.028976839,0.019220882,1.003841897,0.157197567,-0.613412445,0.04133435,50195.458300489,53988.234589311,53275.048620527,49549.641904462,-0.112919225,1.035568207,0.686801442,-0.981261729,-0.132299482,0.015874337,0.000119341,-0.133955265,-0.005844333,7.430272668,1.165423884,-0.472982994,0.064747458,-0.010415888,-0.003455951,0.997748527,-0.663167395,0.748457253,0.785967778,0.0,0.0,0.0,0.86058265,0.0,3.648181716
1772729824.9537382,-0.145153,1.032637,0.687867,0.05500222,-0.02524904,-0.00469177,0.99815591,0.1104,-0.04991,-0.012159,-1.068920755,-0.128760632,0.029545988,0.218904731,-0.473808567,0.023461504,0.026663504,0.003748994,1.009047247,0.170135681,-0.469566285,0.040298196,50564.886122098,53235.14311264,52954.195631986,50416.841306965,-0.123661164,1.034134414,0.686992751,-0.984938371,-0.145728464,0.015076204,-0.008063009,-0.137318418,-0.006562923,7.497669682,1.656073247,-0.50445404,0.06530999,-0.014708081,-0.003444819,0.997651429,-0.672071452,0.740480826,0.786366287,0.0,0.0,0.0,0.86058265,0.0,3.647780647
1772729824.9637384,-0.155865,1.031291,0.688161,0.05594009,-0.02653695,-0.00503866,0.99806869,0.112322,-0.052432,-0.013045,-1.06952332,-0.139503105,0.027928484,0.219080432,-0.273357647,0.024894493,0.034019736,0.002180454,1.009706975,0.147210406,-0.297928765,0.033373482,50740.806449109,52515.60703892,52745.973701059,51263.341275077,-0.132196752,1.033244323,0.687223202,-0.99039176,-0.154709149,0.015138156,-0.002610407,-0.131693381,-0.000246324,7.564023202,2.016764414,-0.52672477,0.065868794,-0.01786331,-0.003424544,0.997585233,-0.677805555,0.735233494,0.786625353,0.0,0.0,0.0,0.86058265,0.0,3.647386969
1772729824.973738,-0.166599,1.029829,0.688437,0.05692347,-0.02789532,-0.00476553,0.99797738,0.114305,-0.055163,-0.012707,-1.071937677,-0.150081107,0.026273257,0.184923974,-0.075432778,0.029785568,0.036832566,0.006028226,1.007763077,0.126719718,-0.176741779,0.028973156,51027.23755384,52424.469869233,52473.782779093,51330.066702883,-0.136771844,1.032719648,0.687360494,-0.993304102,-0.159651606,0.015405406,-0.003510796,-0.127559721,0.000487866,7.622953619,2.212597977,-0.537475674,0.066370217,-0.019576186,-0.003395618,0.997526949,-0.681152176,0.73212686,0.786777571,0.0,0.0,0.0,0.86058265,0.0,3.647009148
1772729824.983738,-0.177315,1.028277,0.688662,0.05793288,-0.02773839,-0.00372836,0.99792808,0.116269,-0.054958,-0.010672,-1.072579597,-0.161554369,0.02359266,0.119434689,0.083796476,0.035798038,0.033683613,0.009798879,1.005252249,0.118090333,-0.09926059,0.028030763,51313.682317333,52333.328353576,52201.57887742,51396.795312561,-0.141073491,1.032220196,0.687491356,-0.996041001,-0.164315266,0.015686858,-0.007534945,-0.124281194,-0.001418276,7.649441417,2.280841259,-0.53997144,0.066596765,-0.020172496,-0.00337288,0.997510378,-0.684016608,0.729452568,0.78690821,0.0,0.0,0.0,0.86058265,0.0,3.646631308
1772729824.9937377,-0.18805,1.026621,0.688941,0.05834264,-0.0268382,-0.00367496,0.99792903,0.117073,-0.053161,-0.010481,-1.072558482,-0.173250767,0.02263487,0.067260833,0.224931486,0.015000936,0.030534734,0.013569442,1.002741482,0.109461154,-0.021781247,0.027088393,51594.32045376,52029.585185612,51865.51754386,51650.516277016,-0.147716625,1.031410829,0.687688586,-1.000268258,-0.171521944,0.015912118,-0.012245222,-0.119692483,-0.003000844,7.675928584,2.349082914,-0.542467147,0.066823308,-0.020768792,-0.003350143,0.997493807,-0.687916236,0.725777014,0.787086845,0.0,0.0,0.0,0.86058265,0.0,3.646253478
1772729825.003738,-0.198772,1.024822,0.689106,0.05822915,-0.02501267,-0.00407816,0.99798151,0.116835,-0.04947,-0.011067,-1.074431872,-0.18442199,0.022198467,0.01625704,0.352447814,-0.015285591,0.023363138,0.032759378,1.001965497,0.07340366,0.152195206,0.02653023,51958.223316547,51686.723160569,51487.522238068,52004.160791479,-0.157425426,1.030163065,0.687969226,-1.006427697,-0.18206596,0.01598445,-0.020773341,-0.104928685,-0.001364063,7.720188613,2.41131626,-0.538489901,0.067206039,-0.021309477,-0.003270952,0.997481426,-0.694379284,0.71960037,0.787384836,0.0,0.0,0.0,0.86058265,0.0,3.64587563
1772729825.0137374,-0.209569,1.022944,0.689351,0.05828188,-0.02333472,-0.00414047,0.99801882,0.116916,-0.046111,-0.010996,-1.078786091,-0.195547292,0.022789882,-0.022369778,0.474894584,-0.039595961,0.033666206,0.01955182,1.002766533,0.074313925,0.254405167,0.023727939,52197.696355335,51434.967925404,51252.864040857,52332.506538729,-0.166596026,1.028905881,0.688225334,-1.012177551,-0.192044455,0.015897942,-0.008501817,-0.111683861,-0.000582084,7.755596239,2.40708004,-0.524751753,0.067517012,-0.021265517,-0.003147368,0.997479115,-0.700460867,0.713690245,0.787667531,0.0,0.0,0.0,0.86058265,0.0,3.645497809
1772729825.0237377,-0.220217,1.020866,0.689564,0.05854918,-0.02114272,-0.00406697,0.99805232,0.117414,-0.041739,-0.010603,-1.08325756,-0.206541417,0.023443845,-0.024219044,0.551549814,-0.020483725,0.03496633,0.005026429,1.005667398,0.049114901,0.344809015,0.016309085,51996.517578378,51234.582616216,51334.830054054,52543.524497297,-0.176017335,1.027530873,0.6884755,-1.017918174,-0.202313691,0.015747089,-0.005653183,-0.130939822,-0.003434083,7.780945251,2.339321853,-0.503747748,0.067744934,-0.020663989,-0.00300003,0.99748835,-0.706558604,0.707645001,0.787953727,0.0,0.0,0.0,0.86058265,0.0,3.645119961
1772729825.0337377,-0.231201,1.018788,0.689837,0.05792936,-0.01806179,-0.00384063,0.99814989,0.116117,-0.035619,-0.009766,-1.087071103,-0.217360308,0.024585513,-0.011877196,0.593541513,0.024231995,0.03753326,0.00183735,1.010510563,0.016538057,0.417044368,0.015690975,51778.566899373,51388.556383121,51638.063253146,52367.301680822,-0.185934127,1.025990633,0.688707601,-1.023583746,-0.213156166,0.015677762,-0.000961893,-0.135910177,-0.000934699,7.80202771,2.206871765,-0.475136585,0.067939913,-0.019494664,-0.002825844,0.997515397,-0.713294308,0.700853497,0.788272587,0.0,0.0,0.0,0.86058265,0.0,3.644742121
1772729825.043738,-0.242114,1.016574,0.690076,0.05792482,-0.01446888,-0.00363384,0.99820948,0.116055,-0.028469,-0.008935,-1.089707566,-0.228400179,0.025455211,-0.007142912,0.593427594,0.038537771,0.039606636,0.007552805,1.01170543,-0.005539746,0.441255121,0.018222726,51856.900662546,51266.393014363,51691.218306728,52532.362110365,-0.195009251,1.024503983,0.688931349,-1.028405908,-0.223099424,0.016031146,0.005200072,-0.129865857,0.004836227,7.80566105,2.042428612,-0.446345751,0.067983866,-0.018046235,-0.002672345,0.997550363,-0.71925771,0.694727284,0.788557574,0.0,0.0,0.0,0.86058265,0.0,3.644364273
1772729825.0537379,-0.25303,1.014228,0.690334,0.05815664,-0.0117185,-0.00318884,0.9982336,0.116477,-0.023027,-0.007732,-1.090619591,-0.239891177,0.025777453,0.010654349,0.549765607,0.017911882,0.037483234,0.01361109,1.010184655,-0.023543233,0.441717011,0.017159243,51944.745262374,51018.017833031,51628.299296922,52745.042324347,-0.201591337,1.023374405,0.689077474,-1.03166636,-0.230335052,0.016387202,0.008895581,-0.122163114,0.008868805,7.80146949,1.925749047,-0.425532916,0.067955494,-0.017018092,-0.002561127,0.997569437,-0.723664304,0.690136962,0.788769679,0.0,0.0,0.0,0.86058265,0.0,3.643986434
1772729825.0637383,-0.263867,1.011768,0.690571,0.0584266,-0.00949085,-0.00253212,0.99824338,0.116983,-0.018654,-0.006165,-1.090831363,-0.251332408,0.024988058,0.003070386,0.422369405,0.015266306,0.034472536,0.025325685,1.009880306,-0.03131698,0.443644618,0.013204667,52033.119395167,50762.660532197,51558.967104344,52960.362725241,-0.207095508,1.022402588,0.689189104,-1.03426754,-0.236399242,0.016722863,0.004929282,-0.112973662,0.006964942,7.794870267,1.793796439,-0.402086321,0.067906717,-0.015855377,-0.002436243,0.997590256,-0.727140188,0.686477169,0.788937923,0.0,0.0,0.0,0.86058265,0.0,3.643608577
1772729825.0737388,-0.274778,1.009186,0.690861,0.05806705,-0.00766273,-0.00266328,0.99827972,0.11625,-0.01499,-0.006208,-1.089386606,-0.263375076,0.024580326,-0.017288459,0.292992718,0.012196319,0.033332222,0.030949424,1.009244833,-0.01106168,0.422210302,0.008272483,52083.37846673,51995.860276284,51399.217968997,51890.245070125,-0.215639466,1.020832665,0.689373427,-1.037991015,-0.245698038,0.016996876,0.005208659,-0.107393212,0.00517378,7.78116008,1.616747993,-0.370863272,0.067797671,-0.01429532,-0.002271008,0.997625301,-0.731801364,0.681464335,0.78916609,0.0,0.0,0.0,0.86058265,0.0,3.64323072
1772729825.0837383,-0.285677,1.006492,0.691076,0.0580476,-0.00607523,-0.0029794,0.99829089,0.116202,-0.011784,-0.006654,-1.090920815,-0.27407464,0.025098489,-0.055922618,0.224077165,-0.000373457,0.035195413,0.025742489,1.008112207,0.037492979,0.367456385,0.001268986,51812.598792062,52523.608570607,51598.108714409,51376.014380213,-0.224600787,1.019064535,0.689571406,-1.041379846,-0.255392635,0.017266638,0.01049937,-0.113537074,0.003233829,7.767451201,1.439716431,-0.3396432,0.067688636,-0.012735412,-0.00210579,0.997639889,-0.737259224,0.675542036,0.789434535,0.0,0.0,0.0,0.86058265,0.0,3.642852898
1772729825.0937383,-0.296585,1.0037,0.69136,0.05827522,-0.00532794,-0.00300303,0.99828182,0.116653,-0.010288,-0.006617,-1.089201097,-0.28591896,0.026016847,-0.055856199,0.199183688,-0.021315874,0.035586326,0.02328742,1.007307306,0.031473879,0.339248328,-0.005942122,51465.820165525,52768.700090413,51903.170254199,51102.088413256,-0.233063913,1.017318075,0.689759887,-1.044263304,-0.26452535,0.017549326,0.015425595,-0.126533099,0.001013526,7.760216005,1.247472992,-0.310014272,0.067635064,-0.011044115,-0.001962357,0.997650278,-0.742632114,0.669694009,0.789699247,0.0,0.0,0.0,0.86058265,0.0,3.642475059
1772729825.103738,-0.307507,1.000797,0.691538,0.05701114,-0.00529255,-0.0022617,0.99835695,0.114112,-0.01031,-0.00512,-1.087271045,-0.297438124,0.027251269,-0.025033581,0.209948404,-0.03135238,0.035977229,0.020832409,1.006502424,0.025454923,0.311040944,-0.013153058,51169.016013492,52959.03395695,52196.328163578,50907.379055534,-0.241526837,1.015571658,0.689948364,-1.047146692,-0.273657847,0.017832007,0.013224997,-0.129065895,0.005445753,7.763782061,1.091779263,-0.287683345,0.067672632,-0.009675496,-0.001859666,0.99765491,-0.747344275,0.664423974,0.78993492,0.0,0.0,0.0,0.86058265,0.0,3.642228842
1772729825.1137383,-0.318373,0.99777,0.691895,0.05716043,-0.00324312,-0.0026974,0.99835609,0.114402,-0.006167,-0.005757,-1.085488137,-0.308561891,0.028219763,0.012812537,0.269270717,-0.042645785,0.036368151,0.018377282,1.005697503,0.019435679,0.282832214,-0.020364338,51022.630416411,53131.081085078,52184.677223079,50897.025056514,-0.249990165,1.013825157,0.690136849,-1.050030219,-0.282790779,0.018114701,0.014727707,-0.12262454,0.006205479,7.775928366,0.948135451,-0.267434162,0.067783816,-0.008413128,-0.00176737,0.997653339,-0.753113344,0.657874008,0.790225855,0.0,0.0,0.0,0.86058265,0.0,3.642228842
1772729825.1237383,-0.329217,0.994628,0.692174,0.05742107,-0.00130137,-0.00313608,0.99834428,0.114913,-0.002238,-0.006411,-1.085804959,-0.318720409,0.028763528,0.041200132,0.371739052,-0.062058752,0.036697296,0.016276966,1.004958146,0.013550629,0.255211577,-0.027564518,50891.926837513,53301.217269136,52141.257051106,50905.886316101,-0.265615932,1.010280381,0.690505966,-1.054284024,-0.299611185,0.019033133,0.019206127,-0.110329683,0.004034427,7.809598178,0.743590462,-0.242325011,0.068083474,-0.006617934,-0.001667896,0.997647513,-0.763327646,0.645999688,0.790747961,0.0,0.0,0.0,0.86058265,0.0,3.642228842
1772729825.1337385,-0.339921,0.991319,0.692468,0.05823373,5.75e-06,-0.00341803,0.99829713,0.116533,0.00041,-0.006824,-1.084469507,-0.329614728,0.027977766,0.067068135,0.448612516,-0.073612639,0.032964958,0.03901402,1.009265642,0.017388892,0.274430187,-0.032266466,50767.955644481,52874.370489116,52179.122628547,51467.77135212,-0.279403373,1.007019953,0.690842014,-1.057632203,-0.314405615,0.019557103,0.024491438,-0.104127673,0.002324731,7.817667752,0.578846262,-0.235892145,0.06815766,-0.005179936,-0.001709382,0.99765749,-0.770465762,0.637463514,0.791118896,0.0,0.0,0.0,0.86058265,0.0,3.642228842
1772729825.1437385,-0.350881,0.988032,0.692735,0.05839795,0.00254444,-0.00342319,0.99828427,0.116846,0.00548,-0.006538,-1.080874729,-0.341533504,0.027720209,0.065152604,0.486185594,-0.066665793,0.036425954,0.029772847,1.010494534,0.011233866,0.27600122,-0.02724227,50669.12624735,52263.154628975,52277.386996466,52035.900325088,-0.287899106,1.004895666,0.691047778,-1.059363096,-0.323483584,0.019557436,0.03085407,-0.112776485,0.00176894,7.815188111,0.487162437,-0.235913839,0.068137955,-0.004381688,-0.001764202,0.99766228,-0.775691285,0.631101273,0.791393345,0.0,0.0,0.0,0.86058265,0.0,3.642228842
1772729825.1537387,-0.361748,0.98458,0.692997,0.05836409,0.00559378,-0.00369169,0.99827287,0.116758,0.011599,-0.006718,-1.078224144,-0.352939361,0.026294431,0.008730324,0.49490381,-0.049121065,0.036939716,0.020017624,1.010996516,0.003633017,0.299736302,-0.018025493,50581.384734982,51723.662897527,52384.099646643,52452.672508834,-0.294475917,1.00320522,0.691194273,-1.060572748,-0.330514103,0.01957815,0.031891039,-0.119299184,0.001218279,7.812254422,0.391897271,-0.235654976,0.06811434,-0.003552083,-0.001818703,0.99766658,-0.779628054,0.626229405,0.791602124,0.0,0.0,0.0,0.86058265,0.0,3.642228842
1772729825.1637387,-0.372537,0.981022,0.693249,0.05850275,0.00839522,-0.00355669,0.99824561,0.117025,0.017178,-0.00612,-1.076366819,-0.363172452,0.027235418,-0.021675247,0.536886002,-0.042747066,0.035422607,0.014399766,1.009213133,0.007380108,0.329789298,-0.014948383,50670.930777299,51975.282251486,52321.221943829,52337.991434565,-0.303368652,1.000847746,0.691407788,-1.062000368,-0.340005211,0.019774863,0.032105977,-0.121803177,0.001639166,7.807986376,0.265128297,-0.233479994,0.068079723,-0.00244703,-0.001875228,0.997675631,-0.784370047,0.620273636,0.791855889,0.0,0.0,0.0,0.86058265,0.0,3.642228842
1772729825.1737385,-0.383117,0.977244,0.69353,0.0584198,0.01009468,-0.00362899,0.99823447,0.11685,0.020579,-0.006067,-1.074068041,-0.373353153,0.027507388,-0.032325748,0.563998475,-0.029710699,0.034888312,0.014912409,1.006184439,0.022236648,0.347728499,-0.021204812,50755.601251149,52624.148039333,52302.750489667,51688.366650678,-0.312740303,0.99829172,0.691611787,-1.063303127,-0.349954563,0.019887544,0.033259319,-0.120523066,0.002618352,7.796740995,0.137294633,-0.22399752,0.067984295,-0.001328245,-0.001868735,0.997679508,-0.78932637,0.613954994,0.792123579,0.0,0.0,0.0,0.86058265,0.0,3.642228842
1772729825.1837385,-0.393804,0.973436,0.693837,0.05794146,0.01314948,-0.00377597,0.99822624,0.115878,0.026693,-0.006017,-1.070952206,-0.383470218,0.027966169,-0.032574013,0.563336052,-0.016520851,0.038722763,0.022046289,1.008897574,0.009640877,0.378012803,-0.013321937,51286.954950391,53015.528646823,51796.285159384,51299.414735064,-0.322193836,0.995628838,0.691832416,-1.064329497,-0.3599732,0.020047232,0.039478103,-0.117204089,0.003045956,7.788757821,-0.021533045,-0.213411782,0.067917518,6.099e-05,-0.001870803,0.997683263,-0.794292719,0.607523657,0.792394442,0.0,0.0,0.0,0.86058265,0.0,3.642228842
1772729825.1937382,-0.40466,0.969632,0.69408,0.05765353,0.01621107,-0.00382598,0.99819769,0.115292,0.032811,-0.005772,-1.069660635,-0.392769955,0.028011857,-0.04158338,0.567373737,-0.014113054,0.035254284,0.023821123,1.013743694,0.018883432,0.434615923,-0.024669525,51822.293719661,53235.90580749,51191.255615081,51050.659221811,-0.332799384,0.992509013,0.692115587,-1.065018519,-0.371320212,0.020487452,0.042449135,-0.112568658,0.00545527,7.778248398,-0.219138268,-0.197621142,0.067828825,0.001790965,-0.001850255,0.997683752,-0.800431234,0.59941152,0.792733556,0.0,0.0,0.0,0.86058265,0.0,3.642228842
1772729825.2037385,-0.415372,0.96569,0.694404,0.05795038,0.01945457,-0.0032546,0.99812458,0.115905,0.039223,-0.004245,-1.06672592,-0.402692653,0.027732583,-0.051650992,0.564307908,-0.011400402,0.035240975,0.030417901,1.006704622,0.049477122,0.437225014,-0.018183825,51640.091928312,52107.237704247,51293.842276112,52244.381843476,-0.345688566,0.988529552,0.692457257,-1.064375452,-0.385120249,0.020989196,0.042519592,-0.106723217,0.002355255,7.763195268,-0.500153916,-0.174505734,0.067700575,0.004251549,-0.00181475,0.99767522,-0.807116953,0.590373075,0.793108291,0.0,0.0,0.0,0.86058265,0.0,3.642228842
1772729825.2137384,-0.425956,0.961562,0.694639,0.05766163,0.02185176,-0.00311578,0.99809214,0.115334,0.043994,-0.003703,-1.061136521,-0.413652687,0.027702474,-0.065330764,0.518462663,-0.003199851,0.029874185,0.027233772,1.007317661,0.002534527,0.504079432,-0.009217405,51527.893640655,51281.9130797,51435.109136351,53205.19994446,-0.359210235,0.984260593,0.692823433,-1.061919561,-0.399312931,0.021144761,0.046338023,-0.106798936,0.005198485,7.759865068,-0.832930566,-0.147129917,0.06767323,0.007165091,-0.001772795,0.997662168,-0.814553312,0.580016981,0.793533305,0.0,0.0,0.0,0.86058265,0.0,3.642228842
1772729825.2237384,-0.436518,0.957366,0.694937,0.05694206,0.02412327,-0.00329285,0.99808057,0.113887,0.048548,-0.00383,-1.052537853,-0.426421425,0.029133536,-0.096864831,0.399096967,-0.008937004,0.031446248,0.033018932,1.008762523,0.025578473,0.495473411,-0.012400406,51616.57352167,51763.764432357,51395.232102123,52761.542726794,-0.371351522,0.98030358,0.693134103,-1.06022765,-0.412018077,0.021407815,0.055898698,-0.101824625,0.004881498,7.740782506,-1.180682812,-0.113722403,0.067506056,0.010212736,-0.001685566,0.997631374,-0.821296983,0.570464336,0.793923084,0.0,0.0,0.0,0.86058265,0.0,3.642228842
1772729825.233738,-0.447008,0.953034,0.695218,0.05650714,0.02622083,-0.00337934,0.9980521,0.113014,0.052746,-0.003787,-1.046726775,-0.437227515,0.029762247,-0.129438589,0.364350937,-0.0158401,0.032268044,0.023211052,1.009273869,-0.018756549,0.528896246,-0.029152112,51519.061984559,51813.440121074,51381.433299702,52717.386559045,-0.383516485,0.976064093,0.693438718,-1.057884637,-0.424951123,0.021495205,0.060396087,-0.114412918,0.001370393,7.739924933,-1.45715297,-0.083137039,0.067495745,0.012637762,-0.001581988,0.997605701,-0.827386313,0.561621049,0.794280995,0.0,0.0,0.0,0.86058265,0.0,3.642228842
1772729825.2437387,-0.457449,0.94863,0.695517,0.05594379,0.02790765,-0.0029301,0.99803951,0.111914,0.056063,-0.00273,-1.042881317,-0.4465236,0.03016046,-0.143008949,0.332956735,-0.014281152,0.031874322,0.018160675,1.006958457,-0.062293595,0.49491992,-0.037484971,51081.912003816,51629.392930203,51750.060925327,53103.578568022,-0.395318652,0.971994676,0.693749845,-1.045202932,-0.435187815,0.021299207,0.071676086,-0.116886227,-0.000900014,7.727856116,-1.865822807,-0.049704575,0.067385051,0.016215424,-0.001529828,0.997589478,-0.834485135,0.550838713,0.794711319,0.0,0.0,0.0,0.86058265,0.0,3.642228842
1772729825.253739,-0.467841,0.944099,0.69585,0.05508003,0.02887945,-0.00303978,0.99805958,0.110178,0.058014,-0.002891,-1.038518356,-0.455342101,0.030750593,-0.137440943,0.299441595,0.000248525,0.032491522,0.023674411,1.00307363,-0.100169434,0.415694247,-0.038831691,50633.763612274,51437.773925486,52131.075976469,53503.71106047,-0.406340376,0.968001953,0.69405932,-1.025931555,-0.442634599,0.02081987,0.07774125,-0.107436294,-0.002259272,7.631707742,-2.301336714,-0.016986271,0.066539279,0.020027217,-0.001483804,0.997573256,-0.841800542,0.539665885,0.795156478,0.0,0.0,0.0,0.86058265,0.0,3.642228842
1772729825.2637389,-0.478207,0.939491,0.696182,0.05423056,0.02993178,-0.00318152,0.99807465,0.10847,0.06013,-0.00311,-1.032788028,-0.464783505,0.030448184,-0.130514607,0.244023602,-0.00212919,0.028605269,0.040336567,1.006568447,-0.12059224,0.334707163,-0.036691273,50480.184279925,51941.608155914,52328.562809545,53048.68868592,-0.417921078,0.963562306,0.694353269,-1.028396377,-0.455367845,0.020849643,0.077744021,-0.094555807,-0.00214761,7.57154588,-2.592862557,-0.006192793,0.066010379,0.022572148,-0.001547722,0.997557035,-0.847311102,0.531073346,0.795496758,0.0,0.0,0.0,0.86058265,0.0,3.642228842
1772729825.2737389,-0.488578,0.934855,0.696405,0.05391527,0.03324199,-0.00275312,0.99798824,0.107879,0.066697,-0.001915,-1.026322754,-0.473696742,0.030596455,-0.115659136,0.195542372,-0.013272697,0.033085869,0.028930277,1.009991217,-0.116101034,0.270083706,-0.02526601,49974.77143828,52694.523724206,52744.687816632,52289.689392067,-0.431350284,0.958262981,0.694694911,-1.028266703,-0.469905848,0.020958933,0.09050094,-0.100629658,-0.000898942,7.504176373,-2.784176916,-0.005297854,0.065421247,0.024239065,-0.00163585,0.997560269,-0.853091937,0.521737231,0.795862822,0.0,0.0,0.0,0.86058265,0.0,3.642228842
1772729825.2837389,-0.498732,0.930024,0.696764,0.0533824,0.03262175,-0.0028109,0.99803719,0.106803,0.065462,-0.002132,-1.018628536,-0.48363768,0.031116424,-0.09439841,0.153579861,-0.023167634,0.037566469,0.017523987,1.013413988,-0.111609829,0.205460249,-0.013840747,49697.520279255,52308.21954154,53147.468275076,52653.47764691,-0.446683442,0.952059893,0.695086565,-1.025202979,-0.486281171,0.021178725,0.09207045,-0.115267604,0.003360371,7.399302422,-3.013089212,-0.006790678,0.064505423,0.02623256,-0.001755419,0.997575268,-0.859899444,0.510454657,0.79630206,0.0,0.0,0.0,0.86058265,0.0,3.642228842
1772729825.293739,-0.508898,0.925156,0.69706,0.05277643,0.03305995,-0.00294408,0.99805462,0.105581,0.066351,-0.002392,-1.009750982,-0.493499208,0.032041989,-0.081014336,0.090926481,-0.02346461,0.033439091,0.032999194,1.00909412,-0.098373314,0.188783615,-0.00883283,49795.129321809,52480.861385512,53043.883168693,52496.771973151,-0.459682803,0.946508215,0.695451799,-1.018127255,-0.499114691,0.021813738,0.098555695,-0.110110538,0.00505353,7.270293631,-3.211173474,-0.001875599,0.063378009,0.027961685,-0.001790989,0.997602443,-0.870543094,0.491890376,0.797015403,0.0,0.0,0.0,0.86058265,0.0,3.642228842
1772729825.3037395,-0.518952,0.920165,0.697386,0.05250621,0.03360219,-0.0032068,0.99804995,0.105024,0.067461,-0.002879,-1.002740758,-0.502587756,0.031688006,-0.0634654,0.102920874,-0.012613724,0.031624517,0.039035203,1.00465808,-0.085280119,0.197209294,-0.009069679,50309.727536623,51843.171335989,52599.578545872,53168.938905016,-0.480993774,0.937111614,0.696113446,-0.9925752,-0.515158487,0.02170313,0.096337068,-0.093510409,-0.002378914,7.068728461,-3.501375243,0.013814289,0.061614667,0.030499862,-0.001763052,0.997628693,-0.878477922,0.477759967,0.797555627,0.0,0.0,0.0,0.86058265,0.0,3.642228842
1772729825.3137395,-0.528945,0.915108,0.697719,0.05237104,0.03453546,-0.00306522,0.99802564,0.104766,0.069311,-0.002507,-0.997671581,-0.510942212,0.031639327,-0.047127441,0.168514632,0.022733787,0.036088224,0.01940567,1.012788647,-0.078831828,0.226853145,-0.00420964,50708.154519755,52003.717230918,52385.732744949,53134.820106185,-0.496273998,0.929981132,0.696555949,-0.98564769,-0.530238432,0.021994241,0.098036182,-0.101918394,0.001072222,7.016536623,-3.585950974,0.016749996,0.061157953,0.031238543,-0.001768585,0.997629408,-0.883891395,0.467674487,0.79793719,0.0,0.0,0.0,0.86058265,0.0,3.642228842
1772729825.32374,-0.538855,0.909905,0.698055,0.05198705,0.03519981,-0.00304741,0.99802256,0.104,0.070636,-0.002429,-0.990151857,-0.520419844,0.031643542,-0.012262472,0.279840173,0.026128182,0.034423431,0.020320995,1.017445247,-0.062643391,0.260388308,0.011967518,50679.98232995,52198.427256935,52539.142228978,52354.47391564,-0.509815957,0.923492906,0.696943729,-0.982781524,-0.544719921,0.02257073,0.10439648,-0.102945203,0.008366666,6.94702175,-3.726248573,0.028743216,0.06054678,0.032467397,-0.001719263,0.997616359,-0.88983694,0.456270595,0.798365858,0.0,0.0,0.0,0.86058265,0.0,3.642228842
1772729825.33374,-0.548712,0.904692,0.698345,0.05192166,0.03609118,-0.00275396,0.99799498,0.103895,0.072387,-0.001754,-0.980813717,-0.530454838,0.032833054,0.021830567,0.300733539,0.015759258,0.030083804,0.032530878,1.014663965,-0.039317443,0.285210268,0.030405737,51176.814111968,51966.478727935,52145.371776064,52436.92328806,-0.521385375,0.917734113,0.697309512,-0.977604083,-0.556683283,0.023825697,0.098589354,-0.094055423,0.00436879,6.899902857,-3.855844224,0.05006569,0.060127765,0.033607561,-0.001588527,0.997589957,-0.894854885,0.446340346,0.798736759,0.0,0.0,0.0,0.86058265,0.0,3.642228842
1772729825.34374,-0.558611,0.899393,0.698602,0.05239674,0.03953969,-0.00195823,0.99784135,0.104933,0.079197,0.000236,-0.972576782,-0.539534217,0.033607122,0.051306047,0.300200835,0.004837875,0.030455748,0.031947747,1.014236954,-0.037387201,0.275750014,0.031932927,51191.956487655,52109.205654212,52077.940908041,52301.125082519,-0.53279052,0.911888278,0.697689927,-0.971412947,-0.568267624,0.024601739,0.097440648,-0.084741755,0.002707783,6.868726197,-4.007206054,0.083849289,0.059842726,0.034943368,-0.0013644,0.997544851,-0.899570878,0.436752041,0.799092926,0.0,0.0,0.0,0.86058265,0.0,3.642228842
1772729825.3537395,-0.568257,0.893911,0.699039,0.05245113,0.0402387,-0.00192503,0.99781061,0.105051,0.08059,0.000381,-0.963671218,-0.549161654,0.034838747,0.060715515,0.284603574,-0.005169619,0.031177878,0.030413757,1.013984952,-0.037047362,0.263742063,0.032203071,51151.463543042,52292.635232374,52070.672943623,52123.233001056,-0.549495166,0.903012377,0.698263829,-0.960948967,-0.585173664,0.02572229,0.104549669,-0.09033524,0.004643718,6.854845275,-4.172680609,0.119946075,0.059705929,0.036402845,-0.00113223,0.99748738,-0.90631149,0.422592937,0.799615657,0.0,0.0,0.0,0.86058265,0.0,3.642228842
1772729825.3637402,-0.57767,0.88829,0.699408,0.05302744,0.04137559,-0.00322552,0.9977303,0.106111,0.083001,-0.002055,-0.955480301,-0.557938158,0.035653938,0.055021249,0.273701474,-0.012636968,0.031900095,0.028879584,1.01373292,-0.036707483,0.251732681,0.032473248,51110.965771059,52476.086678109,52063.404112754,51945.319712173,-0.554618237,0.90021522,0.698432585,-0.957423529,-0.590337765,0.026107236,0.111659536,-0.095929392,0.006579883,6.846690213,-4.336878736,0.155029337,0.059618906,0.03785056,-0.000909844,0.997429902,-0.909210135,0.416308689,0.799846356,0.0,0.0,0.0,0.86058265,0.0,3.642228842
1772729825.3737404,-0.587289,0.882747,0.699732,0.05326299,0.04219277,-0.00247449,0.99768567,0.106653,0.084555,-0.000444,-0.947254555,-0.56688028,0.036623733,0.038868025,0.236321301,0.006693503,0.032622277,0.027345485,1.013480901,-0.036367621,0.239723871,0.032743412,51315.809392873,52528.888473383,51865.009898812,51836.246590409,-0.561320757,0.896386988,0.698668001,-0.952381799,-0.5971884,0.026524882,0.11386683,-0.079279477,0.012452508,6.860222561,-4.507974811,0.189459142,0.059719591,0.039357727,-0.000704043,0.997372427,-0.912371392,0.409337919,0.800101514,0.0,0.0,0.0,0.86058265,0.0,3.642228842
1772729825.3837404,-0.59678,0.877052,0.700087,0.05333452,0.04352651,-0.00201917,0.99762558,0.106848,0.087172,0.000617,-0.940000217,-0.574570167,0.036540148,0.011297877,0.208310062,0.051622388,0.033344441,0.025811422,1.013228887,-0.036027766,0.227715348,0.033013569,50986.176761434,52421.810091021,52215.237330037,51817.037082818,-0.571328595,0.890401062,0.69904291,-0.944167021,-0.607568427,0.027010978,0.118915915,-0.087470413,0.001004284,6.899328173,-4.764951844,0.234350201,0.060034383,0.041617649,-0.000461868,0.997267111,-0.920282679,0.391228765,0.800760256,0.0,0.0,0.0,0.86058265,0.0,3.642228842
1772729825.39374,-0.606103,0.871224,0.700463,0.05297526,0.04513892,-0.00180305,0.99757348,0.106162,0.090373,0.00119,-0.933457747,-0.582521088,0.036747257,-0.025761104,0.240774074,0.081573608,0.034066572,0.024277432,1.012976885,-0.035687928,0.215707397,0.033283713,50995.325528975,52391.591434596,52279.278702828,51749.946120846,-0.581335956,0.884415421,0.699417801,-0.935952636,-0.617947959,0.02749705,0.117258869,-0.095983488,0.002906344,6.9103943,-4.859288869,0.251984847,0.060120529,0.042447878,-0.000361927,0.997233754,-0.924083425,0.382166004,0.801087818,0.0,0.0,0.0,0.86058265,0.0,3.642228842
1772729825.4037411,-0.615407,0.865386,0.700821,0.05313068,0.04642162,-0.00155683,0.99750676,0.106512,0.092911,0.001835,-0.923368285,-0.591959442,0.037698987,-0.070160637,0.24019585,0.090197353,0.034788823,0.022743186,1.012724841,-0.035348033,0.203697442,0.033553903,51004.475823457,52361.367734643,52343.330764197,51682.843961318,-0.591344988,0.878428781,0.699792755,-0.927736879,-0.628329223,0.027983204,0.1224017,-0.097349987,0.003312037,6.914121878,-4.911868417,0.262752295,0.060146764,0.042911107,-0.000297282,0.997218927,-0.925653832,0.378342342,0.801225622,0.0,0.0,0.0,0.86058265,0.0,3.642228842
1772729825.4137416,-0.624554,0.859398,0.701241,0.05299195,0.04671706,-0.0005306,0.99750142,0.106332,0.093393,0.00391,-0.911655415,-0.601592221,0.03835365,-0.095003765,0.238149826,0.061817566,0.035511022,0.02120905,1.012472815,-0.035008162,0.191688346,0.033824073,51013.625463535,52331.146196202,52407.378244747,51615.746600742,-0.601353304,0.87244257,0.700167682,-0.919521711,-0.638709745,0.028469323,0.126064516,-0.097623865,0.003005924,6.906863155,-5.011488069,0.286965627,0.06007007,0.043790756,-0.000136208,0.997199908,-0.928024262,0.372491496,0.801436053,0.0,0.0,0.0,0.86058265,0.0,3.642228842
1772729825.423741,-0.63366,0.853361,0.701601,0.05211831,0.04796533,-0.00027419,0.99748831,0.104619,0.095865,0.004473,-0.902733106,-0.609366762,0.038671268,-0.117209309,0.230311083,0.046718055,0.02529532,0.037120823,1.008113155,-0.067307276,0.182812462,0.037657459,50678.606378436,51583.163784361,52739.722364558,52315.826421137,-0.611360665,0.866456929,0.700542573,-0.911307325,-0.649089277,0.028955396,0.11919303,-0.083299945,-0.000916079,6.871052882,-5.148796736,0.325525528,0.059737166,0.045005813,0.000141151,0.997172574,-0.932493259,0.361152933,0.80184228,0.0,0.0,0.0,0.86058265,0.0,3.642228842
1772729825.4337418,-0.642625,0.847202,0.702009,0.05130188,0.04961223,-0.00050025,0.99745,0.10298,0.099185,0.004113,-0.893228047,-0.617372636,0.039204894,-0.123523086,0.210525865,0.025875662,0.030102691,0.040465777,1.010596802,-0.098914411,0.168294069,0.024616366,50532.825287246,51659.928743759,52816.992117144,52291.732341208,-0.62283275,0.859128557,0.70100446,-0.90091271,-0.660986033,0.029368025,0.121256308,-0.078192425,0.001159869,6.823877406,-5.259606815,0.361513687,0.05930683,0.045988646,0.000415281,0.997166766,-0.936227785,0.351358775,0.802191697,0.0,0.0,0.0,0.86058265,0.0,3.642228842
1772729825.4437416,-0.651459,0.840979,0.70235,0.05085381,0.05061174,0.00021102,0.99742283,0.102165,0.101113,0.005597,-0.882413934,-0.626139758,0.039868569,-0.114322627,0.166019579,0.006605263,0.033103343,0.028254697,1.014397076,-0.091426695,0.154012758,0.024679294,50466.147450748,51756.088470449,52956.807869846,52064.58891463,-0.634792815,0.851220269,0.701503076,-0.8895191,-0.673370939,0.029746346,0.120907462,-0.089193793,0.001766714,6.717068523,-5.391160635,0.39703632,0.058355867,0.047151031,0.000700302,0.997171993,-0.941210507,0.337819067,0.802672649,0.0,0.0,0.0,0.86058265,0.0,3.642228842
1772729825.4537416,-0.66029,0.834703,0.702797,0.0504337,0.05129097,3.097e-05,0.99740948,0.101313,0.102492,0.005263,-0.872331757,-0.634465679,0.040174883,-0.092562472,0.123728683,-0.003995311,0.036104066,0.016043327,1.018197441,-0.083938801,0.139731107,0.024742225,50488.56164934,51861.907638994,52956.585857064,51869.556978555,-0.644140482,0.844806663,0.701903262,-0.880151091,-0.682957516,0.030237798,0.134443268,-0.09971176,0.001724067,6.633926817,-5.489734389,0.428043594,0.057614119,0.04802397,0.00095417,0.99717274,-0.944450894,0.328501358,0.803001475,0.0,0.0,0.0,0.86058265,0.0,3.642228842
1772729825.4637415,-0.66898,0.828329,0.703205,0.04992418,0.05177496,-0.0001197,0.9974101,0.100281,0.103478,0.004957,-0.862082427,-0.642851992,0.041129701,-0.07095646,0.072946271,0.00343911,0.030863764,0.029773493,1.014145084,-0.068798046,0.14041101,0.01184266,50697.63415951,52236.342285671,52594.26372357,51601.50179549,-0.652564712,0.838867126,0.702280285,-0.871349257,-0.691610653,0.030919848,0.135797493,-0.096282319,-0.00070199,6.55583623,-5.579724849,0.458778301,0.056916387,0.048821693,0.001209331,0.997170799,-0.94769128,0.319183649,0.803330301,0.0,0.0,0.0,0.86058265,0.0,3.642228842
1772729825.4737413,-0.677505,0.821846,0.703612,0.04976309,0.05156369,0.00012276,0.9974291,0.099979,0.103032,0.005406,-0.852362118,-0.650668453,0.041286481,-0.062144663,0.048054961,0.001038481,0.026528703,0.042223079,1.010686072,-0.052529622,0.138389728,-8.3299e-05,50876.822507145,52237.218609202,52241.394557298,51729.682268737,-0.662486833,0.831680957,0.702717719,-0.860609424,-0.701703179,0.031395178,0.128513488,-0.074158205,0.001731573,6.470954391,-5.684478781,0.485251894,0.05616008,0.049745355,0.001424095,0.997163358,-0.9506621,0.310067508,0.803649918,0.0,0.0,0.0,0.86058265,0.0,3.642228842
1772729825.4837413,-0.685958,0.815266,0.704021,0.04941522,0.05168738,0.00017,0.99743998,0.099286,0.103277,0.005477,-0.842485924,-0.658875395,0.041998272,-0.072333581,0.052409525,-0.023448616,0.029165502,0.042436867,1.01220413,-0.030551098,0.117162862,-0.003830742,50527.83768254,51902.584126984,52384.466079365,52179.494793651,-0.669227955,0.826726836,0.703041205,-0.853247794,-0.708479243,0.031758206,0.130822128,-0.069422445,0.00351319,6.436495494,-5.736651359,0.492353531,0.055853909,0.050202387,0.001475248,0.997154097,-0.953628721,0.300954339,0.803969398,0.0,0.0,0.0,0.86058265,0.0,3.642228842
1772729825.4937415,-0.69437,0.808657,0.704429,0.04882982,0.0527601,4.493e-05,0.99741266,0.098113,0.105438,0.005271,-0.832015479,-0.666191564,0.0417507,-0.080081744,0.051695423,-0.034620407,0.032183135,0.03706878,1.012118832,-0.037312461,0.090608819,-0.019156468,49798.631884923,51674.665624561,52902.134010117,52491.719404243,-0.676861306,0.82098778,0.703411654,-0.844676419,-0.716162894,0.032277015,0.134913671,-0.074990381,0.001638825,6.408837146,-5.783911614,0.496286122,0.055608573,0.050615195,0.001498438,0.997147953,-0.955794998,0.293993951,0.804212376,0.0,0.0,0.0,0.86058265,0.0,3.642228842
1772729825.5037415,-0.702646,0.801984,0.704874,0.04869966,0.05275786,-8.768e-05,0.99741914,0.097837,0.105447,0.004991,-0.822300337,-0.673004566,0.042686132,-0.078411729,0.048761719,-0.043966241,0.033593522,0.030090278,1.012783595,-0.060252988,0.066569644,-0.036486485,49744.855030209,52280.207742026,52791.633623718,52008.464381059,-0.68317504,0.816104951,0.703722159,-0.837335775,-0.722573548,0.032516361,0.136180688,-0.08077711,0.002445028,6.384480225,-5.833648891,0.496908817,0.055393241,0.051047981,0.001490361,0.997152434,-0.958210784,0.286019712,0.80449013,0.0,0.0,0.0,0.86058265,0.0,3.642228842
1772729825.5137413,-0.710817,0.795211,0.705288,0.04824052,0.05284004,-0.00028123,0.99743707,0.096895,0.105633,0.004562,-0.812618296,-0.679831223,0.043894525,-0.082358189,0.043200843,-0.043566251,0.027407118,0.031829124,1.020744699,-0.07371704,0.067590359,-0.030686813,49294.952900947,52534.195424232,53052.407757269,51802.597098109,-0.689247249,0.811325287,0.704023812,-0.830141676,-0.728786971,0.032963242,0.132662221,-0.078987256,0.008041846,6.341328411,-5.872494042,0.485131876,0.05502061,0.051379797,0.001388332,0.99716145,-0.96063828,0.277762797,0.804777026,0.0,0.0,0.0,0.86058265,0.0,3.642228842
1772729825.5237415,-0.718887,0.788354,0.705747,0.04742129,0.05320406,-0.00084899,0.99745668,0.095192,0.106419,0.003371,-0.802087536,-0.687035387,0.044223741,-0.071171586,0.045485853,-0.02484666,0.03140377,0.038582462,1.01852104,-0.101927026,0.054592164,-0.033650346,49298.582224306,52448.263211527,53050.288544235,51798.739560193,-0.695541664,0.806293325,0.704339675,-0.822584405,-0.735239785,0.03359247,0.136086045,-0.076669557,0.002806973,6.28989881,-5.90749303,0.470263965,0.054577626,0.051676651,0.00126522,0.997177348,-0.962650169,0.270738754,0.805020552,0.0,0.0,0.0,0.86058265,0.0,3.642228842
1772729825.5337408,-0.726822,0.781475,0.706153,0.04737021,0.0531449,-0.00065205,0.99746241,0.09511,0.106282,0.003755,-0.791324667,-0.694425313,0.044096429,-0.072569309,0.046827956,-0.002022181,0.030188455,0.041732246,1.007103632,-0.119854183,0.058568918,-0.025569789,49933.148910985,51943.536647727,52613.517329545,52128.428693182,-0.703463411,0.799854683,0.704744355,-0.813022629,-0.743230491,0.034175702,0.135105622,-0.068278929,-0.003187017,6.222427945,-5.939439109,0.452444676,0.05399664,0.051945503,0.001125411,0.997198974,-0.965253712,0.261310686,0.8053466,0.0,0.0,0.0,0.86058265,0.0,3.642228842
1772729825.5437407,-0.734707,0.774482,0.706634,0.04716442,0.05359036,-0.00029957,0.9974485,0.09474,0.10714,0.004483,-0.780582349,-0.701421784,0.043641262,-0.086051308,0.081978673,0.015293929,0.022286825,0.040808173,0.99903528,-0.124521173,0.06272581,-0.019834449,49978.825364424,51412.427583391,52527.968900843,52692.969333109,-0.711572062,0.793109875,0.705176674,-0.803123612,-0.751220972,0.033965866,0.125314883,-0.062621971,-0.009448606,6.135565719,-5.975096064,0.437519476,0.053245464,0.052248015,0.001018364,0.997221158,-0.967655058,0.252270715,0.805658395,0.0,0.0,0.0,0.86058265,0.0,3.642228842
1772729825.5537407,-0.74249,0.76744,0.70708,0.04647016,0.05413865,-0.00034574,0.99745146,0.093347,0.108245,0.004368,-0.769016584,-0.708040807,0.042980791,-0.101050975,0.095833728,0.030276415,0.018251196,0.045037701,0.997805791,-0.116824813,0.075429507,-0.013344257,50015.016841317,52031.294108212,52437.55453379,52158.281383661,-0.720096469,0.785786253,0.705631579,-0.79244147,-0.759542921,0.033647637,0.133288166,-0.071074505,-0.001383808,6.041917818,-6.015961038,0.427301057,0.052432835,0.052598108,0.000953263,0.997241746,-0.970497987,0.241087113,0.806043034,0.0,0.0,0.0,0.86058265,0.0,3.642228842
1772729825.5637412,-0.750104,0.760323,0.707457,0.04624168,0.05487893,-0.00015509,0.99742167,0.092919,0.109709,0.004795,-0.758191593,-0.714454197,0.04237032,-0.126026482,0.090704172,0.025362835,0.016507949,0.051743457,0.998382619,-0.105826321,0.092153918,-0.005756703,49738.417144758,51799.827028076,52775.920207311,52238.979019429,-0.728761613,0.778279588,0.706094415,-0.781477256,-0.767966546,0.033328659,0.131743864,-0.074582795,-0.005854193,5.946590791,-6.0663502,0.416741858,0.051605277,0.05303103,0.000882157,0.997255906,-0.972890439,0.231241219,0.806380784,0.0,0.0,0.0,0.86058265,0.0,3.642228842
1772729825.5737407,-0.75761,0.753141,0.707896,0.04523668,0.05483342,6.7e-06,0.99747027,0.090915,0.109608,0.005004,-0.746423225,-0.721465626,0.04149359,-0.145320404,0.142514918,-0.002640161,0.014764869,0.058448574,0.998959391,-0.094828878,0.108876734,0.001830127,49990.83564866,51618.330351219,52638.378902716,52344.019119037,-0.736928711,0.770968754,0.706541457,-0.770798641,-0.775768854,0.032893525,0.122297975,-0.043231087,-0.008472773,5.872667449,-6.115191102,0.412354393,0.050961273,0.053453539,0.000856318,0.997262404,-0.975248457,0.221078926,0.806728551,0.0,0.0,0.0,0.86058265,0.0,3.642519786
1772729825.5837405,-0.765015,0.745895,0.708312,0.04453064,0.05601919,9.876e-05,0.99743614,0.089523,0.111976,0.005219,-0.734299729,-0.727911067,0.040846271,-0.138560858,0.151412245,-0.016169725,0.02104833,0.064100174,1.002937823,-0.096586874,0.112032469,0.004137738,50019.530922699,51468.544208498,52667.295055468,52455.218152831,-0.743536016,0.764937265,0.706921925,-0.762073201,-0.782018366,0.032314149,0.128601263,-0.03415096,-0.004908942,5.806202325,-6.166566784,0.413618843,0.050379403,0.053900691,0.000875566,0.997267259,-0.977020823,0.213142275,0.806999623,0.0,0.0,0.0,0.86058265,0.0,3.642987146
1772729825.5937402,-0.772323,0.738603,0.708716,0.04384355,0.05632382,0.00016762,0.99744942,0.088154,0.112583,0.005307,-0.725544243,-0.733745338,0.040833159,-0.121968793,0.162299488,-0.02905723,0.024707965,0.045083783,1.00716484,-0.090439741,0.103804457,0.001835624,50011.984767097,51701.626793875,52700.752024373,52189.681471979,-0.750395365,0.75855763,0.70731524,-0.752813947,-0.788482948,0.032032709,0.134874814,-0.055711859,-0.002790502,5.748560299,-6.215130193,0.4179777,0.049873005,0.054324781,0.000919296,0.997269482,-0.979101704,0.203368402,0.807332676,0.0,0.0,0.0,0.86058265,0.0,3.643454506
1772729825.60374,-0.779572,0.731237,0.709141,0.04328158,0.05718287,-0.00016266,0.99742508,0.086999,0.114334,0.004656,-0.71782957,-0.738958494,0.040504973,-0.1022271,0.167579491,-0.030068488,0.024972621,0.040638146,1.009222428,-0.081347604,0.092658588,0.002447983,49895.253702283,51837.572848782,52787.219479791,52050.853168558,-0.753902362,0.755211049,0.707504055,-0.747883823,-0.791806454,0.03203378,0.135346854,-0.057794691,-0.000656525,5.701483389,-6.255117386,0.42238664,0.049458986,0.054674313,0.000962527,0.997270903,-0.980033668,0.198769482,0.807489096,0.0,0.0,0.0,0.86058265,0.0,3.643921866
1772729825.61374,-0.786606,0.723771,0.709507,0.04296109,0.05947087,-0.00026327,0.99730511,0.086376,0.118924,0.004617,-0.71065973,-0.743337286,0.0395601,-0.077097532,0.191627144,-0.009743846,0.024426591,0.048191833,1.01030834,-0.0729127,0.081646697,0.005163963,49755.526271365,51941.771681789,52878.635155096,51951.374129563,-0.757409442,0.751864387,0.707692875,-0.742953581,-0.79513004,0.032034851,0.134848629,-0.05572699,0.001522089,5.661513542,-6.288220188,0.426040889,0.049107529,0.054963617,0.000999154,0.997273695,-0.980952687,0.194228906,0.807643526,0.0,0.0,0.0,0.86058265,0.0,3.644389237
1772729825.62374,-0.793682,0.716334,0.709946,0.04257247,0.0583566,-0.00012488,0.99738763,0.085594,0.116684,0.004752,-0.701487868,-0.749246752,0.040847708,-0.068349665,0.142087668,0.017949474,0.02518651,0.049522479,1.011000533,-0.06388922,0.063325464,0.003943148,49500.322544009,51885.74746167,52995.357546848,52047.5400795,-0.764339147,0.745083966,0.708089646,-0.732892562,-0.801701243,0.032372476,0.136127466,-0.047600985,0.001845482,5.617191811,-6.322825921,0.429977261,0.048717967,0.05526607,0.001039808,0.997277847,-0.982630315,0.185526473,0.807938942,0.0,0.0,0.0,0.86058265,0.0,3.644856608
1772729825.6337397,-0.800769,0.708848,0.710326,0.04224682,0.05958675,-4.921e-05,0.99732874,0.084966,0.119141,0.004972,-0.690649279,-0.755567912,0.042093125,-0.049520432,0.044174873,0.05555075,0.024683163,0.036574258,1.007446077,-0.060475352,0.026315462,0.002654533,49476.505394662,52122.966269165,53078.241226576,51679.803293583,-0.771226851,0.738192133,0.708488942,-0.722664725,-0.808204896,0.03264159,0.137754318,-0.057269929,-0.002842562,5.562417323,-6.358994546,0.433732603,0.048237415,0.055581925,0.001083532,0.997288391,-0.984333776,0.176261387,0.808252948,0.0,0.0,0.0,0.86058265,0.0,3.645323968
1772729825.6437395,-0.807575,0.701259,0.710741,0.04205222,0.06002318,0.00062081,0.99731061,0.084662,0.119959,0.006332,-0.679620753,-0.76230568,0.043266261,-0.032792827,-0.065540902,0.087556297,0.020666794,0.025154661,1.002918774,-0.062247609,-0.015376848,0.007350988,49512.582066906,52154.695021796,53036.497001517,51639.372751138,-0.777744747,0.731535675,0.708863733,-0.712862928,-0.81427718,0.032464617,0.13302033,-0.068409284,-0.007084209,5.5087211,-6.381589005,0.434601787,0.047768401,0.05577841,0.001107623,0.997308335,-0.985863593,0.167481522,0.808550048,0.0,0.0,0.0,0.86058265,0.0,3.645791328
1772729825.6537387,-0.814325,0.693618,0.711177,0.04180228,0.06017906,0.00096474,0.99731145,0.084203,0.120243,0.007006,-0.665558735,-0.769912059,0.043641592,-0.028917782,-0.183213963,0.080995441,0.018804791,0.029626806,1.005375553,-0.06487999,-0.042650532,0.016899348,49552.858395739,51889.27736174,53174.674001842,51717.886408234,-0.784372583,0.724644008,0.709249557,-0.702856766,-0.820403857,0.032123796,0.130927438,-0.064287075,-0.002769242,5.464009788,-6.385293051,0.435872647,0.047378445,0.055810739,0.001138895,0.997333813,-0.987352035,0.158464506,0.808854682,0.0,0.0,0.0,0.86058265,0.0,3.646258666
1772729825.6637387,-0.820825,0.685799,0.711685,0.04174568,0.05741079,0.00111731,0.99747684,0.08406,0.11469,0.007069,-0.651954973,-0.776829315,0.042134772,-0.039779771,-0.258268655,0.042609317,0.022810505,0.041903205,1.01366099,-0.068369923,-0.057424334,0.028709642,49180.719589989,51825.422567452,53551.73122044,51668.648107317,-0.789821765,0.718836929,0.709559867,-0.694395034,-0.825514829,0.032163864,0.130946151,-0.056423607,0.001242964,5.426249241,-6.375362814,0.438056577,0.047049296,0.055724831,0.001180399,0.99735985,-0.988619125,0.150363255,0.809128011,0.0,0.0,0.0,0.86058265,0.0,3.646726037
1772729825.6737392,-0.827338,0.678057,0.712047,0.04187939,0.05581613,0.00154599,0.99756117,0.08435,0.111461,0.007808,-0.641874796,-0.781459409,0.040244405,-0.071308702,-0.338751682,-0.012716912,0.02407516,0.038462225,1.007878656,-0.053474549,-0.067476041,0.029534573,48937.804231645,51653.683452752,53806.080991318,51751.018157296,-0.795683809,0.712449851,0.709893811,-0.685248636,-0.830953156,0.032214503,0.123167589,-0.059069765,-0.007277931,5.348934937,-6.334909115,0.452028393,0.046371914,0.055377514,0.001355988,0.997402712,-0.989786763,0.1424476,0.809394755,0.0,0.0,0.0,0.86058265,0.0,3.64719343
1772729825.6837392,-0.833753,0.670208,0.712449,0.04137914,0.05517864,0.00134727,0.9976178,0.083311,0.110206,0.007299,-0.633158121,-0.785696825,0.036828648,-0.077370606,-0.404454145,-0.053676701,0.025339755,0.035021409,1.002096599,-0.038579884,-0.077527268,0.030359464,49073.571845233,51223.045553401,53764.360735059,52099.629790104,-0.804831735,0.702325402,0.710431533,-0.671301817,-0.839119068,0.031651263,0.131737523,-0.059038489,-0.009357919,5.27354977,-6.286714854,0.468505529,0.045710571,0.054963754,0.001555366,0.997459032,-0.991931339,0.126612477,0.809927388,0.0,0.0,0.0,0.86058265,0.0,3.64732239
1772729825.6937394,-0.839914,0.662316,0.712793,0.04058798,0.0528035,0.00051442,0.99777961,0.081594,0.105526,0.005343,-0.627053609,-0.788704404,0.034801723,-0.087476543,-0.279602838,-0.07061173,0.018977087,0.040592139,0.999570025,-0.0303278,-0.053503719,0.026804481,50028.084769316,51423.399759125,52838.594404299,52035.976005188,-0.813979879,0.692200711,0.710969268,-0.657354666,-0.847285176,0.03108801,0.132762393,-0.048665812,-0.008205972,5.228036198,-6.24964166,0.48098859,0.045310575,0.054645369,0.001700665,0.997496257,-0.993276284,0.115716807,0.810293345,0.0,0.0,0.0,0.86058265,0.0,3.646758508
1772729825.7037394,-0.846284,0.654451,0.713128,0.03996376,0.05208604,-4.829e-05,0.99784264,0.080271,0.104139,0.004089,-0.621775923,-0.792093879,0.035435271,-0.101011301,-0.077549643,-0.076323294,0.014025642,0.046032688,0.997517359,-0.002267395,-0.029953409,0.016940494,49541.948769262,52699.977986792,53210.607164299,50809.664998999,-0.820487781,0.684663796,0.711373455,-0.647252393,-0.853073077,0.030502103,0.119215116,-0.048750862,-0.011796583,5.113775019,-6.258783728,0.498916473,0.044306766,0.054729936,0.001908474,0.997524227,-0.993439615,0.114357769,0.810338974,0.0,0.0,0.0,0.86058265,0.0,3.646194639
1772729825.7137399,-0.852429,0.646497,0.713492,0.03958052,0.05112961,-0.00031471,0.99790733,0.079461,0.102248,0.003437,-0.616167585,-0.796434792,0.039128709,-0.117899867,0.134761628,-0.107799413,0.012615946,0.04820259,0.994592591,0.039926185,-0.018758673,0.004876967,49982.239182769,51477.308996783,52784.196276018,52160.43833486,-0.834291593,0.666748166,0.71211776,-0.611213756,-0.854881497,0.026852918,0.124410703,-0.034763645,-0.012950306,4.882985227,-6.349668167,0.522548955,0.042280912,0.055525892,0.002190488,0.997557408,-0.995744295,0.091755253,0.811096347,0.0,0.0,0.0,0.86058265,0.0,3.645630743
1772729825.7237399,-0.858467,0.638456,0.713839,0.03997714,0.05038172,-0.0001356,0.9979296,0.080268,0.100736,0.003777,-0.605986572,-0.803507507,0.040292171,-0.092954296,0.30875366,-0.069161148,0.010843726,0.045196357,0.98508103,-0.049129389,0.034355235,0.000543944,49408.9769317,50378.23154831,53146.681134339,53542.532635843,-0.837469339,0.664133412,0.712523593,-0.577959315,-0.822003022,0.025255085,0.12089165,-0.033270991,-0.020166803,4.823495863,-6.36118814,0.529962578,0.04175883,0.055627965,0.002278844,0.997572439,-0.996729296,0.07941598,0.81150899,0.0,0.0,0.0,0.86058265,0.0,3.645066874
1772729825.73374,-0.864659,0.630474,0.714303,0.03884198,0.05662876,-0.00036737,0.99763939,0.078038,0.113261,0.00369,-0.593747342,-0.811594655,0.039314723,-0.00957761,0.329223601,0.001248122,0.013657413,0.042641986,0.993964099,-0.004883532,-0.031253306,0.008949388,49531.514927784,51211.522633935,53125.543722025,52910.18139449,-0.843775687,0.655871446,0.712870533,-0.573247252,-0.83241108,0.023805915,0.123764544,-0.039484981,-0.012408143,4.838648996,-6.340489846,0.527482134,0.041893202,0.055447172,0.002257525,0.997580191,-0.997714321,0.067076412,0.811921643,0.0,0.0,0.0,0.86058265,0.0,3.644502991
1772729825.7437398,-0.870485,0.622302,0.714745,0.0385593,0.05686313,-0.00078081,0.99763678,0.077425,0.113763,0.002846,-0.580358401,-0.819519702,0.03559273,0.132522996,0.118422827,0.075981512,0.018036631,0.038564767,0.996930298,0.051116528,-0.076304901,0.015926723,49323.054208771,51878.825874857,53431.917865499,52228.320274777,-0.850659629,0.646908227,0.713230653,-0.566357044,-0.842449867,0.022732647,0.128584521,-0.044301686,-0.013757853,4.844733253,-6.312632253,0.525170927,0.041948962,0.055203929,0.002244905,0.997596156,-0.998432039,0.055881657,0.812295583,0.0,0.0,0.0,0.86058265,0.0,3.643939136
1772729825.7537403,-0.876263,0.614088,0.715116,0.03893831,0.05776663,-0.0012439,0.99756969,0.078144,0.115607,0.00203,-0.570861617,-0.82576421,0.032245369,0.265045405,-0.226737033,0.121872888,0.019625769,0.037714119,0.99527066,0.117838003,-0.162948842,0.017766368,49181.071367602,52789.817573976,53752.738287178,51203.387187026,-0.857731069,0.637512367,0.713617538,-0.557600402,-0.851671073,0.021606248,0.124963903,-0.041094076,-0.013267868,4.871323206,-6.247540151,0.524567987,0.042184643,0.05463756,0.002251295,0.997627963,-0.998970455,0.045303261,0.812648614,0.0,0.0,0.0,0.86058265,0.0,3.64337524
1772729825.7637403,-0.881685,0.605654,0.715283,0.04151458,0.05513655,0.00129975,0.99761456,0.083577,0.110125,0.007215,-0.564166952,-0.829960523,0.028826581,0.339774941,-0.385523552,0.130067409,0.01944259,0.039008518,0.993965671,0.187576708,-0.277052774,0.017724646,49509.393461428,53089.389733295,53571.552337253,50878.518784055,-0.864849176,0.627841709,0.714024445,-0.547804703,-0.860286781,0.020434971,0.124883874,-0.042000709,-0.0120732,4.897911891,-6.182451152,0.523965075,0.042420313,0.054071219,0.002257684,0.99765502,-0.999453237,0.032837416,0.813064492,0.0,0.0,0.0,0.86058265,0.0,3.642811371
1772729825.77374,-0.887427,0.597439,0.715541,0.04426177,0.05134242,0.00156205,0.99769856,0.089065,0.10249,0.007702,-0.558423143,-0.833052834,0.025828424,0.343504951,-0.317077973,0.09665853,0.020135765,0.04077034,0.995102489,0.196396339,-0.280294127,0.01150459,49722.462739154,53003.474701954,53390.271621123,51002.236429186,-0.867372268,0.62442756,0.714188794,-0.54434464,-0.863163279,0.020179938,0.125612802,-0.042720357,-0.010854543,4.930820485,-6.109212664,0.522477956,0.042711881,0.053433704,0.002256774,0.997674204,-0.999570444,0.028883787,0.813196338,0.0,0.0,0.0,0.86058265,0.0,3.642247515
1772729825.7837408,-0.893026,0.589087,0.715834,0.04605388,0.04849769,0.0013194,0.99776013,0.092595,0.096808,0.007133,-0.554465486,-0.835717522,0.026284097,0.23970321,-0.049720436,0.00757166,0.020829007,0.042532331,0.996239416,0.205216812,-0.28353579,0.005283942,49759.532770441,53035.741159674,53340.10918557,51013.548943346,-0.870371586,0.620304617,0.714387744,-0.540147177,-0.866635406,0.019903195,0.1263418,-0.043440073,-0.009635771,5.007180451,-5.979935877,0.514912436,0.043387771,0.052306776,0.002205683,0.997695689,-0.999687662,0.02492978,0.813328197,0.0,0.0,0.0,0.86058265,0.0,3.642228842
1772729825.7937412,-0.898573,0.580727,0.716194,0.04580872,0.04888347,0.0004756,0.99775335,0.092026,0.097659,0.005454,-0.547241606,-0.840349073,0.027771899,0.092448809,0.149565143,-0.09562177,0.017161451,0.04317286,0.995277345,0.202443289,-0.275562648,0.000996179,49440.997132202,53306.780398045,53554.875515404,50797.75008308,-0.876174292,0.612009036,0.714790397,-0.531608616,-0.873613969,0.019498736,0.116797257,-0.041264332,-0.012177194,5.083538597,-5.850662171,0.507347096,0.044063645,0.051179876,0.002154594,0.997723186,-0.99981123,0.016824232,0.813598425,0.0,0.0,0.0,0.86058265,0.0,3.642228842
1772729825.8037415,-0.904055,0.572335,0.716387,0.04558818,0.05582954,0.0002339,0.99739898,0.091663,0.111579,0.005592,-0.537657583,-0.846997486,0.027997599,-0.02924072,0.246856153,-0.151496873,0.010326008,0.042998698,0.992790459,0.191247297,-0.259442539,-0.001887405,49297.549249216,53392.971509413,53666.476916181,50760.07849619,-0.881542939,0.604288834,0.715154013,-0.523664919,-0.880128465,0.019041018,0.10786613,-0.042723329,-0.014053897,5.14032135,-5.756432654,0.499794255,0.044566793,0.050357554,0.002100608,0.997759815,-0.999935358,0.0083508,0.813880915,0.0,0.0,0.0,0.86058265,0.0,3.642228842
1772729825.813742,-0.909244,0.563784,0.716641,0.04551398,0.05579768,-0.0003203,0.99740413,0.091451,0.111566,0.004468,-0.525055474,-0.855634052,0.025766303,-0.072126013,0.159159807,-0.104820031,0.004015646,0.043033207,0.990679952,0.179959098,-0.243126569,-0.00455772,49423.280843792,53194.973624496,53619.474450919,50996.265884133,-0.884360925,0.599949624,0.715288227,-0.519216723,-0.883916097,0.018270156,0.103134854,-0.043965982,-0.013444454,5.18714026,-5.680040838,0.492247505,0.044982023,0.049690264,0.002045144,0.997775279,-0.999950346,0.000964634,0.814127148,0.0,0.0,0.0,0.86058265,0.0,3.642228842
1772729825.823742,-0.914462,0.555162,0.716961,0.04510017,0.05374772,-0.00094467,0.99753509,0.090522,0.107523,0.002981,-0.515681008,-0.86240599,0.02341799,-0.067631979,-0.037463979,-0.06618898,0.007771861,0.047066971,0.995783963,0.166909389,-0.223065063,-0.003139293,49595.698756333,53033.983045743,53521.438277292,51169.016954257,-0.887085426,0.59576508,0.715416635,-0.514981759,-0.8875579,0.017586521,0.108147549,-0.044286857,-0.007025964,5.233956938,-5.603652664,0.484701115,0.045397234,0.049023005,0.001989684,0.997784169,-0.999882352,-0.005594392,0.8143458,0.0,0.0,0.0,0.86058265,0.0,3.642228842
1772729825.8337424,-0.919601,0.546526,0.717164,0.04470748,0.0530746,-0.00120356,0.99758853,0.089696,0.1062,0.002358,-0.507401067,-0.86897342,0.021461928,-0.062688871,-0.233931642,-0.030400806,0.011528255,0.051100927,1.000888218,0.153859058,-0.203002601,-0.001720797,49788.904652234,52889.450173617,53400.684592354,51313.549826383,-0.889432853,0.592204472,0.71552162,-0.511607371,-0.890611344,0.017255174,0.108247769,-0.038381325,-0.005389742,5.280775849,-5.527260847,0.477154365,0.045812465,0.048355715,0.00193422,0.997792147,-0.999814356,-0.01215373,0.814564462,0.0,0.0,0.0,0.86058265,0.0,3.642228842
1772729825.8437424,-0.924636,0.537799,0.717352,0.04470581,0.05132415,-0.00096266,0.99768046,0.089697,0.102677,0.002682,-0.500782082,-0.874121308,0.020301457,-0.087636749,-0.282252556,-0.014928948,0.012454245,0.060202202,1.000363453,0.131386814,-0.155293624,0.004858982,49981.804436567,52744.987592652,53280.219787303,51458.008271565,-0.891780168,0.588644034,0.715626601,-0.508233143,-0.893664643,0.016923843,0.107833278,-0.03182373,-0.00425467,5.33479147,-5.43815091,0.468960182,0.04629122,0.047577474,0.001875989,0.997800885,-0.999746362,-0.018712756,0.814783113,0.0,0.0,0.0,0.86058265,0.0,3.642228842
1772729825.853743,-0.929618,0.529051,0.717548,0.04419634,0.05100612,-0.00108783,0.99771934,0.088657,0.102053,0.00235,-0.494531085,-0.878831918,0.01714988,-0.113251354,-0.09684307,-0.009167235,0.010109709,0.053567171,0.991832416,0.094388787,-0.101681302,0.004766132,49653.7138863,52691.885678782,53657.767008388,51513.612923268,-0.89699829,0.580583493,0.715895623,-0.501101278,-0.900506776,0.015964011,0.102584604,-0.040943313,-0.014350737,5.404811162,-5.320759495,0.459325644,0.046911242,0.046552507,0.001811595,0.997813912,-0.999678364,-0.02527225,0.815001781,0.0,0.0,0.0,0.86058265,0.0,3.642228842
1772729825.8637435,-0.934513,0.520222,0.717713,0.04339865,0.05075673,-0.00131884,0.99776679,0.087027,0.101576,0.001783,-0.488584712,-0.883474522,0.018808759,-0.157814218,-0.048533509,-0.007414586,0.010642596,0.042234639,0.990404694,0.046502424,-0.054254395,0.003893347,49675.786100826,52439.606949587,53717.346340074,51841.080888636,-0.902765649,0.571661997,0.716196031,-0.49325052,-0.908073782,0.014883928,0.101420729,-0.053760908,-0.015941675,5.452984681,-5.237902628,0.452604842,0.047337929,0.045829056,0.001767607,0.997824386,-0.999422081,-0.03380717,0.815286408,0.0,0.0,0.0,0.86058265,0.0,3.642228842
1772729825.8737433,-0.939373,0.511368,0.717899,0.04262051,0.05002279,-0.0011755,0.99783758,0.08547,0.100097,0.001928,-0.481923031,-0.889450304,0.019043181,-0.150906149,-0.091588112,0.001320409,0.013574104,0.046980186,0.994026701,0.00077007,-0.008824438,0.005854999,49682.612320462,52436.193839769,53841.924848436,51850.466940636,-0.907175749,0.564717273,0.71638799,-0.487318227,-0.913799776,0.013677942,0.103561366,-0.04642626,-0.010648747,5.473693197,-5.196548011,0.449438229,0.04752172,0.045467968,0.001748997,0.997832405,-0.999070112,-0.042031823,0.815560826,0.0,0.0,0.0,0.86058265,0.0,3.642228842
1772729825.8837435,-0.944151,0.50245,0.71808,0.04197652,0.05009301,-0.00114288,0.99786139,0.08418,0.100235,0.001934,-0.473840992,-0.894801533,0.017156563,-0.07303989,-0.23885021,0.066829358,0.015879543,0.057531445,0.998343829,-0.033805104,0.017024463,0.00498178,49518.942100877,52308.787255527,53979.315494339,52064.701896966,-0.911578156,0.557549369,0.716581593,-0.481027524,-0.919741084,0.012836977,0.106037151,-0.034996954,-0.007268495,5.475981964,-5.175869681,0.448249293,0.04754322,0.045287454,0.001746377,0.997838894,-0.998698813,-0.050181716,0.815832779,0.0,0.0,0.0,0.86058265,0.0,3.642228842
1772729825.893743,-0.948864,0.493463,0.71824,0.04137066,0.05006029,-0.00092868,0.99788856,0.082984,0.100153,0.0023,-0.466816762,-0.900703326,0.016287428,0.005463563,-0.348574521,0.129643584,0.015463302,0.053544502,1.001875168,-0.055722263,0.015285833,-0.000929996,49345.01883241,52173.924768394,54117.467310426,52291.254428704,-0.916029194,0.550113297,0.716798772,-0.474486794,-0.925886481,0.012165904,0.107444053,-0.030926931,-0.006679614,5.458089003,-5.174685655,0.450354846,0.047386641,0.045277736,0.001772277,0.997851709,-0.998275445,-0.058540712,0.816111779,0.0,0.0,0.0,0.86058265,0.0,3.642228842
1772729825.9037433,-0.953566,0.484461,0.718584,0.04094289,0.04629327,-0.00036181,0.99808841,0.082139,0.092571,0.003082,-0.456945987,-0.907509238,0.015975598,0.051494537,-0.348931163,0.145088635,0.015047031,0.049557275,1.00540676,-0.07764099,0.013547079,-0.006842196,49337.38730647,51964.217902184,54111.569998975,52573.043535322,-0.920468456,0.542556875,0.717020974,-0.467892467,-0.932053564,0.01168701,0.106443716,-0.042942575,-0.001608429,5.423709114,-5.178071608,0.450130817,0.047087175,0.045306596,0.001782512,0.997871988,-0.997709106,-0.067371829,0.816406756,0.0,0.0,0.0,0.86058265,0.0,3.642228842
1772729825.9137433,-0.957963,0.475287,0.718479,0.04293953,0.04422182,0.00047789,0.99809839,0.086201,0.088349,0.00477,-0.448248621,-0.914700095,0.016127677,0.032410766,-0.193797951,0.095248835,0.012740747,0.061713778,1.002471487,-0.066652497,0.003248843,0.001307473,49354.712414954,52176.742190358,54131.37478967,52340.353037286,-0.924908288,0.534856927,0.7172194,-0.461157265,-0.938241106,0.011655411,0.105172341,-0.041472458,0.006654721,5.365138524,-5.187835498,0.446868082,0.046577914,0.045389382,0.001773269,0.997894568,-0.997035349,-0.076295075,0.816705046,0.0,0.0,0.0,0.86058265,0.0,3.641989467
1772729825.923744,-0.96244,0.466187,0.718689,0.04347667,0.04174024,0.00178332,0.99818052,0.087357,0.08327,0.007215,-0.442228899,-0.919612804,0.018992773,-0.024138257,-0.096899492,0.025925956,0.010177547,0.076064188,0.998657522,-0.051192997,-0.0082129,0.011367943,49178.819312932,52755.772425781,54385.108961164,51669.344814967,-0.929616883,0.526480082,0.717415965,-0.453809077,-0.944869113,0.011946729,0.101648099,-0.034738376,-0.001092732,5.296745684,-5.197677587,0.444838328,0.045982618,0.045473203,0.0017787,0.997918788,-0.996361543,-0.08521896,0.817003357,0.0,0.0,0.0,0.86058265,0.0,3.641497898
1772729825.9337447,-0.966913,0.456927,0.718978,0.04191595,0.04489123,0.00093674,0.99811169,0.084195,0.089654,0.005656,-0.436533303,-0.923874055,0.020522961,-0.103239652,0.088493431,-0.046757801,0.007296417,0.061017154,0.997720674,-0.09593964,0.018106259,-0.00121099,49121.546517487,52526.926861192,54479.812172094,51931.151551496,-0.934646276,0.517254443,0.717614908,-0.445745875,-0.951866713,0.011317349,0.098123856,-0.028004293,-0.008840185,5.256087867,-5.198916681,0.445244842,0.045628328,0.045483519,0.001797857,0.997934258,-0.995472062,-0.09504873,0.817332368,0.0,0.0,0.0,0.86058265,0.0,3.641006329
1772729825.9437456,-0.971062,0.447611,0.719159,0.04113231,0.04617781,0.00022616,0.99808601,0.082573,0.092291,0.004268,-0.431010978,-0.927821184,0.021128847,-0.179708398,0.268783438,-0.094864588,0.006871964,0.050597796,0.99917739,-0.120113243,0.026565161,-0.003406639,49107.992847676,52575.398460005,54497.500859812,51943.786328437,-0.937758827,0.511424116,0.717729462,-0.440367701,-0.955400391,0.010960705,0.098828667,-0.026552429,-0.007738391,5.23476462,-5.195077293,0.446368786,0.045442388,0.045450191,0.001817638,0.997938018,-0.995169785,-0.098063646,0.817433369,0.0,0.0,0.0,0.86058265,0.0,3.640514748
1772729825.9537451,-0.975504,0.438344,0.719394,0.03981389,0.04804571,-0.00052845,0.99805119,0.079875,0.096094,0.002784,-0.42405293,-0.932434164,0.020996562,-0.20634094,0.386767248,-0.105373883,0.007455809,0.044018806,1.001401583,-0.131964355,0.025303983,9.3649e-05,49094.441116551,52623.863125554,54515.187017382,51956.41929813,-0.940870932,0.505594623,0.717844001,-0.434990296,-0.958933563,0.010604112,0.100202926,-0.025937069,-0.005235728,5.213444422,-5.191238454,0.447492569,0.045256474,0.045416868,0.001837416,0.997941777,-0.994874598,-0.100996506,0.817531624,0.0,0.0,0.0,0.86058265,0.0,3.640023237
1772729825.9637458,-0.979742,0.429084,0.719665,0.03941838,0.04566079,-0.00033261,0.99817893,0.079074,0.091308,0.002948,-0.414817315,-0.938120281,0.018043277,-0.159873863,0.431303278,-0.082151064,0.008042348,0.048905768,1.002562759,-0.145439296,0.023519503,0.000684533,49080.887769855,52672.333568823,54532.875283409,51969.053773864,-0.943983409,0.499764435,0.717958552,-0.42961225,-0.962467157,0.010247476,0.101577349,-0.025321635,-0.002732766,5.128090891,-5.19772806,0.446169188,0.04451333,0.045471495,0.001857244,0.997975104,-0.994579376,-0.103929715,0.817629891,0.0,0.0,0.0,0.86058265,0.0,3.639531667
1772729825.9737456,-0.983773,0.41963,0.719696,0.03861753,0.05097033,-0.00017862,0.99795325,0.077538,0.101922,0.003599,-0.407168551,-0.942094177,0.018716199,-0.113081036,0.327620773,-0.028919301,0.011435177,0.058200936,1.00378892,-0.131217572,0.010525903,-7.0733e-05,49067.335715616,52720.799389917,54550.561862671,51981.687044765,-0.947095589,0.493934804,0.718073093,-0.424234717,-0.966000414,0.009890874,0.102951641,-0.024706261,-0.000230044,5.011906441,-5.208251457,0.443679051,0.043501923,0.045560289,0.001877573,0.998035402,-0.993141222,-0.116501777,0.818051682,0.0,0.0,0.0,0.86058265,0.0,3.639040145
1772729825.983746,-0.987789,0.410159,0.7199,0.03804946,0.05291457,-0.0002914,0.99787384,0.076408,0.105824,0.003465,-0.400098653,-0.946930351,0.02110678,-0.098342014,0.158571583,-0.001122292,0.015055387,0.047475921,1.007758798,-0.084112262,-0.017464254,0.003352,49240.398479954,53228.445780658,54505.167802655,51377.014995051,-0.950958808,0.4864652,0.718213108,-0.417797181,-0.970767163,0.009795465,0.104131061,-0.034216988,0.00343904,4.935920909,-5.208797582,0.442769328,0.042840465,0.045563451,0.001899654,0.998061183,-0.991315467,-0.131175713,0.818544608,0.0,0.0,0.0,0.86058265,0.0,3.638548587
1772729825.9937468,-0.991697,0.400618,0.720109,0.03776254,0.05485329,-0.00055405,0.99777994,0.075825,0.109725,0.003056,-0.390371371,-0.952318255,0.021191318,-0.078226448,-0.023283686,0.018751469,0.006586073,0.04251024,1.012584898,-0.056716391,-0.036155428,0.005630164,49359.524842003,53301.432085562,54426.424793388,51221.337967914,-0.956365064,0.475816613,0.718489356,-0.409033157,-0.977607672,0.01075977,0.097897738,-0.04077115,0.008295135,4.839295064,-5.19041606,0.439555902,0.042001081,0.045400558,0.001916859,0.998100233,-0.989801827,-0.142289654,0.81891851,0.0,0.0,0.0,0.86058265,0.0,3.638057018
1772729826.0037467,-0.995643,0.39112,0.720429,0.03710881,0.05271957,-0.00062203,0.99791943,0.07448,0.105461,0.002686,-0.383391488,-0.957093609,0.020602487,-0.078491533,-0.135927001,0.018484755,0.002065874,0.04818639,1.009156868,-0.099397487,0.049486154,-0.001286606,49603.783213068,53277.928062331,54265.06051618,51296.903758467,-0.961833228,0.464525378,0.71862486,-0.399716066,-0.984910138,0.011294345,0.091162406,-0.034591453,0.005012768,4.782089149,-5.153273729,0.43956295,0.041504667,0.045076084,0.001953146,0.998127492,-0.987919098,-0.15464972,0.81933529,0.0,0.0,0.0,0.86058265,0.0,3.637565484
1772729826.0137477,-0.999474,0.381589,0.720634,0.03699118,0.04961369,-9.5e-05,0.99808323,0.074264,0.099207,0.003498,-0.375293307,-0.961200276,0.019076164,-0.082631337,-0.148144505,0.010075714,0.007204194,0.054554788,1.009977687,-0.048978887,0.088478047,0.002779787,49831.277753188,53045.54035724,54115.148164542,51553.146451162,-0.967737235,0.45201302,0.718880909,-0.389776864,-0.992678557,0.012033777,0.107187019,-0.036224041,0.007697519,4.700929088,-5.159013825,0.438349834,0.040797928,0.045124257,0.001972491,0.998142737,-0.985897161,-0.167214374,0.819759522,0.0,0.0,0.0,0.86058265,0.0,3.637073903
1772729826.023748,-1.00316,0.371915,0.720783,0.03652924,0.04839024,0.00016196,0.99816029,0.073348,0.096741,0.003877,-0.365757342,-0.966436508,0.015426491,-0.091594719,0.058175701,-0.006203298,0.011510306,0.062968054,1.011021041,0.00199318,0.113565174,0.009666887,50016.33273841,52413.718320316,53991.778174394,52146.639947456,-0.973131882,0.440281912,0.719140908,-0.380391934,-0.999820995,0.012781051,0.104924804,-0.019226569,0.007536623,4.635630686,-5.196345275,0.443500824,0.040225264,0.045450112,0.00202983,0.998136002,-0.983783666,-0.17914493,0.820163401,0.0,0.0,0.0,0.86058265,0.0,3.636950254
1772729826.0337484,-1.006698,0.362181,0.720835,0.03610293,0.05192185,-8.127e-05,0.99799834,0.072507,0.103828,0.003606,-0.356514443,-0.971482142,0.014104151,-0.106704037,0.285803106,-0.035050177,0.012855111,0.057818602,1.002646693,-0.018165525,0.145043488,0.000401489,50167.999055872,54179.354789763,53819.751357184,50247.896449405,-0.978113076,0.429184672,0.719404137,-0.371456625,-1.006455358,0.013534758,0.105614297,-0.019436595,0.000371453,4.619151863,-5.248310138,0.451101234,0.040076083,0.045905107,0.002084259,0.998110973,-0.981530619,-0.191248437,0.820573795,0.0,0.0,0.0,0.86058265,0.0,3.636950254
1772729826.0437484,-1.010247,0.352442,0.721012,0.03532675,0.05439962,-0.00054261,0.99789399,0.070924,0.108823,0.002777,-0.347655032,-0.976034556,0.015082338,-0.11012413,0.484522246,-0.06420176,0.011894409,0.048119062,1.001990989,-0.028502169,0.144526539,-0.007423012,50124.56572197,51833.753598645,53793.847985257,52892.010111072,-0.982915883,0.418400066,0.719689985,-0.363001114,-1.012471746,0.013339899,0.103892458,-0.027990998,-0.001344302,4.591752821,-5.329337742,0.458106622,0.039830498,0.046612814,0.002127809,0.998087293,-0.97930111,-0.202173699,0.820945487,0.0,0.0,0.0,0.86058265,0.0,3.636950254
1772729826.0537488,-1.013708,0.342698,0.721197,0.0346788,0.05723411,-0.0008535,0.99775794,0.069616,0.114521,0.002281,-0.340418565,-0.979774225,0.018908565,-0.116772959,0.466937973,-0.073585971,0.008448494,0.058186828,1.002596992,-0.069131423,0.168701493,-0.018634921,50157.848111566,53071.842754786,53831.668263906,51685.686730104,-0.987066601,0.408622858,0.719827314,-0.354978861,-1.017973926,0.012809926,0.104804545,-0.019959035,-0.001119647,4.570180152,-5.403296634,0.457848953,0.039638921,0.047256507,0.002108577,0.998065693,-0.977113004,-0.212675822,0.82130308,0.0,0.0,0.0,0.86058265,0.0,3.636950254
1772729826.0637484,-1.017072,0.332886,0.721401,0.03440986,0.05796342,-0.00061764,0.99772532,0.06911,0.115965,0.002775,-0.332614614,-0.983018964,0.020933917,-0.107480446,0.398763089,-0.050742939,0.00945118,0.061016921,0.999575308,-0.093723013,0.157304884,-0.016138666,49368.593025916,52525.715284813,54415.940488251,52432.33994575,-0.990779083,0.399648231,0.719982724,-0.347501531,-1.022932555,0.012307315,0.103464091,-0.017274004,-0.004066555,4.510956082,-5.500805072,0.455351149,0.039119169,0.048103866,0.002077873,0.99805539,-0.974466418,-0.224313275,0.821700908,0.0,0.0,0.0,0.86058265,0.0,3.636950254
1772729826.0737484,-1.020353,0.323032,0.721625,0.03358962,0.06023506,-0.00091401,0.99761848,0.067449,0.120536,0.002239,-0.324014936,-0.98684896,0.020850836,-0.091345405,0.375021227,-0.015071646,0.00767337,0.058237386,1.001084983,-0.103174403,0.135476369,-0.010592519,49213.807978828,52747.445370189,54599.59354375,52244.375579952,-0.995994025,0.386602063,0.720276333,-0.336464675,-1.029849582,0.011924476,0.110514393,-0.032172828,-0.003855853,4.423661555,-5.612306163,0.447763665,0.038356391,0.049070867,0.002010559,0.9980557,-0.97174598,-0.235984333,0.822100384,0.0,0.0,0.0,0.86058265,0.0,3.636950254
1772729826.0837488,-1.023553,0.313142,0.721859,0.03340258,0.06161363,-0.00096269,0.99754053,0.067081,0.123301,0.002212,-0.316251797,-0.990231888,0.021716338,-0.067703434,0.273336862,-0.013243637,0.004182746,0.05625937,1.004424756,-0.103769126,0.112534095,-0.008531644,49207.064078668,52999.821389549,54646.56285751,51951.904813934,-0.999131697,0.378710354,0.720456679,-0.329781584,-1.033971826,0.011764304,0.110673715,-0.023256141,0.001039167,4.364328862,-5.669815187,0.443665811,0.03783849,0.049569351,0.001981114,0.998051246,-0.96977177,-0.243995177,0.822375412,0.0,0.0,0.0,0.86058265,0.0,3.636950254
1772729826.0937493,-1.026659,0.303184,0.722073,0.03284504,0.06201224,-0.00089503,0.9975344,0.065972,0.124096,0.002306,-0.3063784,-0.994882145,0.022737862,-0.057814961,0.15290271,0.013568711,0.002943604,0.056151672,1.005351643,-0.106889862,0.10950556,-0.007450296,49341.183479015,53141.354425092,54583.546958352,51763.194099878,-1.0002336,0.37588216,0.720524054,-0.327379661,-1.035357337,0.011812502,0.108097583,-0.020970173,0.001267031,4.31401228,-5.714392809,0.440491363,0.037399388,0.049955685,0.001960393,0.998048773,-0.969109814,-0.246583564,0.822464474,0.0,0.0,0.0,0.86058265,0.0,3.636950254
1772729826.1037495,-1.029661,0.293253,0.722211,0.03270204,0.0655667,-0.00053386,0.99731204,0.06577,0.131192,0.003251,-0.296456266,-0.998990133,0.022723332,-0.060627644,0.107085071,0.040542159,0.002037452,0.056320568,1.005921677,-0.110384084,0.109422043,-0.006513831,49475.299681856,53282.884086381,54520.53256154,51574.487884826,-1.001335476,0.373054033,0.720591428,-0.324977796,-1.036742815,0.011860698,0.105521512,-0.01868426,0.00149489,4.292858274,-5.729993801,0.439724593,0.037214707,0.050090953,0.001957887,0.998048044,-0.968447873,-0.249171888,0.822553534,0.0,0.0,0.0,0.86058265,0.0,3.636950254
1772729826.1137495,-1.032632,0.283268,0.722479,0.03259367,0.0651039,-0.00035198,0.99734598,0.065571,0.130253,0.003572,-0.288064164,-1.002484017,0.023996585,-0.075751609,0.012753675,0.051248418,0.001131321,0.05648946,1.006491698,-0.113878222,0.109338529,-0.005577388,49502.213171414,53163.292395048,54516.122003691,51692.83513396,-1.002425152,0.370245634,0.720656956,-0.322589361,-1.038116646,0.011900698,0.102945503,-0.016398401,0.001722743,4.271704773,-5.745594421,0.438957842,0.03703003,0.050226218,0.001955381,0.998048096,-0.967785948,-0.251760151,0.822642592,0.0,0.0,0.0,0.86058265,0.0,3.636950254
1772729826.1237507,-1.035511,0.273229,0.722863,0.03223564,0.06057581,-0.00076076,0.99764265,0.064747,0.121212,0.002405,-0.279912951,-1.00542254,0.02574342,-0.089310868,-0.097273375,0.042663512,0.001348586,0.055577037,1.007642929,-0.119971953,0.112050955,-0.004810276,49477.30958231,52917.461916462,54540.039312039,51959.624078624,-1.003420733,0.367589052,0.720708221,-0.320304142,-1.039400761,0.011877277,0.103147402,-0.017155192,0.00270186,4.25054875,-5.761196901,0.438191,0.036845331,0.050361499,0.001952875,0.998048149,-0.967066203,-0.25449323,0.822736806,0.0,0.0,0.0,0.86058265,0.0,3.636950254
1772729826.1337507,-1.038076,0.263052,0.722996,0.03162051,0.0629947,0.00074572,0.99751253,0.063725,0.125962,0.005515,-0.271646568,-1.008673689,0.027680155,-0.084984752,-0.230023159,0.023601709,0.006227975,0.050177549,1.011205563,-0.13685065,0.126365296,-0.004746383,49452.408961593,52671.660739687,54563.953769559,52226.381223329,-1.004416196,0.364932787,0.720759479,-0.318019194,-1.040684722,0.011853858,0.107776407,-0.022760838,0.004877969,4.223524299,-5.781599957,0.437418148,0.036609288,0.050538489,0.001951484,0.998048202,-0.966321938,-0.257287561,0.8228332,0.0,0.0,0.0,0.86058265,0.0,3.636950254
1772729826.1437507,-1.040866,0.253024,0.723245,0.03097777,0.06368944,0.00023643,0.99748884,0.062376,0.127389,0.004454,-0.263299727,-1.011791116,0.028455932,-0.071855888,-0.333380181,-0.002009627,0.011107365,0.044778061,1.014768197,-0.153729348,0.140679637,-0.004682489,49427.508340877,52425.859562912,54587.868227079,52493.138368033,-1.005411659,0.362276522,0.720810738,-0.315734247,-1.041968684,0.01183044,0.112405413,-0.028366483,0.007054077,4.144471614,-5.844562105,0.436591234,0.035918048,0.051085244,0.001959981,0.998047506,-0.965577673,-0.260081892,0.822929594,0.0,0.0,0.0,0.86058265,0.0,3.636950254
1772729826.1537516,-1.043526,0.242924,0.72362,0.03057298,0.05999595,-0.00030956,0.99773027,0.061451,0.120026,0.003073,-0.254703312,-1.014447393,0.028485148,-0.053561329,-0.35414587,-0.0296026,0.01598722,0.039378059,1.01833117,-0.170609655,0.154995344,-0.00461859,49416.543665874,52512.585431604,54606.223449464,52425.094351985,-1.007959431,0.354651569,0.720959993,-0.307982376,-1.043018554,0.01209906,0.114623227,-0.030389218,0.009080476,4.06541139,-5.907530258,0.435764242,0.035226743,0.051632052,0.001968477,0.998042757,-0.965012789,-0.26220274,0.823002756,0.0,0.0,0.0,0.86058265,0.0,3.636950254
1772729826.1637516,-1.045966,0.232752,0.723887,0.03083572,0.05718257,-0.00021597,0.9978874,0.061961,0.114386,0.003116,-0.245526594,-1.01742867,0.028428601,-0.037959702,-0.352929985,-0.050365348,-0.005101889,0.056766373,1.01048039,-0.118504473,0.171685899,-0.010679456,49383.940193031,52807.90057255,54636.969311304,52152.608899068,-1.012279605,0.341353335,0.721221141,-0.293988205,-1.04380085,0.012701169,0.103394632,-0.013917216,0.008752796,3.986358705,-5.970492406,0.434937328,0.034535503,0.052178808,0.001976973,0.998038009,-0.961919909,-0.27255566,0.82336296,0.0,0.0,0.0,0.86058265,0.0,3.636950254
1772729826.1737518,-1.048354,0.222522,0.724182,0.03062241,0.05552555,-0.00061643,0.99798738,0.061471,0.111094,0.002184,-0.234832508,-1.021100119,0.02870164,-0.027401676,-0.355463341,-0.065537687,0.001163898,0.045419124,1.010288332,-0.07146388,0.170127787,-0.00349828,49293.82657724,53109.346627406,54697.807437701,51884.555199302,-1.016599882,0.328054783,0.721482296,-0.279993699,-1.044583165,0.013303292,0.108558942,-0.021092086,0.004704014,3.91955854,-6.037244721,0.433116886,0.033951291,0.052758486,0.001971432,0.998028473,-0.957962503,-0.285802446,0.82382385,0.0,0.0,0.0,0.86058265,0.0,3.636950254
1772729826.1837523,-1.050663,0.212314,0.724438,0.03041746,0.05465399,-0.00092617,0.99804151,0.061017,0.109368,0.001485,-0.222462566,-1.025699211,0.02726475,-0.033603728,-0.170358314,-0.046340479,0.00620872,0.069172341,1.012320588,-0.079036066,0.180570697,-0.02289046,49116.400801352,53056.536843423,54744.836098416,52141.596193577,-1.020920262,0.314755913,0.721743457,-0.265998861,-1.045365498,0.013905429,0.123628387,-0.013259386,0.004790463,3.767502904,-6.163654046,0.429170913,0.032622742,0.053855666,0.001971502,0.997995225,-0.954005003,-0.299049548,0.82428475,0.0,0.0,0.0,0.86058265,0.0,3.636950254
1772729826.1937523,-1.052846,0.202038,0.724725,0.0298862,0.05421759,-0.00121079,0.99808106,0.059914,0.108512,0.000829,-0.212976874,-1.02840337,0.026848705,-0.043885469,0.018202285,-0.038394285,0.007773798,0.070559128,1.012288156,-0.080980339,0.151806571,-0.029585385,49048.172570096,52477.691579678,54661.937589511,52957.675619011,-1.025240436,0.301457679,0.722004606,-0.252004689,-1.046147794,0.014507538,0.123531357,-0.007122122,0.005028201,3.612317071,-6.332980221,0.417009059,0.031268981,0.055324336,0.001890925,0.997961253,-0.949917357,-0.312253662,0.824745664,0.0,0.0,0.0,0.86058265,0.0,3.636950254
1772729826.2037535,-1.054898,0.191747,0.724939,0.0297589,0.05569325,-0.00121167,0.99800361,0.05967,0.111467,0.000902,-0.203349961,-1.030136161,0.026887263,-0.055392199,0.143461909,-0.018001794,0.007507933,0.060176081,1.011169205,-0.079963278,0.102406118,-0.029599518,49088.912892648,52363.319441144,54608.254383881,53067.287649099,-1.029561125,0.288157858,0.722265786,-0.238008849,-1.046930183,0.015109718,0.123318457,-0.001100106,0.005108248,3.492711983,-6.461136523,0.395912695,0.030231716,0.056432897,0.001730724,0.997944135,-0.945170651,-0.325245324,0.825206809,0.0,0.0,0.0,0.86058265,0.0,3.636950254
1772729826.213754,-1.056881,0.181421,0.725256,0.02970308,0.05527579,-0.00145576,0.99802815,0.059527,0.110646,0.00038,-0.19272938,-1.033086533,0.026411544,-0.048647002,0.227786262,0.006128255,0.006866517,0.058131757,1.006716026,-0.07518204,0.079630044,-0.022307299,48849.218635651,52647.364610559,54787.651332985,52817.626894929,-1.033835479,0.274920571,0.722530226,-0.224226232,-1.04804758,0.015708977,0.120145655,0.001958481,0.001158975,3.398705622,-6.514528236,0.379337938,0.029418856,0.056892141,0.001618586,0.997946309,-0.940424284,-0.338236057,0.825667921,0.0,0.0,0.0,0.86058265,0.0,3.636950254
1772729826.2237546,-1.058787,0.171069,0.725553,0.02930549,0.05690678,-0.0012827,0.99794848,0.058759,0.113901,0.00078,-0.182599339,-1.036074512,0.025908008,-0.055423674,0.3009855,0.011056613,0.011146676,0.053806161,1.015607193,-0.070952375,0.071431127,-0.023554002,48667.326014366,52872.188795734,54921.352607683,52615.981262162,-1.036975711,0.263225727,0.72286807,-0.21553359,-1.057112594,0.016260897,0.127062351,-0.004178296,0.005628036,3.373192258,-6.545672761,0.366570568,0.029201677,0.057159752,0.001512028,0.997936942,-0.935677804,-0.3512271,0.826129044,0.0,0.0,0.0,0.86058265,0.0,3.636950254
1772729826.2337556,-1.060555,0.160718,0.72578,0.02901439,0.05865201,-0.00077623,0.99785645,0.058247,0.117367,0.001867,-0.172996105,-1.039115773,0.026631805,-0.076859597,0.304921197,-0.005542945,0.013673591,0.049703777,1.024938912,-0.065629792,0.055648428,-0.013117073,48811.851821477,52842.682981031,54796.607846768,52595.208180111,-1.039625892,0.252661269,0.723099545,-0.206408888,-1.063789317,0.017238323,0.131500327,-0.01271048,0.013757509,3.333310613,-6.573534252,0.355170625,0.028858903,0.057399005,0.00142559,0.997933034,-0.930931211,-0.364218452,0.826590178,0.0,0.0,0.0,0.86058265,0.0,3.636950254
1772729826.2437563,-1.062219,0.150346,0.726004,0.02848082,0.06082892,-0.00076448,0.9977415,0.057194,0.121727,0.001954,-0.162189335,-1.042741709,0.027584739,-0.150666231,0.305263106,-0.000531002,0.011161632,0.054891531,1.022292467,-0.052246129,0.066573809,-0.007687356,49029.72977979,52925.310146121,54580.254138124,52432.524916944,-1.042477441,0.24079233,0.723445685,-0.195610801,-1.068843156,0.018443213,0.123619246,-0.002673774,0.014535362,3.282360873,-6.602489613,0.342914176,0.028420164,0.057647474,0.001337086,0.997930438,-0.926233488,-0.376936248,0.827042211,0.0,0.0,0.0,0.86058265,0.0,3.636950254
1772729826.2537575,-1.063798,0.139842,0.726308,0.02818309,0.06159926,-0.0010595,0.99770242,0.056565,0.123287,0.001368,-0.152403312,-1.043568905,0.027686138,-0.169239025,0.305453447,0.003403927,0.007221842,0.063348637,1.015767754,-0.03606056,0.088816773,-0.005934129,49346.160247726,53317.304190052,54330.057117283,51910.95618831,-1.045329127,0.228922824,0.723791842,-0.184812199,-1.073897236,0.019648161,0.124061117,-0.003662447,0.002283426,3.239611134,-6.623363806,0.330809936,0.028053131,0.057825784,0.001247971,0.997930568,-0.921934003,-0.387323387,0.827416942,0.0,0.0,0.0,0.86058265,0.0,3.636950254
1772729826.2637584,-1.065284,0.129431,0.72659,0.02721075,0.06322295,-0.00104096,0.99762786,0.054624,0.12654,0.001375,-0.143742814,-1.043186348,0.029351504,-0.10263494,0.183473375,0.006236848,0.003938392,0.070359199,1.0086013,-0.029692343,0.11963662,-0.0068456,49631.556879026,53182.845354331,54118.359427344,52004.8052398,-1.048180744,0.217053602,0.72413799,-0.174013855,-1.078951195,0.020853079,0.124284577,-0.002244171,-0.001351398,3.201390445,-6.668632342,0.318497891,0.027724759,0.058216606,0.001148962,0.997919536,-0.917619912,-0.397430136,0.827783245,0.0,0.0,0.0,0.86058265,0.0,3.636950254
1772729826.273758,-1.06667,0.11895,0.726955,0.02629638,0.06320675,-0.00101453,0.99765344,0.052787,0.126507,0.00131,-0.135612639,-1.041891378,0.029858265,0.015375377,0.137381338,0.0239293,0.005005811,0.062379421,1.000817093,-0.051361825,0.163846565,-0.015957878,49761.599663007,53495.096042967,54020.900034226,51717.704236106,-1.051003667,0.204423491,0.724492025,-0.162408578,-1.083744686,0.021086067,0.124508005,-0.000826097,-0.004985702,3.178555081,-6.724769095,0.314170498,0.027525955,0.058704192,0.001109222,0.997897033,-0.912401391,-0.408773677,0.828199618,0.0,0.0,0.0,0.86058265,0.0,3.636950254
1772729826.2837584,-1.067926,0.108532,0.72719,0.02560643,0.06516299,7.33e-05,0.99754603,0.051557,0.130371,0.003513,-0.128148355,-1.03938044,0.030211742,0.197208576,0.044135551,0.048000263,-0.000312364,0.050038248,1.004967997,-0.065312737,0.1565732,-0.015903006,49303.353285744,52526.068020357,54426.600092219,52777.040303299,-1.053800029,0.19106881,0.724853621,-0.150035297,-1.088292249,0.020397298,0.117874209,-0.003449693,0.00105562,3.118772769,-6.831269835,0.303897015,0.027006666,0.059628602,0.00102502,0.997846704,-0.905561096,-0.422742258,0.828718209,0.0,0.0,0.0,0.86058265,0.0,3.636950254
1772729826.2937584,-1.069234,0.098229,0.72747,0.02832344,0.06491574,-0.00053008,0.99748857,0.056946,0.1299,0.002642,-0.116953394,-1.043277588,0.029229068,0.30523592,0.031483214,0.040883837,-0.000967296,0.055151597,1.007662916,-0.107133061,0.1586676,-0.015871496,49246.766479951,51627.125725801,54435.911845071,53739.732290457,-1.056133563,0.178977701,0.725146655,-0.137568489,-1.089488051,0.02022226,0.130420682,-0.003702626,0.003049582,3.046663756,-6.917582542,0.296916286,0.026379366,0.060378002,0.000983128,0.997760932,-0.898721128,-0.436710173,0.829236775,0.0,0.0,0.0,0.86058265,0.0,3.636950254
1772729826.303758,-1.070335,0.087729,0.727809,0.03047828,0.06362516,-0.00049667,0.99750823,0.061275,0.127307,0.002911,-0.102972592,-1.052733288,0.027543946,0.278860141,0.145192091,-0.006520938,0.005853125,0.060184183,1.008031946,-0.123102368,0.135078417,-0.009544029,48334.937419236,52629.789366808,54932.283920989,53393.523537013,-1.059844216,0.160513249,0.725702873,-0.107903611,-1.05774722,0.019501434,0.137211801,0.011197806,0.001573662,2.810716552,-7.091504948,0.282193722,0.024326842,0.06188733,0.000945151,0.99775945,-0.891881485,-0.450677422,0.829755317,0.0,0.0,0.0,0.86058265,0.0,3.636950254
1772729826.313758,-1.071325,0.077223,0.728054,0.03168074,0.06612013,-0.00031883,0.99730856,0.063749,0.13229,0.003585,-0.08763569,-1.063223081,0.027916013,0.119999588,0.241180029,-0.045733732,-6.988e-06,0.049274412,1.001680308,-0.139398988,0.133063293,0.014415565,49111.573503723,52719.989978854,54689.689804174,52836.347062609,-1.062599009,0.140990217,0.726148523,-0.092949962,-1.071126415,0.019750557,0.128282779,0.014867861,-0.001781718,2.574758096,-7.265435649,0.267470456,0.02227422,0.063396731,0.000907173,0.997739756,-0.885041517,-0.464645337,0.830273884,0.0,0.0,0.0,0.86058265,0.0,3.636950254
1772729826.323758,-1.072184,0.0666,0.728399,0.03265568,0.06495578,-0.00064738,0.99735347,0.065655,0.129976,0.002976,-0.072930139,-1.072809784,0.029410284,-0.165364759,0.302428138,-0.059824857,0.004469768,0.06756974,1.005607289,-0.104275746,0.129471214,0.005777824,49394.980951204,53387.442495368,54640.135688697,51961.320172946,-1.06455228,0.126237224,0.72651805,-0.0807164,-1.08184457,0.019754883,0.133749145,0.023411873,-0.001049413,2.471111602,-7.362922773,0.269559411,0.021367255,0.064244988,0.000962462,0.997706394,-0.878487389,-0.477744486,0.830762308,0.0,0.0,0.0,0.86058265,0.0,3.636950254
1772729826.3337584,-1.072677,0.055595,0.728591,0.02964115,0.06940405,-0.00106012,0.99714761,0.059575,0.138921,0.00202,-0.061714025,-1.073768973,0.029635829,-0.384460769,0.330975462,-0.039588291,-0.000439895,0.070649199,1.004486382,-0.030527472,0.11183191,0.022440809,49873.827280089,53441.040458267,54395.245238881,51691.249497646,-1.066227394,0.112784818,0.726892604,-0.068272415,-1.088893855,0.019815758,0.130218187,0.0294051,-0.000358063,2.405784297,-7.432773517,0.277572237,0.020791686,0.064854055,0.001055943,0.997678945,-0.872700831,-0.488229939,0.831161519,0.0,0.0,0.0,0.86058265,0.0,3.636950254
1772729826.3437593,-1.073269,0.044902,0.728887,0.02704752,0.07233681,-0.00133849,0.99701255,0.054335,0.144819,0.001257,-0.05533325,-1.067673648,0.031224583,-0.40809683,0.21497021,-0.026510879,0.002625644,0.051090229,1.012857829,-0.020958926,0.084078771,0.022482717,49605.915770609,53640.018603857,54734.868578256,51338.103345281,-1.06773082,0.099549586,0.727256855,-0.055192604,-1.093917594,0.019965732,0.134268804,0.011176823,0.004691026,2.378460879,-7.49538553,0.292084965,0.020543453,0.065401515,0.001186353,0.997648273,-0.866716906,-0.498778971,0.831565789,0.0,0.0,0.0,0.86058265,0.0,3.636950254
1772729826.3537593,-1.073808,0.034271,0.729337,0.02524939,0.06993054,-0.00073111,0.997232,0.050775,0.139967,0.002094,-0.051427399,-1.05884322,0.033974508,-0.239341203,-0.058464576,0.003715294,-0.002425914,0.046308754,1.008482567,-0.063328225,0.068273232,0.000870347,49339.631991935,53533.89894559,54830.273547121,51682.491921641,-1.069179571,0.086095437,0.727622872,-0.041501631,-1.09771102,0.021000361,0.129874568,0.005728849,0.000264783,2.358307229,-7.535286471,0.307519622,0.020357783,0.065751422,0.001325019,0.997627452,-0.860353023,-0.509694219,0.831986943,0.0,0.0,0.0,0.86058265,0.0,3.636950254
1772729826.3637595,-1.074313,0.023727,0.729605,0.02308246,0.07061332,-0.0003656,0.99723659,0.046466,0.141323,0.002556,-0.043820885,-1.057092053,0.035351413,-0.072725856,-0.176090054,0.026373951,-0.012094808,0.041787817,1.00690886,-0.095086809,0.069860637,0.000353793,49461.511529601,53287.80688183,54647.283621838,51952.023651005,-1.070271213,0.074509949,0.727968141,-0.029697702,-1.100646981,0.021276048,0.115325426,0.00456713,-0.000413018,2.331914717,-7.554626882,0.313243383,0.020124042,0.065920498,0.001386543,0.997620333,-0.854594255,-0.519289828,0.832360008,0.0,0.0,0.0,0.86058265,0.0,3.636950254
1772729826.3737605,-1.074779,0.01337,0.729923,0.02507932,0.06924122,-0.00059369,0.99728448,0.050445,0.138579,0.002311,-0.032451313,-1.059848272,0.033348517,0.043884089,-0.185163274,-0.003019402,-0.003222719,0.048352341,1.01675142,-0.109879373,0.076791386,-0.012245902,48962.0,53529.414885849,54951.740008762,51879.668305506,-1.071043198,0.06531588,0.728215735,-0.020248372,-1.102867455,0.021409463,0.131866212,0.008806946,0.010230445,2.283302272,-7.578066705,0.312593492,0.019700379,0.066123852,0.001404769,0.99761588,-0.850008745,-0.526763671,0.832652252,0.0,0.0,0.0,0.86058265,0.0,3.636950254
1772729826.3837607,-1.075058,0.002707,0.730326,0.02609399,0.06701436,-0.00087394,0.99741035,0.05243,0.134129,0.00177,-0.016917771,-1.067620871,0.02867594,-0.01210155,-0.064778921,-0.090648836,0.000599342,0.074632346,1.010425757,-0.136801141,0.070598635,-0.030437352,48839.198555957,53541.276362627,54943.395092272,51744.859003812,-1.071832039,0.053961771,0.728553378,-0.00837418,-1.105717604,0.022700739,0.137596998,0.033320672,0.006954504,2.212725604,-7.61438228,0.305871009,0.019088585,0.066438016,0.001380815,0.997607758,-0.844465255,-0.535609822,0.833000265,0.0,0.0,0.0,0.86058265,0.0,3.636950254
1772729826.3937612,-1.075178,-0.008036,0.730651,0.02698253,0.06527034,-0.00135387,0.99750183,0.054141,0.130659,0.000828,-0.004857872,-1.071637716,0.030141385,-0.129193599,-0.108547276,-0.168030993,0.001618711,0.077794789,1.001685027,-0.168148638,0.02765423,-0.041474189,48341.858683457,53773.710772753,55175.115031483,51679.723068117,-1.072336093,0.043043092,0.728818224,0.003255802,-1.10881038,0.022726599,0.135023621,0.043723501,-0.006254639,2.140927601,-7.645397508,0.290871415,0.018471203,0.066704747,0.001286771,0.997600498,-0.839143531,-0.543908163,0.83332888,0.0,0.0,0.0,0.86058265,0.0,3.637184066
1772729826.4037616,-1.074937,-0.019121,0.730883,0.02313546,0.06946026,-0.00179805,0.99731479,0.046361,0.139079,-0.000376,0.005779493,-1.072905841,0.034240242,-0.228017306,-0.282862879,-0.1856857,2.7736e-05,0.055849532,1.010173684,-0.183072765,-0.001339061,-0.040685466,48056.084555651,53696.200172563,55284.496980155,51930.217428818,-1.072822148,0.030485823,0.729159665,0.016467811,-1.11167982,0.022229129,0.137322765,0.019912567,0.000821561,2.044211172,-7.659854134,0.266125306,0.017643159,0.066825707,0.001125324,0.997617985,-0.833594197,-0.552376545,0.833666379,0.0,0.0,0.0,0.86058265,0.0,3.637663801
1772729826.413762,-1.074896,-0.029595,0.731066,0.02193773,0.06871551,-0.00340142,0.99738926,0.043721,0.137656,-0.003806,0.014751413,-1.071068271,0.036603415,-0.264852678,-0.38247157,-0.144309224,-0.00792264,0.053158687,1.014157851,-0.144967604,0.041832407,-0.022329509,47411.733071989,53733.964362081,55535.471489665,52097.009265859,-1.073443672,0.001915975,0.73003264,0.049955438,-1.096784223,0.023337593,0.134561478,0.02372275,0.007425857,1.418652173,-7.609161977,0.187757892,0.012243737,0.066368839,0.000813338,0.997677261,-0.818212488,-0.57368661,0.834542661,0.0,0.0,0.0,0.86058265,0.0,3.638143537
1772729826.4237628,-1.07478,-0.040225,0.731556,0.02031883,0.06365569,-0.00438503,0.99775542,0.040327,0.127549,-0.006214,0.020880498,-1.064866439,0.038126998,-0.134789641,-0.436064552,-0.097069782,-0.016315558,0.056833741,1.01543263,-0.09092211,0.097722152,0.000193783,48402.862399361,53277.357009781,54937.764821345,52209.150242864,-1.073447518,-0.03736756,0.731298496,0.092056883,-1.07539088,0.025913808,0.121907387,0.03961729,0.007864233,0.896611917,-7.709812964,0.107534401,0.007743663,0.067235677,0.000410782,0.997697356,-0.802746289,-0.595107076,0.835423574,0.0,0.0,0.0,0.86058265,0.0,3.638623284
1772729826.4337628,-1.074624,-0.050844,0.732213,0.02070204,0.05822862,-0.00409987,0.99808018,0.041138,0.116668,-0.005813,0.033051605,-1.067774095,0.041566026,-0.000932056,-0.350272385,0.015480854,-0.004899203,0.054705968,1.013406972,0.038116093,0.069669288,0.018800504,49297.556256162,53485.60837365,54383.30591796,51602.331162727,-1.073061706,-0.056664339,0.731985447,0.108354142,-1.082490386,0.027268082,0.127001269,0.040130998,0.005827516,0.809794207,-7.775384601,0.089399373,0.00699756,0.067804834,0.000299191,0.997665679,-0.787281195,-0.616526011,0.836304423,0.0,0.0,0.0,0.86058265,0.0,3.639102996
1772729826.4437628,-1.07414,-0.061601,0.732459,0.02151628,0.0589529,-0.00347835,0.9980228,0.042849,0.118097,-0.004437,0.047174054,-1.074786922,0.043197205,0.06699185,-0.131412891,0.113858258,-0.0069804,0.056687125,1.009552643,0.029860786,0.090732931,0.005430876,49557.035769942,53793.27796905,54179.401986011,51087.946109521,-1.072104018,-0.076322064,0.732744181,0.127207709,-1.090985023,0.028829311,0.126932075,0.035683608,0.002843626,0.874992698,-7.83205682,0.102394981,0.007556812,0.068299257,0.000369954,0.997638912,-0.777319206,-0.62908696,0.836838864,0.0,0.0,0.0,0.86058265,0.0,3.639582709
1772729826.4537623,-1.073611,-0.072367,0.732791,0.02195664,0.06055318,-0.00281506,0.99791948,0.043817,0.121275,-0.002981,0.061578419,-1.083288271,0.04230884,-0.002456647,0.254017363,0.172738714,-0.012373969,0.048897588,1.007518084,0.041569319,0.049431663,0.0100511,49346.133494308,54543.683132115,54497.736046913,49903.642980338,-1.070828103,-0.094547126,0.733464725,0.145589278,-1.09595522,0.029622788,0.126862885,0.03123643,-0.000140121,0.915473934,-7.885295799,0.104312389,0.007907419,0.068762995,0.000358756,0.997603819,-0.760696617,-0.649100179,0.837706101,0.0,0.0,0.0,0.86058265,0.0,3.640062398
1772729826.4637628,-1.072988,-0.083137,0.7332,0.02222571,0.06266104,-0.00281035,0.9977834,0.044364,0.125498,-0.002845,0.071444707,-1.084044488,0.040310237,-0.067080223,0.515376414,0.174364491,-0.016738891,0.043363452,1.001918999,-0.081128303,0.027806325,0.004469638,48856.154619928,53778.003543532,54848.987730996,50766.725662031,-1.069392597,-0.11205656,0.734166222,0.163736555,-1.099160173,0.030031695,0.126353103,0.040922178,-0.004398678,0.949230625,-7.909210092,0.110461327,0.008197293,0.06897173,0.000390347,0.997584246,-0.751106848,-0.660161572,0.838194082,0.0,0.0,0.0,0.86058265,0.0,3.640542134
1772729826.473764,-1.07195,-0.094297,0.733766,0.02067382,0.06575217,-0.00025481,0.99762176,0.041587,0.131581,0.00223,0.079296327,-1.082857482,0.041803342,-0.131261364,0.562021617,0.151239042,-0.012461033,0.063523415,0.998755692,-0.174965307,0.031846745,-0.000452541,48345.025324985,53145.490524188,55192.052362636,51468.94328551,-1.068026566,-0.127370206,0.734760198,0.179390244,-1.100976984,0.030113597,0.125814358,0.051536522,-0.008741216,0.901690903,-7.914378617,0.111737302,0.007782595,0.069016637,0.000429712,0.997583525,-0.743935412,-0.668186556,0.838552837,0.0,0.0,0.0,0.86058265,0.0,3.641021903
1772729826.483764,-1.071324,-0.104926,0.734138,0.01963284,0.06711467,-0.00042165,0.997552,0.039479,0.134321,0.00181,0.086630638,-1.079036946,0.044087804,-0.132993211,0.43955875,0.128539036,-0.00980673,0.063235477,1.003943072,-0.243259387,0.063354924,-0.010373925,48442.574882425,52618.337188643,55170.959205713,51966.088974046,-1.06651082,-0.141200774,0.735280139,0.193638291,-1.101949557,0.029604458,0.126512837,0.053931234,-0.00363495,0.78844327,-7.917899791,0.110284205,0.006797538,0.069046753,0.000485062,0.997588531,-0.737653998,-0.675129514,0.838864939,0.0,0.0,0.0,0.86058265,0.0,3.641501616
1772729826.4937646,-1.070504,-0.115615,0.734543,0.01946853,0.06982031,0.00031494,0.99736954,0.039271,0.139715,0.00338,0.08935702,-1.075980125,0.04846073,-0.14083798,0.236545849,-0.007308495,-0.012109247,0.049329572,1.012278627,-0.300229112,0.065766057,0.000712456,48232.567199662,52672.231412672,55356.191068221,51788.751417603,-1.064377813,-0.158499137,0.735932636,0.211738447,-1.102703628,0.029742455,0.128412107,0.044641112,0.005546962,0.562685716,-7.95215489,0.104693404,0.004835169,0.069343621,0.00057101,0.997581348,-0.726610402,-0.686891288,0.83940279,0.0,0.0,0.0,0.86058265,0.0,3.641981363
1772729826.5037656,-1.069451,-0.12637,0.734944,0.01940436,0.07152838,0.00069679,0.99724956,0.039213,0.143124,0.004209,0.111950515,-1.074266409,0.038289741,-0.057242544,0.166071238,0.059177621,-0.019574525,0.051911586,1.007950986,-0.315106282,0.034009771,-0.001570878,48288.612358407,52903.736145968,55341.366546836,51544.688869294,-1.061902656,-0.173058524,0.736101879,0.228626832,-1.102383674,0.028856383,0.117471682,0.052346939,0.007038837,0.337715628,-7.999762314,0.108148715,0.002874109,0.069756885,0.000736014,0.997561442,-0.712556734,-0.701602918,0.840081017,0.0,0.0,0.0,0.86058265,0.0,3.641923372
1772729826.5137663,-1.068267,-0.137135,0.735378,0.01911308,0.07200041,0.00078793,0.99722114,0.038643,0.144068,0.004369,0.131947678,-1.068672173,0.025925588,-0.005565993,0.401621704,0.180278596,-0.015018072,0.065849204,1.001210475,-0.305571492,0.023898363,-0.012744371,48281.909807275,53277.386396262,55417.50890321,51276.071286766,-1.059490083,-0.18831432,0.736492818,0.245073409,-1.101263491,0.028067379,0.130160148,0.05906856,4.1103e-05,0.102810386,-8.02245584,0.110759705,0.000827378,0.069952827,0.000901434,0.997548995,-0.702913271,-0.711258942,0.840535902,0.0,0.0,0.0,0.86058265,0.0,3.641292457
1772729826.5237668,-1.066991,-0.14784,0.735754,0.01865509,0.07153919,0.00073089,0.99726305,0.037707,0.143148,0.00417,0.146757385,-1.066941713,0.02115882,-0.03095991,0.55572353,0.275270145,-0.010013935,0.05607481,1.002474323,-0.257970844,-0.01355384,-0.005353829,48267.747998798,53120.937382182,55522.967325083,51261.691719258,-1.057166109,-0.203956423,0.737141357,0.260675399,-1.099421147,0.027589106,0.128758716,0.055221461,-0.008357657,-0.16947227,-8.018259302,0.09877649,-0.001535573,0.069914123,0.000963242,0.997549709,-0.692273342,-0.721631072,0.841031217,0.0,0.0,0.0,0.86058265,0.0,3.640661558
1772729826.5337672,-1.06565,-0.158572,0.736155,0.01756201,0.07233233,0.00034905,0.9972259,0.035455,0.144756,0.003271,0.151060284,-1.065399112,0.023871895,-0.116306399,0.344025094,0.179467799,-0.007272427,0.067847863,1.009442452,-0.222451503,-0.021579893,-0.001693601,48213.949872627,53619.24184403,55516.018653957,50845.303229518,-1.054946351,-0.216796325,0.737727555,0.273771605,-1.096974986,0.027939932,0.135176552,0.074725443,0.005555852,-0.3698939,-7.996283041,0.093545087,-0.003276992,0.069721161,0.001039329,0.997558257,-0.684045389,-0.729427678,0.841409047,0.0,0.0,0.0,0.86058265,0.0,3.640030659
1772729826.5437677,-1.063014,-0.169167,0.735467,0.02013493,0.0808111,0.00814068,0.99649279,0.042003,0.161428,0.019736,0.147166205,-1.058966433,0.030841657,-0.166857976,0.10632208,0.027787474,-0.014026002,0.05745643,1.003683312,-0.184275449,-0.008949526,0.002760986,47865.200900481,53658.810898929,55747.039900637,50895.317497283,-1.052428438,-0.229365637,0.738137854,0.287505164,-1.09300581,0.027868678,0.12692547,0.071319394,-0.003699074,-0.546493986,-7.978098615,0.092872458,-0.004813862,0.069561208,0.001140247,0.997564191,-0.675059059,-0.737747017,0.841817252,0.0,0.0,0.0,0.86058265,0.0,3.639399759
1772729826.5537684,-1.062403,-0.179499,0.736212,0.01694264,0.08546586,0.00569559,0.99618075,0.03525,0.170917,0.014455,0.142793415,-1.059616822,0.043714552,-0.307387132,0.175568323,-0.123335936,-0.019848892,0.045012257,0.994801741,-0.153205257,-0.002681506,-0.008304696,49052.217010905,53625.088866669,55049.302377902,51045.467049964,-1.048562316,-0.243386411,0.738120841,0.305588224,-1.090898979,0.024930808,0.118735399,0.059455012,-0.013677336,-0.688455107,-7.979195182,0.094525309,-0.006050695,0.069569207,0.001240842,0.997556094,-0.665411294,-0.74646412,0.842250695,0.0,0.0,0.0,0.86058265,0.0,3.638768845
1772729826.5637686,-1.060972,-0.19038,0.737007,0.01491738,0.07643916,0.002178,0.99696027,0.030437,0.152944,0.006702,0.169408845,-1.071898633,0.044051266,-0.446676648,0.141440114,-0.324535158,-0.021968745,0.042084618,0.996059396,-0.144516779,0.059832162,-0.001855238,49283.213913827,53127.705316185,55042.437987223,51528.867897447,-1.045487964,-0.256981969,0.738404146,0.319886185,-1.087071507,0.022412107,0.114855374,0.05826886,-0.016086782,-0.822017521,-7.950043522,0.091368684,-0.007211403,0.069314135,0.001292636,0.99756539,-0.655602255,-0.755103015,0.842686429,0.0,0.0,0.0,0.86058265,0.0,3.638137961
1772729826.573769,-1.059248,-0.20115,0.73755,0.01226827,0.07144148,-0.00075038,0.99736906,0.024619,0.143012,0.000259,0.20544635,-1.078623445,0.031590881,-0.466132128,0.224588227,-0.286966093,-0.00997006,0.050926642,0.998528561,-0.158860361,0.066234742,-0.013245004,49197.992331354,53260.176364693,54948.953180149,51314.983401137,-1.043746975,-0.267221856,0.739203684,0.32820517,-1.084177441,0.023510706,0.127208068,0.06039922,-0.007894257,-0.924364914,-7.947753413,0.089382795,-0.008101168,0.069293163,0.001337146,0.997566944,-0.647553279,-0.762013878,0.843040061,0.0,0.0,0.0,0.86058265,0.0,3.637507061
1772729826.583769,-1.057423,-0.211512,0.737762,0.01129267,0.07999253,0.0001048,0.99673149,0.022822,0.160143,0.002042,0.227072322,-1.079323349,0.025238738,-0.370497846,0.259935719,-0.119383403,-0.012955688,0.057586168,0.997804015,-0.163538039,0.077344682,-0.018204462,48906.667824287,53370.166229606,55030.999673976,51382.166399705,-1.042620146,-0.273101143,0.739607651,0.333290016,-1.082502005,0.024063574,0.125244691,0.075041065,-0.010046737,-0.964150718,-7.954595966,0.087058118,-0.008446119,0.069352438,0.001341477,0.997559696,-0.643209102,-0.765676106,0.843229456,0.0,0.0,0.0,0.86058265,0.0,3.636950254
1772729826.593769,-1.054681,-0.222829,0.738021,0.00664916,0.08936588,0.00099139,0.99597618,0.01364,0.178953,0.003215,0.236473516,-1.069091929,0.018739023,-0.163105214,0.331239448,0.176099337,-0.016388205,0.064108331,0.997017951,-0.167960911,0.088905397,-0.022931672,48713.352566948,53388.777544171,55140.967474167,51384.311646849,-1.041645774,-0.277763744,0.739914593,0.337531251,-1.081346247,0.024423617,0.124253215,0.085537618,-0.011555964,-0.987748472,-7.960265782,0.084663493,-0.0086501,0.0694017,0.001335348,0.997553228,-0.639618821,-0.76868452,0.843385588,0.0,0.0,0.0,0.86058265,0.0,3.636950254
1772729826.6037688,-1.050924,-0.233751,0.737452,0.0073728,0.08269276,9.176e-05,0.99654781,0.014914,0.165569,0.001422,0.213095366,-1.059453905,0.040197785,-0.10914258,0.024573026,0.142429944,-0.015167892,0.061405597,0.99754873,-0.175172596,0.090005978,-0.022551081,48558.218671401,53371.79446508,55261.808613856,51361.123211936,-1.040809638,-0.281323229,0.74013357,0.341007596,-1.080661636,0.024608844,0.126957102,0.080272791,-0.01061939,-1.011345664,-7.965935462,0.082268926,-0.008854076,0.069450959,0.001329219,0.997546899,-0.637062093,-0.770796592,0.84349612,0.0,0.0,0.0,0.86058265,0.0,3.636950254
1772729826.6137688,-1.049653,-0.2437,0.73796,0.00963146,0.08550435,0.00611727,0.99627246,0.020539,0.171087,0.014041,0.202367481,-1.05533129,0.056240807,-0.082773619,-0.458850675,0.077893109,-0.010769967,0.052402788,0.998978843,-0.184289135,0.083963058,-0.018682201,48403.081077082,53354.81098107,55382.652634694,51337.934224153,-1.039973482,-0.2848828,0.740352552,0.344484024,-1.079977009,0.024794075,0.129661053,0.075007838,-0.009682794,-1.036581557,-7.972675038,0.079726997,-0.009072227,0.069509527,0.001322895,0.99754057,-0.634505304,-0.772908715,0.843606654,0.0,0.0,0.0,0.86058265,0.0,3.636950254
1772729826.6237683,-1.04868,-0.254203,0.7394,0.00905144,0.07828725,0.00364055,0.9968831,0.018848,0.156661,0.008783,0.208397421,-1.051786823,0.057013574,-0.041864138,-0.646484006,0.131425922,-0.007430469,0.045439195,1.000641426,-0.194640156,0.080295333,-0.015409036,48501.894404332,53221.383799639,55419.642373646,51565.311823105,-1.037933622,-0.291886431,0.740404992,0.352614827,-1.078307265,0.023550736,0.132345284,0.070716017,-0.008562692,-1.118501787,-8.016431839,0.072087938,-0.009780693,0.069890126,0.001309817,0.997511427,-0.630184728,-0.776430222,0.843792452,0.0,0.0,0.0,0.86058265,0.0,3.636950254
1772729826.6337683,-1.046605,-0.264654,0.739989,0.00804716,0.07575289,0.00232221,0.99709145,0.01659,0.151608,0.005918,0.232178446,-1.049800496,0.04470352,0.005102763,-0.243537993,0.359408867,-0.012778944,0.054564066,1.0039474,-0.212651796,0.092376012,-0.016426654,49000.681982395,53309.495191574,55255.994988043,51434.740497634,-1.034594576,-0.302607011,0.740310354,0.36563591,-1.075451325,0.021084209,0.131874299,0.071622981,-0.00711091,-1.219762127,-8.061364555,0.070892806,-0.010661371,0.070280168,0.001365329,0.99747269,-0.622649121,-0.782487037,0.844114738,0.0,0.0,0.0,0.86058265,0.0,3.636950254
1772729826.6437683,-1.043813,-0.275627,0.740578,0.00534015,0.07259,0.0024418,0.99734458,0.011124,0.145279,0.005706,0.268351052,-1.055298326,0.027310574,-0.00632666,0.333624808,0.574982043,-0.01834188,0.053693387,1.001787125,-0.195261427,0.040575965,-0.011561073,49038.359922179,53334.271400778,55402.651693751,51355.306248569,-1.030988857,-0.314365873,0.740375061,0.37939358,-1.071988932,0.019266589,0.122363448,0.074401903,-0.008802001,-1.355697283,-8.111522884,0.071960626,-0.011845186,0.070714987,0.001463097,0.997427609,-0.61299272,-0.790072863,0.844524069,0.0,0.0,0.0,0.86058265,0.0,3.636950254
1772729826.6537683,-1.040114,-0.286024,0.739825,0.00757764,0.0806558,0.00942044,0.99666869,0.016844,0.16133,0.020265,0.304808624,-1.053453452,0.005076384,0.049699595,0.608827084,0.682115801,-0.020917073,0.055091229,0.994388407,-0.216629892,0.014411136,-0.017005802,48765.560541861,53049.37710698,55664.844555099,51715.737883896,-1.027150691,-0.327826886,0.740737297,0.393606966,-1.067260712,0.018100386,0.119833393,0.080626725,-0.015188854,-1.502031539,-8.12680701,0.076977181,-0.013121954,0.070845512,0.00159879,0.997399904,-0.602825357,-0.79786452,0.844951033,0.0,0.0,0.0,0.86058265,0.0,3.636950254
1772729826.6637683,-1.037057,-0.296465,0.739801,0.01002908,0.08450889,0.01513667,0.99625727,0.022869,0.168883,0.032321,0.302788168,-1.03982504,0.00397479,0.080229932,0.827340084,0.680095343,-0.025291521,0.050985268,0.994387966,-0.208208326,-0.019196111,-0.009482936,48871.454214565,53725.66513998,55694.57356911,51069.343079863,-1.023316065,-0.340746278,0.741137968,0.407048784,-1.062399849,0.016630767,0.11344108,0.086609627,-0.013193671,-1.655224549,-8.120851498,0.077938717,-0.014455939,0.070791345,0.001701112,0.997385166,-0.592990154,-0.805205437,0.84536015,0.0,0.0,0.0,0.86058265,0.0,3.636950254
1772729826.6737683,-1.034288,-0.30687,0.740207,0.01019985,0.08925992,0.01810327,0.9957916,0.023927,0.178343,0.038495,0.289677355,-1.032901063,0.020435218,0.033049951,0.692302712,0.41283293,-0.010999949,0.049846996,1.003029242,-0.166878038,-0.044255485,-0.020567693,48843.472330929,53654.237717908,55718.236165465,51210.385038326,-1.018858306,-0.35457024,0.741576235,0.422163272,-1.057459699,0.015931948,0.12829122,0.083322318,-0.006496281,-1.808070723,-8.099072491,0.082697334,-0.015789287,0.070598813,0.001833973,0.997377362,-0.581766194,-0.813340158,0.845822211,0.0,0.0,0.0,0.86058265,0.0,3.636950254
1772729826.683768,-1.031893,-0.317041,0.740688,0.00955682,0.09044483,0.01736352,0.99570423,0.022542,0.180764,0.036916,0.288706705,-1.031930122,0.033089756,-0.088471516,0.47744422,0.116788692,-0.017430288,0.070358251,1.001557799,-0.179364206,-0.049103829,-0.03276606,48717.184297885,53583.519395501,55740.584047171,51391.6077257,-1.014995341,-0.365722244,0.741860035,0.434799092,-1.053440936,0.015434812,0.123490206,0.103956632,-0.008507902,-1.931725339,-8.057331386,0.084180966,-0.016866621,0.07023328,0.001916928,0.997383513,-0.572711657,-0.819742466,0.846191894,0.0,0.0,0.0,0.86058265,0.0,3.636950254
1772729826.6937675,-1.02894,-0.32733,0.741001,0.00800725,0.0906583,0.01605866,0.99572038,0.019173,0.181275,0.033995,0.298389251,-1.03574584,0.041843513,-0.23591593,0.219356163,-0.102032922,-0.018113353,0.063456511,0.998155426,-0.194132985,-0.05514432,-0.041770105,48262.83096656,53707.713238662,55967.72446175,51571.07214842,-1.011381791,-0.376256958,0.742196117,0.446043906,-1.048949133,0.014903789,0.121508021,0.097644766,-0.011880678,-2.028066434,-8.017533827,0.077638398,-0.017701337,0.069886269,0.00191293,0.997393178,-0.564325743,-0.825537555,0.846531664,0.0,0.0,0.0,0.86058265,0.0,3.636950254
1772729826.7037675,-1.025844,-0.337711,0.741444,0.00643593,0.09206295,0.01477402,0.99562278,0.015804,0.184169,0.031135,0.315139112,-1.032279714,0.036344032,-0.276800196,0.137195942,-0.144552831,-0.024863476,0.054212486,1.003734005,-0.205737786,-0.052189361,-0.041400697,48239.707974606,53399.370466997,56003.326897991,51861.937124967,-1.007260811,-0.388173487,0.742623386,0.458290735,-1.043342374,0.01450364,0.115437201,0.092808205,-0.004323938,-2.156967647,-7.968640847,0.062826999,-0.018814569,0.069460961,0.001854601,0.997403846,-0.554506893,-0.832168005,0.846926582,0.0,0.0,0.0,0.86058265,0.0,3.636404361
1772729826.7137675,-1.022172,-0.348255,0.741637,0.00593503,0.09358241,0.01670186,0.99545374,0.015208,0.187207,0.034981,0.331019818,-1.029259043,0.032597078,-0.260316817,0.04918771,-0.094867554,-0.028303453,0.047814677,1.005361991,-0.189750638,-0.055054611,-0.037357295,48306.700770868,53924.265891963,56101.110510269,51205.08433527,-1.00265442,-0.400265718,0.742946434,0.47170977,-1.037979739,0.014498561,0.108678201,0.090159445,-0.003510351,-2.302851253,-7.922232688,0.047764708,-0.020075585,0.069057232,0.001803808,0.997407875,-0.544451784,-0.838789985,0.847327915,0.0,0.0,0.0,0.86058265,0.0,3.635853596
1772729826.7237673,-1.018749,-0.35854,0.741891,0.00426232,0.09402197,0.01729244,0.99541081,0.011948,0.188142,0.035868,0.343301959,-1.025907661,0.031582761,-0.22845393,0.030259185,-0.02802128,-0.022005362,0.0561529,1.01010708,-0.198806604,-0.058124445,-0.045405221,48025.759993361,53813.09463609,56173.881960773,51518.286812913,-0.99783213,-0.412478706,0.743255394,0.48514494,-1.032237588,0.014379089,0.117405865,0.096626244,0.000182423,-2.438121188,-7.873160678,0.038954215,-0.021248141,0.068629566,0.00179955,0.997412216,-0.534718317,-0.845023587,0.847713223,0.0,0.0,0.0,0.86058265,0.0,3.635302845
1772729826.7337673,-1.01569,-0.368529,0.742349,0.00325145,0.09314573,0.01610393,0.99551693,0.009641,0.18643,0.033251,0.350526422,-1.01991828,0.030531265,-0.207319267,-0.031950346,-0.011482263,-0.031768938,0.063003634,1.002968761,-0.18019122,-0.064196312,-0.053995714,48292.74958606,54129.305684775,55965.993613498,51243.881416069,-0.993229783,-0.423844632,0.743562658,0.497438219,-1.026396889,0.014471562,0.107620415,0.107847694,-0.003991174,-2.566172779,-7.8207023,0.025561459,-0.022355278,0.068173538,0.001749464,0.997419703,-0.525242145,-0.850941919,0.848085632,0.0,0.0,0.0,0.86058265,0.0,3.63475208
1772729826.743767,-1.012332,-0.378611,0.742721,0.00189635,0.09207425,0.01464379,0.99564265,0.006584,0.184333,0.030022,0.3606829,-1.014952969,0.028855525,-0.201347376,-0.082670429,-0.006029364,-0.019585811,0.041047746,1.008178189,-0.154867807,-0.077188321,-0.048454679,48341.834169485,54248.50023836,55942.289096729,51098.839072893,-0.98898233,-0.434104478,0.743878536,0.508318258,-1.020810833,0.014514854,0.115300209,0.092209813,-0.003337067,-2.672430209,-7.773449263,0.010589533,-0.023271859,0.067763636,0.001672773,0.997426722,-0.516526878,-0.856259393,0.848425962,0.0,0.0,0.0,0.86058265,0.0,3.634201328
1772729826.7537663,-1.008265,-0.388956,0.742893,0.00132538,0.09239661,0.01599381,0.99559294,0.005692,0.18499,0.032654,0.371998509,-1.011472662,0.0286719,-0.202437444,-0.074560492,0.008386783,-0.016429266,0.059183529,1.012516311,-0.142096365,-0.072076726,-0.043853815,48401.316466552,54289.564868236,55880.082566661,51063.605800717,-0.98471223,-0.444153744,0.744191654,0.518918151,-1.015082861,0.01493878,0.120125654,0.105073529,0.001014315,-2.771855966,-7.716015377,-0.004409648,-0.024129239,0.067265391,0.001588931,0.997439427,-0.507762399,-0.861485186,0.848766082,0.0,0.0,0.0,0.86058265,0.0,3.633650602
1772729826.7637663,-1.004453,-0.399101,0.743146,0.00069498,0.09270157,0.01679493,0.99555204,0.004576,0.185619,0.034163,0.38682129,-1.009500205,0.026797908,-0.191069654,-0.02455237,0.078210139,-0.018068655,0.062743963,1.008420262,-0.143954429,-0.072484033,-0.056995612,48409.727981464,54222.499522966,55823.820907728,51188.134550906,-0.979966343,-0.455002996,0.744537216,0.530275542,-1.008675678,0.015455652,0.116348249,0.11221883,-0.001534267,-2.872783588,-7.648214025,-0.020264361,-0.024999511,0.066677257,0.001495432,0.997457414,-0.497476873,-0.867462843,0.849162661,0.0,0.0,0.0,0.86058265,0.0,3.633099837
1772729826.773766,-1.000593,-0.409106,0.743395,-0.00081082,0.09188568,0.01716174,0.99562133,0.001566,0.184032,0.034615,0.395873144,-1.003923743,0.026835787,-0.1950226,-0.004229101,0.098969615,-0.022091081,0.039090831,1.008469134,-0.157933058,-0.067274887,-0.060907258,48508.404903106,54235.802067947,55766.789192883,51145.241627902,-0.975588844,-0.464726238,0.744853611,0.54035791,-1.002742027,0.015806965,0.110827207,0.095656259,6.7528e-05,-2.954826454,-7.59314058,-0.036718726,-0.025705051,0.066200473,0.001387568,0.997471178,-0.488655846,-0.872462387,0.849500627,0.0,0.0,0.0,0.86058265,0.0,3.632549086
1772729826.7837656,-0.996681,-0.419074,0.743738,-0.00157293,0.09188241,0.01756057,0.99561377,9.7e-05,0.184051,0.035281,0.398363239,-0.994543042,0.029723902,-0.180177186,-0.035539498,0.05854823,-0.027977576,0.041637776,1.00997317,-0.16610569,-0.053962039,-0.052541284,48310.242597989,54372.018375787,55929.601419306,50958.386173513,-0.972142889,-0.472187627,0.745092634,0.548081603,-0.998090318,0.016078973,0.105454314,0.09731042,0.003626871,-3.01534296,-7.557916456,-0.049482237,-0.02622513,0.065896067,0.001303274,0.997478381,-0.481679945,-0.876335319,0.849766586,0.0,0.0,0.0,0.86058265,0.0,3.631998347
1772729826.7937653,-0.992691,-0.428971,0.744056,-0.00254165,0.09183265,0.0175999,0.99561566,-0.00186,0.183986,0.03518,0.403361088,-0.986841015,0.031708694,-0.166348286,-0.090275479,-0.002347982,-0.028409464,0.044140634,1.00635928,-0.163953858,-0.058720414,-0.040747657,47965.927327959,54455.933520271,56188.901624021,50840.703703704,-0.969207063,-0.478442608,0.745290687,0.554556791,-0.994143823,0.016304922,0.101527765,0.100241779,-0.002418455,-3.09221727,-7.516712275,-0.062340509,-0.026887724,0.065539524,0.001225852,0.997484371,-0.475989246,-0.879447907,0.849982799,0.0,0.0,0.0,0.86058265,0.0,3.631671667
1772729826.803765,-0.988567,-0.438842,0.744343,-0.00309172,0.09170807,0.01771284,0.99562359,-0.002957,0.183755,0.035305,0.418139327,-0.983105502,0.030425903,-0.136443221,-0.10548406,0.006620976,-0.019962632,0.045517129,1.009377582,-0.143046358,-0.062794537,-0.036146058,48012.006409371,54264.980219355,56158.415255408,51046.470563859,-0.964665841,-0.487861292,0.745593873,0.564220537,-0.98797136,0.016252624,0.111073081,0.100177629,-0.001092197,-3.184624811,-7.474457891,-0.078505452,-0.027683773,0.065174622,0.001127777,0.997491149,-0.475466877,-0.879733622,0.850002646,0.0,0.0,0.0,0.86058265,0.0,3.631671667
1772729826.8137643,-0.984376,-0.448629,0.744669,-0.00380617,0.09053836,0.01761081,0.99572997,-0.004464,0.181431,0.034963,0.427797591,-0.978626186,0.030464034,-0.124588172,-0.094203655,0.008198482,-0.026975525,0.048392672,1.004873897,-0.122085381,-0.066868441,-0.041794605,48187.010451613,54460.021935484,56023.082967742,50803.577290323,-0.959487905,-0.498866526,0.746045591,0.574454586,-0.980156684,0.016958213,0.101251032,0.109339075,-0.005519455,-3.276013341,-7.42462818,-0.093637518,-0.028471828,0.06474369,0.001035583,0.997499302,-0.466324668,-0.884611737,0.850348088,0.0,0.0,0.0,0.86058265,0.0,3.631671667
1772729826.8237643,-0.980069,-0.458373,0.74497,-0.00434787,0.08970434,0.01766758,0.99580223,-0.005579,0.179776,0.034978,0.429652003,-0.969782976,0.031910734,-0.142021459,-0.132777193,-0.058371616,-0.029125613,0.036283994,1.002886308,-0.124605151,-0.056044931,-0.031297669,48414.645996286,54038.301108548,55923.872826515,51215.425243374,-0.954305128,-0.509045718,0.74640072,0.58459091,-0.9728708,0.016798554,0.096388989,0.09615812,-0.00600509,-3.364075182,-7.358554424,-0.104808585,-0.029233685,0.064170571,0.000971188,0.997507748,-0.456894888,-0.889515713,0.850702379,0.0,0.0,0.0,0.86058265,0.0,3.631671667
1772729826.8337638,-0.975636,-0.468085,0.745261,-0.00514834,0.08910859,0.01747931,0.99585522,-0.007254,0.178607,0.034451,0.431709036,-0.961619254,0.03391161,-0.158164065,-0.169596082,-0.146731227,-0.023561982,0.0613993,1.010120142,-0.106059148,-0.051215226,-0.040354417,47452.385276869,54169.408988384,56373.81512913,51354.989088756,-0.948930404,-0.518936961,0.746688141,0.591589158,-0.957482476,0.016526904,0.103723016,0.118285418,-0.001152459,-3.585905999,-7.212160761,-0.108506855,-0.031166321,0.062895225,0.001022858,0.997529056,-0.446290703,-0.894876637,0.851098438,0.0,0.0,0.0,0.86058265,0.0,3.631671667
1772729826.8437638,-0.971135,-0.477696,0.745568,-0.00581902,0.08906921,0.01742044,0.99585609,-0.008624,0.17855,0.03421,0.437235809,-0.954432107,0.034673498,-0.17644202,-0.196203827,-0.230304518,-0.022785552,0.063733916,1.007661535,-0.094099974,-0.042762112,-0.051023221,47317.949722831,54111.657341756,56336.09329208,51548.440892097,-0.945015016,-0.527253055,0.747069899,0.593433459,-0.940468682,0.016895448,0.101919161,0.131340166,-0.003075971,-3.627249913,-7.178772846,-0.112346666,-0.031524963,0.062605285,0.001003377,0.997538503,-0.433685246,-0.901014067,0.8515658,0.0,0.0,0.0,0.86058265,0.0,3.631671667
1772729826.8537636,-0.967052,-0.487155,0.746025,-0.00720735,0.0882,0.01569301,0.99595308,-0.011772,0.176832,0.030467,0.447320998,-0.949039891,0.034541233,-0.192900126,-0.188012394,-0.270900258,-0.016776708,0.03882367,1.014243978,-0.091918829,-0.006107311,-0.03606852,47831.477087667,54089.994175334,56070.462347697,51419.745735513,-0.939916979,-0.536371435,0.747359364,0.604056834,-0.937576396,0.017306291,0.106778471,0.111906284,0.003070619,-3.653327682,-7.159610032,-0.126256932,-0.0317449,0.062442107,0.000891184,0.997541877,-0.419806707,-0.907603911,0.852077932,0.0,0.0,0.0,0.86058265,0.0,3.631671667
1772729826.863763,-0.962711,-0.496465,0.74638,-0.00827527,0.08578896,0.01316097,0.99619203,-0.014443,0.171989,0.025176,0.461448303,-0.944348434,0.033258598,-0.194177479,-0.170169251,-0.255590025,-0.022685822,0.050660261,1.011805191,-0.093325076,0.011814067,-0.03314034,48067.806613947,54143.267433501,55981.870596693,51246.696621136,-0.935500879,-0.544139683,0.747607667,0.612839053,-0.933833645,0.017884408,0.103917142,0.113948645,0.000707935,-3.686431256,-7.145080105,-0.137392911,-0.032027406,0.062318471,0.000808209,0.99754134,-0.412928892,-0.910762311,0.852330226,0.0,0.0,0.0,0.86058265,0.0,3.631671667
1772729826.8737628,-0.957713,-0.506056,0.746638,-0.00916772,0.08521824,0.01269316,0.99623927,-0.016342,0.170858,0.024081,0.478345309,-0.940394117,0.031410189,-0.174141979,-0.118522761,-0.178037201,-0.027863041,0.05912723,1.009029282,-0.095861234,0.030168252,-0.033751242,48150.55043218,54181.133248625,55932.084061993,51140.812582549,-0.931785224,-0.550567157,0.747833338,0.619865138,-0.930002234,0.018174269,0.098064625,0.12363106,-0.002471137,-3.718117267,-7.137102872,-0.14555966,-0.032299021,0.062251096,0.000752101,0.997538039,-0.406300885,-0.913728024,0.852572272,0.0,0.0,0.0,0.86058265,0.0,3.631671667
1772729826.8837624,-0.952771,-0.515449,0.746925,-0.01003125,0.08515179,0.01247427,0.9962394,-0.018127,0.170742,0.02349,0.495836021,-0.935533215,0.028911527,-0.116169461,-0.078981126,-0.065977334,-0.029990903,0.053181301,1.007196271,-0.097219059,0.047699633,-0.038821961,48081.53154309,53982.582419041,55843.700583967,51494.851442223,-0.926821289,-0.558992804,0.748129101,0.628952965,-0.924435135,0.018343885,0.097473773,0.118800477,-0.003162246,-3.766094483,-7.139106086,-0.154478529,-0.032711759,0.062270768,0.000701106,0.997524113,-0.398084381,-0.917335826,0.852871403,0.0,0.0,0.0,0.86058265,0.0,3.631671667
1772729826.893762,-0.947785,-0.524786,0.747246,-0.01092436,0.08566111,0.01265995,0.996184,-0.01989,0.171789,0.023703,0.50938244,-0.930665845,0.028963411,-0.09235565,-0.001258132,0.045344415,-0.035578811,0.04407421,1.008068431,-0.09476139,0.055584145,-0.034703533,48396.874332895,53897.554194089,55673.08582027,51488.162163456,-0.921425788,-0.568024866,0.748492831,0.638585012,-0.918166816,0.018742366,0.091416502,0.110931929,-0.00131934,-3.818212673,-7.152967022,-0.16850784,-0.033157391,0.062395159,0.000611343,0.997504707,-0.388914651,-0.921260541,0.853203886,0.0,0.0,0.0,0.86058265,0.0,3.63169815
1772729826.9037619,-0.942697,-0.534019,0.747518,-0.01102824,0.08559223,0.01299771,0.99618442,-0.020043,0.17166,0.024369,0.514837981,-0.92496448,0.031671009,-0.112239371,0.093063013,0.101845087,-0.0424638,0.047035979,1.009371752,-0.097814637,0.056632965,-0.025967121,48227.089445169,53634.090674225,55860.11252132,51683.313258754,-0.915642152,-0.577492867,0.748877022,0.648723593,-0.911247715,0.019149323,0.085573047,0.114526362,0.000644714,-3.865868754,-7.174533523,-0.180962432,-0.033564754,0.06258627,0.000535227,0.997476889,-0.379486603,-0.925184667,0.853544285,0.0,0.0,0.0,0.86058265,0.0,3.632178165
1772729826.9137619,-0.937542,-0.54321,0.747859,-0.01130589,0.08582565,0.01353034,0.99615414,-0.020507,0.172146,0.025394,0.51951149,-0.918189298,0.034260969,-0.160793191,0.185347176,0.103842914,-0.032705971,0.046513847,1.009923129,-0.101897289,0.061235605,-0.027451448,48146.293813931,53765.364929372,55909.163370677,51540.283292742,-0.909844719,-0.586720535,0.749246209,0.658727244,-0.904021138,0.019582903,0.093750185,0.117286774,0.000476375,-3.924582694,-7.20051209,-0.188648576,-0.034070775,0.062814394,0.000508169,0.997446595,-0.369885212,-0.929065484,0.853889471,0.0,0.0,0.0,0.86058265,0.0,3.632658192
1772729826.9237616,-0.932279,-0.552329,0.748169,-0.0115264,0.08589217,0.01404264,0.99613879,-0.020862,0.172296,0.026391,0.529224961,-0.913328163,0.035114583,-0.219119647,0.301313067,0.107822341,-0.028996499,0.051085307,1.008133266,-0.091103109,0.041194849,-0.027286729,47990.972272603,54003.120872568,56039.595194912,51240.377077691,-0.904139817,-0.595535703,0.749582248,0.668420222,-0.896782512,0.0196642,0.097160456,0.121379176,-0.003972473,-3.986894876,-7.22712191,-0.194977968,-0.034608783,0.063047637,0.000495321,0.997413562,-0.360525801,-0.932737365,0.854224623,0.0,0.0,0.0,0.86058265,0.0,3.633138207
1772729826.9337611,-0.926959,-0.561538,0.748609,-0.01403099,0.08882097,0.01474985,0.99583955,-0.025736,0.178259,0.027321,0.538048862,-0.906437927,0.035603938,-0.265749487,0.398906008,0.090909218,-0.025100722,0.045556212,1.009279754,-0.081338491,0.017217079,-0.020304702,47903.429643774,53898.552248634,56080.832620004,51379.16310002,-0.89848037,-0.604095256,0.749917509,0.677865277,-0.889510328,0.019718475,0.103295783,0.114430831,-0.002840868,-4.040071203,-7.245700343,-0.20073131,-0.035067823,0.063210864,0.000480209,0.997385252,-0.351338285,-0.936236391,0.854552325,0.0,0.0,0.0,0.86058265,0.0,3.633618211
1772729826.9437606,-0.921528,-0.570572,0.748935,-0.01528088,0.0914783,0.01542398,0.99557035,-0.02808,0.183648,0.028397,0.546048811,-0.897987201,0.035402229,-0.279165419,0.4568222,0.07170571,-0.020096417,0.043969883,1.01280591,-0.082249493,0.007769322,-0.016636143,48180.573928603,54528.794579733,55992.063149166,50498.237671293,-0.893199138,-0.611910167,0.750221435,0.686582433,-0.882654854,0.020197065,0.106519971,0.120404347,0.000899546,-4.087266908,-7.247009235,-0.204688458,-0.035476376,0.063223281,0.000472208,0.997369308,-0.342669183,-0.93944302,0.854860429,0.0,0.0,0.0,0.86058265,0.0,3.634098215
1772729826.9537609,-0.916037,-0.579458,0.74928,-0.01663117,0.09364297,0.01560527,0.9953446,-0.030731,0.188039,0.028456,0.554379375,-0.888377343,0.034054384,-0.238626747,0.426158552,0.052898064,-0.024610326,0.059324717,1.009991289,-0.059181165,-0.020692402,-0.025200182,48389.223521257,54676.455730129,55742.380406654,50396.64168207,-0.887677241,-0.619898436,0.750530385,0.695561478,-0.875533888,0.020684413,0.103902911,0.133280966,5.0641e-05,-4.131960286,-7.2416076,-0.201126137,-0.035867519,0.063174961,0.00052617,0.997357926,-0.333962465,-0.942573173,0.855168845,0.0,0.0,0.0,0.86058265,0.0,3.634578253
1772729826.96376,-0.910415,-0.588276,0.749582,-0.01740608,0.09510597,0.01590156,0.99518793,-0.032211,0.19101,0.028868,0.562489386,-0.878767757,0.032644553,-0.166716836,0.319542313,0.049628947,-0.024825815,0.05035148,1.010328998,-0.036720696,-0.03596896,-0.028085729,48395.031920449,54389.803596159,55722.330328967,50698.943106227,-0.881928444,-0.628039558,0.750847669,0.704701311,-0.868174053,0.021034563,0.104295099,0.125399755,0.000311636,-4.160690425,-7.221282993,-0.201117842,-0.036118295,0.062997932,0.000535632,0.997358459,-0.324799341,-0.94576952,0.855492352,0.0,0.0,0.0,0.86058265,0.0,3.635058233
1772729826.9737594,-0.904784,-0.597022,0.749939,-0.01803909,0.09636591,0.01601548,0.99505362,-0.033444,0.193563,0.02894,0.569051436,-0.87108092,0.034154675,-0.079877567,0.238264981,0.118099177,-0.026790814,0.044638788,1.018644196,-0.033819408,-0.034738239,-0.031711728,48474.481881974,54381.541211319,55588.342545726,50739.950333602,-0.875395328,-0.637087233,0.751222537,0.714896883,-0.859835836,0.021906788,0.099762181,0.116875708,0.005182132,-4.185743506,-7.190062788,-0.204015084,-0.036335864,0.062727,0.000514231,0.997366967,-0.314991253,-0.949081676,0.855837444,0.0,0.0,0.0,0.86058265,0.0,3.635538237
1772729826.9837592,-0.899048,-0.605687,0.750253,-0.01842883,0.09727801,0.01644195,0.99495077,-0.034129,0.195421,0.029702,0.578778932,-0.863702009,0.032617708,-0.075990361,0.125281719,0.084900015,-0.03678364,0.05733965,1.015382246,-0.026103111,-0.037008972,-0.037182421,48172.345967299,54539.2661064,55766.53570557,50591.653514124,-0.870327965,-0.643815957,0.751420443,0.722734907,-0.853357155,0.022327355,0.09119838,0.122054406,0.00257854,-4.205508421,-7.161171697,-0.211825284,-0.036504658,0.062477941,0.000447812,0.997376516,-0.306887489,-0.951733706,0.856121661,0.0,0.0,0.0,0.86058265,0.0,3.636018252
1772729826.9937587,-0.893185,-0.614305,0.750571,-0.01865225,0.09726054,0.01668515,0.99494426,-0.034534,0.195401,0.030152,0.590113519,-0.855043997,0.029736975,-0.05838674,-0.046635338,-0.040516875,-0.031371783,0.052071372,1.008356321,-0.024538786,-0.041817818,-0.047414146,47863.787975407,54608.57094558,55951.135225536,50548.532564099,-0.866444528,-0.648836686,0.751520145,0.728690674,-0.848393139,0.022312172,0.094084037,0.123093906,-0.003620777,-4.214785701,-7.142806797,-0.218183747,-0.036582618,0.062320095,0.000391617,0.997382838,-0.300707491,-0.953715991,0.856338001,0.0,0.0,0.0,0.86058265,0.0,3.636498256
1772729827.0037587,-0.887284,-0.622831,0.750896,-0.01875937,0.09706152,0.01710956,0.99495448,-0.034672,0.195019,0.030997,0.601851875,-0.845226156,0.025874461,-0.076913166,-0.281841116,-0.269730366,-0.029158247,0.049976164,1.006048892,-0.027769169,-0.042607808,-0.051255287,47749.232358355,54457.680507261,55955.172427899,50795.811208836,-0.863874709,-0.652139368,0.751630499,0.732441744,-0.845172873,0.022171793,0.095871446,0.123067663,-0.004525592,-4.22350482,-7.125320361,-0.22466976,-0.036655624,0.062169941,0.000334283,0.99738893,-0.297355889,-0.954754593,0.856454966,0.0,0.0,0.0,0.86058265,0.0,3.636950254
1772729827.0137584,-0.881283,-0.631285,0.751269,-0.01898918,0.09701271,0.01695777,0.99495748,-0.03517,0.194923,0.030645,0.612332091,-0.835988831,0.02423291,-0.084539373,-0.498588354,-0.495472229,-0.029019642,0.0499395,1.006802566,-0.034109792,-0.040790648,-0.050950528,47703.290236315,54369.259418945,55938.4545653,50947.168549546,-0.861304951,-0.655441971,0.751740851,0.736192724,-0.841952684,0.022031417,0.097266236,0.122660491,-0.00353795,-4.229356038,-7.112348603,-0.231808857,-0.03670318,0.062059313,0.000271125,0.997394647,-0.294004367,-0.955793169,0.85657193,0.0,0.0,0.0,0.86058265,0.0,3.636950254
1772729827.0237584,-0.874909,-0.639482,0.751219,-0.02078089,0.09161279,0.01116455,0.99551525,-0.040015,0.183903,0.018738,0.620608265,-0.828572915,0.02540692,-0.055839497,-0.610047,-0.619335128,-0.028881033,0.049902834,1.007556258,-0.040450565,-0.038973445,-0.050645763,47817.744747039,54426.868189343,55873.215494188,50874.299177718,-0.858438425,-0.659084124,0.751862635,0.740280866,-0.83838001,0.021967306,0.098661058,0.122253309,-0.002550285,-4.235207395,-7.099376535,-0.238948123,-0.036750737,0.061948682,0.000207966,0.997400254,-0.291198701,-0.956662595,0.856669843,0.0,0.0,0.0,0.86058265,0.0,3.636950254
1772729827.0337577,-0.868733,-0.647755,0.751604,-0.02052062,0.08836407,0.00797574,0.99584491,-0.0401,0.177248,0.012454,0.626192322,-0.821841266,0.029311702,-0.04530782,-0.54197694,-0.640259227,-0.035517561,0.047019876,1.007743328,-0.042931586,-0.044933629,-0.044892815,47932.191071331,54484.472839237,55807.981089341,50801.435017919,-0.855436635,-0.662881011,0.751989631,0.744522613,-0.834646691,0.021938022,0.087885959,0.122740372,-0.000972134,-4.241058334,-7.086405396,-0.246086879,-0.03679829,0.06183806,0.000144811,0.997405859,-0.291198701,-0.956662595,0.856669843,0.0,0.0,0.0,0.86058265,0.0,3.636950254
1772729827.0437577,-0.862459,-0.655946,0.751877,-0.0217406,0.08511014,0.00468215,0.99612333,-0.043155,0.17059,0.00571,0.631164258,-0.815627643,0.033862697,-0.033225163,-0.367669836,-0.536149105,-0.042630478,0.042070444,1.008541005,-0.047356762,-0.058838612,-0.03562765,47832.88264141,54254.02151494,55966.209788697,50977.729993509,-0.850446058,-0.66914889,0.752261783,0.751405608,-0.828512159,0.022197956,0.081980783,0.119596022,0.002534247,-4.266809197,-7.063813681,-0.270428055,-0.03701021,0.061649255,-6.0516e-05,0.99741009,-0.282657661,-0.95916933,0.856966545,0.0,0.0,0.0,0.86058265,0.0,3.636950254
1772729827.053758,-0.856171,-0.664117,0.75235,-0.02116072,0.08453884,0.00370873,0.99618856,-0.042149,0.169399,0.003867,0.635655482,-0.809692963,0.0377587,-0.014783538,-0.145173481,-0.325961476,-0.027962163,0.044132984,1.011618959,-0.069154231,-0.077028424,-0.036391396,47897.550867236,54673.644353684,55930.614464541,50394.820559062,-0.843500383,-0.677749601,0.75266884,0.760802417,-0.820074738,0.022962229,0.092293755,0.118903831,0.004332873,-4.299505365,-6.997557693,-0.285607911,-0.037289395,0.061077509,-0.000196783,0.997432193,-0.272000462,-0.962297142,0.85733676,0.0,0.0,0.0,0.86058265,0.0,3.636950254
1772729827.0637567,-0.849758,-0.672213,0.752717,-0.02085798,0.08518077,0.00330684,0.99614168,-0.041608,0.17067,0.00308,0.641690608,-0.803416967,0.040480283,-0.029044298,0.084558491,-0.132826154,-0.030747669,0.05185206,1.006590574,-0.075967697,-0.079864645,-0.044591308,47547.467149882,54248.542102687,56028.71985923,50969.684666838,-0.836799477,-0.685870384,0.753071672,0.769578055,-0.811897591,0.023493353,0.091874972,0.127246329,-0.001459123,-4.343408358,-6.940977144,-0.300301104,-0.037666136,0.060589923,-0.000320035,0.997448604,-0.261095663,-0.965261929,0.857713465,0.0,0.0,0.0,0.86058265,0.0,3.636950254
1772729827.0737567,-0.843332,-0.680141,0.753124,-0.02232448,0.08664526,0.00180677,0.99598743,-0.044845,0.173546,-0.000274,0.652468124,-0.795198699,0.036176278,-0.028189481,0.082603334,-0.03352712,-0.03036085,0.042806517,1.006562046,-0.106452603,-0.07207048,-0.041970494,46898.03288722,54497.675860943,56390.001468908,50726.859229639,-0.829676407,-0.694280504,0.753460179,0.77865375,-0.803264914,0.023595799,0.091088968,0.121727558,-0.001946326,-4.387961003,-6.872969776,-0.318253696,-0.038047457,0.060004054,-0.000475542,0.99747019,-0.24660194,-0.969105014,0.858213297,0.0,0.0,0.0,0.86058265,0.0,3.636950254
1772729827.0837562,-0.836712,-0.688042,0.753416,-0.02197794,0.08592333,0.00218056,0.99605692,-0.044073,0.172113,0.000576,0.662295717,-0.787691311,0.034175033,-3.0542e-05,0.022442345,0.058679721,-0.032804052,0.042048776,1.007555452,-0.113854894,-0.067376117,-0.038070556,47347.802047284,54314.416013989,56136.464901097,50859.165822739,-0.823945393,-0.700912361,0.753756517,0.785784854,-0.796403701,0.023708206,0.087748141,0.122092935,-0.00089798,-4.44960484,-6.814019539,-0.337311874,-0.038576756,0.059497588,-0.000629184,0.997478011,-0.237999912,-0.971252233,0.85850883,0.0,0.0,0.0,0.86058265,0.0,3.636950254
1772729827.0937555,-0.830068,-0.695911,0.753767,-0.02186741,0.08581022,0.00269527,0.99606785,-0.043759,0.171909,0.001641,0.671374106,-0.779818615,0.03244329,-0.005006288,-0.070493974,0.116801476,-0.037888694,0.046232254,1.007657606,-0.114646102,-0.039787474,-0.039804067,47601.986756779,54209.960270337,55958.783648453,50949.684324295,-0.817573794,-0.708154305,0.754090886,0.793554857,-0.788809793,0.023894241,0.081759229,0.124913741,-0.000974076,-4.504780644,-6.766397504,-0.348410525,-0.039053499,0.059087133,-0.000713494,0.997485943,-0.229282976,-0.973347355,0.858807681,0.0,0.0,0.0,0.86058265,0.0,3.636950254
1772729827.1037552,-0.823315,-0.703685,0.754138,-0.02227248,0.08617767,0.0029901,0.99602631,-0.044529,0.17266,0.00215,0.67884548,-0.771688867,0.033565766,0.002469599,-0.095656768,0.161539959,-0.033271237,0.040614467,1.009290466,-0.122346161,-0.018915386,-0.024908896,47944.746268657,54177.057569296,55696.219007006,51001.936643314,-0.810318303,-0.716196845,0.754430796,0.802235693,-0.780186463,0.023980961,0.08448284,0.122847243,-0.000787598,-4.566674848,-6.727696827,-0.362536131,-0.039586842,0.058755523,-0.000818037,0.997486039,-0.219037045,-0.97570374,0.859158133,0.0,0.0,0.0,0.86058265,0.0,3.636950254
1772729827.1137545,-0.816432,-0.711359,0.754363,-0.02091018,0.08362578,0.0048037,0.99626624,-0.041453,0.167612,0.006161,0.685951703,-0.763499427,0.034783056,-0.011667129,-0.064762582,0.168150169,-0.034267596,0.044326909,1.007507841,-0.106322849,-0.006421969,-0.028833888,48200.502173484,54322.96976882,55509.659454653,50806.562635843,-0.803634063,-0.723439975,0.754748898,0.810042343,-0.77220908,0.023973771,0.08537139,0.123267801,-0.003495616,-4.631727846,-6.700707437,-0.372615893,-0.040149258,0.058524579,-0.000881963,0.997477848,-0.213784114,-0.976880908,0.859337568,0.0,0.0,0.0,0.86058265,0.0,3.636950254
1772729827.1237545,-0.809564,-0.718941,0.75479,-0.02172523,0.08473815,0.00505866,0.99615354,-0.043059,0.16986,0.00649,0.692117735,-0.754259538,0.036524316,-0.064270345,0.025972865,0.104563743,-0.033104155,0.033207968,1.002466285,-0.080846975,-0.016931469,-0.028219058,48449.772832462,54304.92704385,55318.524179069,50806.317559749,-0.797168509,-0.73032415,0.755090236,0.817387874,-0.764425743,0.023876099,0.082612854,0.118075856,-0.007342717,-4.6858196,-6.683588646,-0.381804852,-0.040616257,0.058379243,-0.000940451,0.997467983,-0.206750676,-0.978346668,0.859577057,0.0,0.0,0.0,0.86058265,0.0,3.636950254
1772729827.1337543,-0.802652,-0.726426,0.755181,-0.02240819,0.08520113,0.00565933,0.99609568,-0.044337,0.17082,0.007566,0.699114847,-0.745905179,0.037120606,-0.09651926,0.105666636,0.04791118,-0.03114319,0.054865518,1.00452638,-0.07472994,-0.002683338,-0.039855867,48358.706633997,54336.435925809,55370.657234693,50775.808541469,-0.790175645,-0.737620956,0.755461114,0.825183733,-0.755968207,0.023784781,0.086370829,0.134287491,-0.004042895,-4.733814675,-6.663438728,-0.391508518,-0.041030106,0.05820771,-0.001007746,0.997460192,-0.190813541,-0.981614634,0.860119364,0.0,0.0,0.0,0.86058265,0.0,3.636950254
1772729827.1437547,-0.79562,-0.733833,0.75555,-0.02286903,0.08597026,0.00537266,0.99602071,-0.045319,0.172354,0.006872,0.706044632,-0.738268361,0.037364352,-0.123059971,0.175536531,-0.008719031,-0.033664779,0.053169209,1.006704378,-0.063877757,0.004136759,-0.031473856,47639.488123774,54378.603351008,55823.558291567,50788.855330379,-0.782540898,-0.745409373,0.755853855,0.83361249,-0.746801213,0.023839397,0.083348579,0.14059883,-0.004491025,-4.775042821,-6.646213914,-0.405514924,-0.041382755,0.058063198,-0.001114998,0.997453783,-0.180553187,-0.983553216,0.860467434,0.0,0.0,0.0,0.86058265,0.0,3.636950254
1772729827.1537547,-0.788494,-0.741211,0.755906,-0.0233422,0.08647594,0.00550151,0.99596525,-0.046254,0.173378,0.007027,0.714261326,-0.731084963,0.036977444,-0.12890451,0.196160995,-0.039571064,-0.036826141,0.040823259,1.00410495,-0.073616318,-0.008181001,-0.037216178,47242.72647996,54656.091229247,56104.276370954,50439.625747666,-0.774515085,-0.753410982,0.756258399,0.842340967,-0.737241506,0.023801613,0.078881694,0.12650693,-0.004931576,-4.816844663,-6.629120791,-0.418645878,-0.041740862,0.057919603,-0.001214398,0.997447097,-0.170340687,-0.985373061,0.86081323,0.0,0.0,0.0,0.86058265,0.0,3.636950254
1772729827.1637552,-0.781321,-0.748464,0.756273,-0.02403763,0.08789329,0.00502563,0.99582715,-0.047748,0.176205,0.005875,0.72589704,-0.723425612,0.034526004,-0.112001216,0.163169159,-0.023594895,-0.044502701,0.049146854,1.003584691,-0.081849959,-0.022019237,-0.03623683,47526.892352325,54542.47162115,55877.829835965,50620.052438705,-0.767242842,-0.760501975,0.756614689,0.850086737,-0.728653184,0.023411819,0.072401123,0.131489981,-0.009135298,-4.856370323,-6.606484913,-0.432000336,-0.042079385,0.057727897,-0.00131906,0.997443767,-0.160090887,-0.987089764,0.861159639,0.0,0.0,0.0,0.86058265,0.0,3.636950254
1772729827.1737547,-0.77406,-0.75567,0.756624,-0.02469217,0.08857552,0.00505437,0.99575054,-0.04907,0.17758,0.005783,0.73091579,-0.71458419,0.035296595,-0.107818494,0.123416635,-0.025977041,-0.038623142,0.045223269,1.004786165,-0.096442548,-0.013100797,-0.043828351,47500.113287756,54637.553486638,55815.902573027,50636.804499689,-0.760077077,-0.767337632,0.756952598,0.857596875,-0.720217591,0.023000731,0.074871975,0.132969907,-0.007176846,-4.898980002,-6.57637594,-0.444224867,-0.042445772,0.057470837,-0.00141527,0.997442539,-0.15034726,-0.98862064,0.861488418,0.0,0.0,0.0,0.86058265,0.0,3.636950254
1772729827.1837542,-0.766722,-0.762762,0.756969,-0.02513256,0.08859409,0.00498481,0.99573822,-0.049974,0.177616,0.005561,0.730679796,-0.704546029,0.037385331,-0.099061371,0.025039808,-0.045111718,-0.04201843,0.034984892,1.002092162,-0.122815997,-0.019612914,-0.04871879,47578.20643944,54900.344928518,55757.677640969,50337.534217083,-0.752473688,-0.774429134,0.757311084,0.865462237,-0.711272515,0.022763307,0.072490672,0.124023232,-0.003182701,-4.949024343,-6.550027221,-0.460048471,-0.04287492,0.057248029,-0.001537865,0.997437315,-0.140208955,-0.990109384,0.861829997,0.0,0.0,0.0,0.86058265,0.0,3.636950254
1772729827.193754,-0.759301,-0.769786,0.757341,-0.025514,0.08857673,0.00506535,0.99572965,-0.050732,0.177587,0.005657,0.730431446,-0.694739182,0.03949961,-0.086809025,-0.103964943,-0.089334865,-0.050642541,0.037097764,1.000818475,-0.119647748,-0.024522291,-0.037891515,47458.575091861,54403.572590102,55844.375185677,50917.251114065,-0.74440527,-0.78178341,0.757694743,0.873582061,-0.7017116,0.022283092,0.06434227,0.126660808,-0.004765199,-5.019145831,-6.514521099,-0.482028754,-0.043476362,0.056948256,-0.00170778,0.99742847,-0.129378575,-0.991582901,0.862194341,0.0,0.0,0.0,0.86058265,0.0,3.636950254
1772729827.2037537,-0.751873,-0.776667,0.757708,-0.02640747,0.08879996,0.00457677,0.99568884,-0.05263,0.178015,0.004495,0.73224592,-0.685806093,0.04100136,-0.089251513,-0.231787872,-0.127949454,-0.042250607,0.044124805,1.006438662,-0.108915092,-0.033889477,-0.035756025,46991.67628499,54435.652931341,56127.571705949,50914.952915161,-0.736231088,-0.789249143,0.758153138,0.881034391,-0.691608883,0.022310213,0.072297606,0.13195463,-0.003549088,-5.093415505,-6.471115588,-0.498722832,-0.044117121,0.056577993,-0.001833085,0.997421176,-0.118290427,-0.99296747,0.862566811,0.0,0.0,0.0,0.86058265,0.0,3.636950254
1772729827.213754,-0.744889,-0.783453,0.758216,-0.02631554,0.08621826,0.00369451,0.99592181,-0.052586,0.172786,0.002864,0.738177433,-0.677261874,0.041474826,-0.098243821,-0.301582884,-0.152127523,-0.036723055,0.05169789,1.007267579,-0.095281403,-0.052205614,-0.030952894,47519.812853194,54473.275656237,55820.267509847,50757.796560413,-0.729140661,-0.795601248,0.758561998,0.887283986,-0.68277361,0.022571472,0.076405233,0.139103255,-0.004458925,-5.159286057,-6.431146822,-0.514466213,-0.044685126,0.056237292,-0.001953358,0.997414142,-0.108735577,-0.994059801,0.862887411,0.0,0.0,0.0,0.86058265,0.0,3.636950254
1772729827.2237535,-0.737452,-0.790182,0.758627,-0.02708811,0.08452285,0.00261153,0.99604985,-0.054324,0.169327,0.000632,0.748106366,-0.669309554,0.040651632,-0.106419304,-0.3152869,-0.152832923,-0.035638738,0.045018561,1.008960637,-0.075151927,-0.05774558,-0.027996316,47591.745882596,54649.350302029,55727.493830347,50567.382208684,-0.723028429,-0.800913707,0.758889051,0.892783691,-0.675298305,0.022849131,0.076135252,0.137404822,-0.002071802,-5.208485933,-6.392843911,-0.523655198,-0.045111222,0.055908355,-0.00202441,0.997413384,-0.100606738,-0.994913762,0.863159869,0.0,0.0,0.0,0.86058265,0.0,3.636950254
1772729827.2337532,-0.729769,-0.796872,0.758991,-0.02778289,0.08284688,0.0021623,0.99617259,-0.05579,0.16594,-0.0003,0.760421277,-0.661268074,0.040082128,-0.124621788,-0.259013595,-0.148952678,-0.031800558,0.038662558,1.015159939,-0.05471726,-0.055101144,-0.022127999,47642.690026954,54697.470409,55714.048283136,50433.299074183,-0.71631553,-0.806607609,0.759233396,0.898877062,-0.667154289,0.023402289,0.080309253,0.130484679,0.003597208,-5.246153162,-6.350060217,-0.531432937,-0.045437957,0.055539723,-0.002090908,0.997417911,-0.092208191,-0.99572882,0.863441129,0.0,0.0,0.0,0.86058265,0.0,3.636950254
1772729827.2437534,-0.722056,-0.803446,0.759368,-0.02856052,0.08180472,0.00188156,0.99623729,-0.057398,0.163833,-0.000936,0.775093047,-0.653404411,0.038052173,-0.091149676,-0.202895731,-0.101558499,-0.032987685,0.037531514,1.012487192,-0.050944464,-0.079459121,-0.024598129,47599.135737885,54766.127661527,55697.464987151,50324.069888032,-0.708719402,-0.812885464,0.759615874,0.905753989,-0.657988377,0.024237876,0.079089812,0.131289822,0.001965671,-5.276029196,-6.303501673,-0.536594329,-0.045698432,0.055137079,-0.002140126,0.997428035,-0.082452864,-0.996584714,0.863767581,0.0,0.0,0.0,0.86058265,0.0,3.636950254
1772729827.2537534,-0.714229,-0.809933,0.759744,-0.02881805,0.08132876,0.00168575,0.9962692,-0.057946,0.162867,-0.001346,0.786731073,-0.644850693,0.037097258,-0.050563717,-0.141308597,-0.051588934,-0.03154347,0.032363543,1.016486337,-0.034840421,-0.077794926,-0.030221498,47487.174544661,54771.286784857,55646.56120098,50372.272209153,-0.701012783,-0.819097328,0.76000415,0.912630441,-0.648745071,0.025124938,0.07926317,0.127575144,0.005322927,-5.304527835,-6.244264271,-0.542079804,-0.045947597,0.054624207,-0.002198182,0.997443811,-0.075414807,-0.997152269,0.864002943,0.0,0.0,0.0,0.86058265,0.0,3.636950254
1772729827.2637537,-0.706406,-0.816319,0.760141,-0.02921141,0.08107094,0.00100647,0.99627967,-0.058849,0.162309,-0.002767,0.791373521,-0.635870556,0.038477756,0.000369606,-0.11640055,-0.030707503,-0.043873699,0.039709918,1.007016579,-0.011197027,-0.065829697,-0.031176141,47318.953920737,54536.790692037,55688.723257787,50616.24811538,-0.692664314,-0.825677315,0.760437224,0.919863172,-0.638792084,0.025994235,0.067778312,0.134092221,0.002619621,-5.326079814,-6.181459389,-0.551600644,-0.046134669,0.054081785,-0.002296343,0.997464218,-0.069098956,-0.997566449,0.864213918,0.0,0.0,0.0,0.86058265,0.0,3.636950254
1772729827.2737536,-0.698486,-0.822636,0.760566,-0.02947334,0.08061653,0.00068835,0.9963091,-0.059425,0.161378,-0.003425,0.796804101,-0.627380998,0.040254972,0.029814543,-0.087382536,-0.015212798,-0.047017306,0.040128221,1.013309287,-0.008755983,-0.06085628,-0.051404548,47437.462268022,54569.03469974,55475.464593498,50670.654005745,-0.684767035,-0.83174736,0.760826317,0.926584763,-0.62955452,0.026485731,0.061026421,0.135419496,0.003687738,-5.341194242,-6.137707652,-0.565476448,-0.046262517,0.05370686,-0.002427848,0.997479177,-0.055453263,-0.998461306,0.86466974,0.0,0.0,0.0,0.86058265,0.0,3.636950254
1772729827.2837536,-0.690386,-0.828883,0.760859,-0.02797004,0.07871964,0.0015036,0.9965032,-0.056234,0.157625,-0.001425,0.803511217,-0.619184895,0.040927933,-0.009019893,-0.075172646,-0.04314184,-0.043803292,0.038150835,1.004826354,-0.030326215,-0.056430318,-0.065998939,47663.807871418,54736.22081366,55128.08983895,50616.890482504,-0.675858226,-0.838399208,0.7612579,0.933978468,-0.619307878,0.026965213,0.069298197,0.143006437,0.000451556,-5.351041461,-6.079507442,-0.587816133,-0.046341621,0.053209489,-0.002641498,0.997499324,-0.050377368,-0.998666889,0.864839079,0.0,0.0,0.0,0.86058265,0.0,3.636950254
1772729827.2937539,-0.682375,-0.835028,0.761348,-0.02875457,0.07908313,0.00110529,0.99645261,-0.057886,0.158329,-0.002375,0.810046188,-0.610402,0.040127486,-0.046126031,-0.119539606,-0.0554607,-0.041107467,0.034952653,1.006748493,-0.043870579,-0.02584561,-0.063101129,47737.228157462,54789.786102379,54909.582446864,50603.833399255,-0.665229342,-0.846219279,0.761821907,0.942529658,-0.607143139,0.027404887,0.064152225,0.129899521,0.003330754,-5.364237441,-5.99310983,-0.620606731,-0.046447213,0.052471026,-0.002956271,0.997535244,-0.031198616,-0.999443661,0.865478909,0.0,0.0,0.0,0.86058265,0.0,3.636950254
1772729827.303754,-0.674256,-0.841083,0.761773,-0.0291768,0.07926776,0.00044746,0.99642618,-0.058847,0.15866,-0.003781,0.815747165,-0.601193056,0.040417502,-0.073897502,-0.119480186,-0.071466268,-0.038774562,0.04063658,1.010200935,-0.056539774,-0.007329046,-0.058991392,47401.934612903,55104.123800404,55155.81364365,50175.11170556,-0.657083488,-0.852059054,0.762245382,0.948927293,-0.597876173,0.028040041,0.065789181,0.137814123,0.002042132,-5.384633789,-5.955957556,-0.647101381,-0.046615232,0.05215892,-0.003192859,0.997544388,-0.018666036,-0.999815032,0.865896909,0.0,0.0,0.0,0.86058265,0.0,3.636950254
1772729827.3137536,-0.666078,-0.847067,0.762187,-0.0295705,0.07854646,0.00041722,0.99647171,-0.059637,0.15721,-0.003861,0.822131689,-0.592312434,0.039653282,-0.061867323,-0.142612617,-0.067092275,-0.034629709,0.04340852,1.008162526,-0.059384316,-0.020101581,-0.064991056,47335.14308094,54792.668929504,55102.881462141,50619.222976501,-0.648566621,-0.857992905,0.762641842,0.955504223,-0.588244713,0.028242358,0.070081412,0.137400569,-0.001298048,-5.41213259,-5.934026995,-0.675797461,-0.046843149,0.051980516,-0.003439229,0.997541994,-0.008342437,-0.999955064,0.866241066,0.0,0.0,0.0,0.86058265,0.0,3.636950254
1772729827.3237538,-0.657786,-0.85293,0.762514,-0.03105028,0.07723121,-0.00083883,0.99652924,-0.062803,0.154488,-0.006546,0.828927442,-0.583683968,0.039765209,-0.024594418,-0.156178686,-0.048415977,-0.033474209,0.028056921,1.006905706,-0.045675162,-0.019138078,-0.063949508,47167.215352371,54791.113578573,55199.786897625,50626.229407141,-0.642306382,-0.862220098,0.762916216,0.960377802,-0.581285515,0.028207498,0.068900955,0.124081701,-0.002542465,-5.436336863,-5.911969093,-0.697396665,-0.047045695,0.0517981,-0.003625454,0.997541367,-0.001073756,-0.999986989,0.866483346,0.0,0.0,0.0,0.86058265,0.0,3.636950254
1772729827.3337538,-0.649478,-0.858713,0.762891,-0.02973694,0.07542612,0.00016819,0.99670787,-0.05997,0.150938,-0.004198,0.835928808,-0.575736077,0.04001416,0.026309847,-0.142413817,-0.005063471,-0.040020644,0.02681477,1.005125546,-0.039836937,-0.024230923,-0.059286598,46963.249957184,54827.460010276,55317.60729577,50578.298167494,-0.636177578,-0.866323732,0.763199528,0.964725321,-0.574138583,0.028149202,0.065362995,0.120028511,-0.003098086,-5.466382552,-5.879530576,-0.723537939,-0.047297922,0.051527476,-0.003853025,0.997542138,0.005218145,-0.999983175,0.866693067,0.0,0.0,0.0,0.86058265,0.0,3.636950254
1772729827.3437543,-0.641132,-0.864429,0.763394,-0.02976728,0.07664313,-0.00024088,0.99661411,-0.060111,0.153353,-0.005103,0.841478114,-0.567425308,0.041942989,0.03004852,-0.058947202,0.003485064,-0.039218431,0.030951141,1.006700524,-0.030391717,-0.026113927,-0.053016347,46909.551178451,54898.623293541,55364.08677686,50435.304040404,-0.628334498,-0.871535573,0.763609906,0.968925499,-0.563920894,0.028038276,0.061776017,0.119346672,-0.002373022,-5.496575303,-5.833467377,-0.753565458,-0.047550863,0.051139961,-0.004120209,0.997547947,0.014486308,-0.99989509,0.867002021,0.0,0.0,0.0,0.86058265,0.0,3.636950254
1772729827.3537543,-0.632596,-0.87009,0.763722,-0.02900103,0.07515764,0.00024276,0.99674982,-0.05847,0.150407,-0.00392,0.846244572,-0.558773901,0.043759482,0.008841687,0.04471427,-0.014221259,-0.03630886,0.036629684,1.009237576,-0.01991268,-0.027076313,-0.046285535,47209.738205747,54871.051900901,55216.16407781,50356.367885802,-0.619001329,-0.87756249,0.764052111,0.974935408,-0.552988729,0.027838732,0.064810654,0.12874778,-0.001395216,-5.515765414,-5.788007625,-0.772623051,-0.047713038,0.050752851,-0.00429674,0.997558806,0.026416185,-0.999643398,0.867399797,0.0,0.0,0.0,0.86058265,0.0,3.636950254
1772729827.3637547,-0.62416,-0.875619,0.764243,-0.02969514,0.07626441,-0.00040666,0.99664526,-0.059986,0.152584,-0.005403,0.851243683,-0.549767929,0.044587746,-0.029519124,0.110939895,-0.033149275,-0.044238612,0.039248607,1.000227262,-0.006779008,-0.027602032,-0.04404625,47334.544508812,54805.981111292,55103.884627937,50401.88213936,-0.611928448,-0.882049636,0.764428671,0.979626773,-0.544984974,0.027910325,0.056258112,0.138116167,-0.010929866,-5.527344365,-5.752801838,-0.786970646,-0.047810335,0.0504528,-0.004431408,0.997569105,0.034288957,-0.999411054,0.867662357,0.0,0.0,0.0,0.86058265,0.0,3.636950254
1772729827.3737547,-0.615637,-0.881088,0.764681,-0.03032009,0.07725011,-0.00055246,0.99655045,-0.061285,0.154548,-0.005855,0.856706353,-0.54009968,0.043641106,-0.07945608,0.132356409,-0.100063556,-0.039909426,0.035764207,1.00692841,-0.000179653,-0.02395505,-0.038053349,47384.048663299,54944.305901195,55017.180485401,50238.117654306,-0.604413306,-0.886734695,0.76481822,0.984647629,-0.536734919,0.0276364,0.062308447,0.131839338,-0.001968293,-5.533013182,-5.722937947,-0.800969354,-0.047855967,0.050198891,-0.004563423,0.997579144,0.043036287,-0.999067359,0.867954134,0.0,0.0,0.0,0.86058265,0.0,3.636950254
1772729827.3837547,-0.607021,-0.886417,0.765081,-0.03042128,0.07752483,-0.00109825,0.99652558,-0.061579,0.155065,-0.00699,0.862644665,-0.530782402,0.042913949,-0.064810877,0.118418035,-0.10089651,-0.038546206,0.036509914,1.010699339,0.005058923,-0.016992021,-0.037935032,47429.078019677,55242.533113923,54956.649219451,49891.90834052,-0.597930103,-0.890663167,0.765134759,0.989100205,-0.529634169,0.028100288,0.062681774,0.130331082,0.000808156,-5.533090539,-5.695563781,-0.81406708,-0.047853166,0.049966063,-0.004689009,0.997589518,0.051166406,-0.998678933,0.868225438,0.0,0.0,0.0,0.86058265,0.0,3.636950254
1772729827.3937552,-0.598397,-0.891683,0.765534,-0.03089619,0.07822215,-0.00158185,0.99645583,-0.062626,0.156429,-0.008085,0.868551469,-0.522204888,0.043503519,-0.06399251,0.145215601,-0.119035023,-0.041562758,0.040072248,1.008023999,0.008911592,-0.011123012,-0.040828763,47394.2141192,54964.83561983,54940.295215893,50198.958574877,-0.592186712,-0.894095371,0.765423682,0.992999425,-0.52340964,0.028429128,0.060296644,0.132340359,-0.000894274,-5.528931222,-5.669789545,-0.825513283,-0.047814113,0.049746293,-0.004801385,0.997602454,0.057585527,-0.998329828,0.868439727,0.0,0.0,0.0,0.86058265,0.0,3.636950254
1772729827.4037552,-0.589635,-0.896861,0.765935,-0.0309308,0.0783668,-0.00195903,0.99644272,-0.062758,0.156695,-0.008861,0.876458645,-0.512074439,0.039227485,0.005175828,0.054403357,-0.065072959,-0.041811309,0.039755744,1.006017994,0.008135351,-0.009624389,-0.039201715,47417.565997256,54762.408332294,54873.304228514,50445.967045029,-0.586716753,-0.897331596,0.765701259,0.996692886,-0.517525648,0.028680833,0.058447095,0.134981497,-0.003470397,-5.524984248,-5.65518187,-0.835363357,-0.047776715,0.049623066,-0.00489503,0.997610576,0.062869442,-0.998014751,0.868616175,0.0,0.0,0.0,0.86058265,0.0,3.636950254
1772729827.413756,-0.580854,-0.901964,0.76635,-0.03117001,0.07875759,-0.00308196,0.99640161,-0.063427,0.157405,-0.01119,0.882773841,-0.505950016,0.040728671,0.052442629,0.003940687,-0.018755357,-0.041674563,0.036643893,1.006909846,0.003872989,-0.007641113,-0.041049907,47478.258725209,54658.288911064,54776.509791693,50594.036372708,-0.580900592,-0.900690272,0.765981876,1.00063422,-0.511377499,0.02875793,0.059443361,0.13182099,-0.002400956,-5.520977661,-5.640703808,-0.845548344,-0.047738648,0.049501102,-0.00499156,0.997617737,0.070005699,-0.997534333,0.868854593,0.0,0.0,0.0,0.86058265,0.0,3.636950254
1772729827.423756,-0.571973,-0.907006,0.766786,-0.03096118,0.07887385,-0.00243895,0.99640071,-0.062906,0.157681,-0.009867,0.890352656,-0.502664232,0.04249194,0.015527085,-0.10529631,-0.035007657,-0.041053642,0.029528019,1.011942416,-0.005493606,-0.004929106,-0.04790179,47294.381114043,54736.117769701,54850.258805513,50526.882230299,-0.57438395,-0.904401745,0.766293569,1.005031875,-0.504538415,0.028941002,0.060691631,0.1236774,0.000693583,-5.516389167,-5.623933437,-0.859135184,-0.047694275,0.049360557,-0.005118914,0.99762636,0.077994472,-0.996942298,0.869121614,0.0,0.0,0.0,0.86058265,0.0,3.636950254
1772729827.4337556,-0.563079,-0.911949,0.76719,-0.03119202,0.07861236,-0.0029954,0.99641266,-0.063455,0.157119,-0.011009,0.898122282,-0.499281478,0.045283804,-0.063490669,-0.219067626,-0.087427058,-0.04991873,0.027280942,1.010555708,-0.023202403,0.001461493,-0.052010676,47400.284765269,54745.604477088,54730.181679961,50507.361699142,-0.566781566,-0.908660295,0.76665812,1.010153823,-0.496645368,0.029277142,0.049185341,0.115800352,-0.0024096,-5.514453941,-5.603398831,-0.878367788,-0.047670933,0.04918971,-0.005295863,0.997635079,0.086088716,-0.996280471,0.869392323,0.0,0.0,0.0,0.86058265,0.0,3.636950254
1772729827.443756,-0.55403,-0.916807,0.767478,-0.02983665,0.075905,-0.00197615,0.99666659,-0.060506,0.151768,-0.008567,0.903979922,-0.49400084,0.048363838,-0.168719481,-0.285563659,-0.149358561,-0.044033035,0.036589522,1.006645609,-0.042257873,-0.019576904,-0.045504283,47545.879298506,54834.771272154,54595.190591074,50367.377396307,-0.558560263,-0.913174476,0.767053659,1.015666304,-0.488225747,0.029641954,0.056075459,0.130708811,-3.1623e-05,-5.517063103,-5.586637698,-0.899931278,-0.047685878,0.04905289,-0.005489564,0.997640461,0.094644925,-0.995509735,0.869678719,0.0,0.0,0.0,0.86058265,0.0,3.636950254
1772729827.4537559,-0.544993,-0.921974,0.768274,-0.03187546,0.07553371,-0.00361293,0.99662709,-0.064864,0.1509,-0.012155,0.909142359,-0.485359865,0.049219938,-0.240178533,-0.292736688,-0.190793999,-0.037460317,0.04160673,1.001394639,-0.046120791,-0.025574293,-0.045823115,47119.594859115,55166.033044867,54863.212151651,49966.617318292,-0.551588024,-0.916937766,0.767379178,1.02026243,-0.481146675,0.029691558,0.061638674,0.137838015,-0.008259217,-5.526079364,-5.56780466,-0.91912071,-0.047757864,0.048897365,-0.005660751,0.997643543,0.103520037,-0.994623605,0.869976025,0.0,0.0,0.0,0.86058265,0.0,3.637118317
1772729827.4637563,-0.535799,-0.926747,0.768642,-0.03506571,0.07258995,-0.00583791,0.99672815,-0.071559,0.144801,-0.016906,0.912574782,-0.473849442,0.048721705,-0.275147992,-0.225719589,-0.21133447,-0.035115338,0.028376194,0.999059054,-0.07645133,-0.045450846,-0.041946031,46515.477789586,55152.323995749,55276.937215728,49994.529989373,-0.541871801,-0.922049362,0.76777092,1.026569043,-0.471580435,0.028608476,0.062363754,0.122416717,-0.011314509,-5.542524566,-5.541048111,-0.937368202,-0.047895709,0.04867287,-0.005823972,0.997647322,0.113584207,-0.993525226,0.87031351,0.0,0.0,0.0,0.86058265,0.0,3.637553518
1772729827.4737568,-0.526685,-0.931365,0.769154,-0.03586435,0.07247486,-0.00592424,0.9967076,-0.073179,0.14455,-0.017188,0.915631953,-0.460752596,0.047138662,-0.244790157,-0.113754179,-0.147056524,-0.04348608,0.019107677,0.998555654,-0.101005072,-0.06122565,-0.033471273,46888.468380454,54732.901896153,55076.352589371,50391.496754791,-0.533932569,-0.926306822,0.768274465,1.031631603,-0.464316379,0.028582522,0.053540161,0.117383452,-0.007996714,-5.569284556,-5.506127916,-0.954910069,-0.048124477,0.048377593,-0.005980257,0.997650133,0.122259611,-0.992490329,0.870604738,0.0,0.0,0.0,0.86058265,0.0,3.637988719
1772729827.4837563,-0.517561,-0.935847,0.769567,-0.03662385,0.07226451,-0.00620635,0.99669354,-0.074746,0.144095,-0.017851,0.919457151,-0.446884692,0.042833724,-0.209381811,-0.050633559,-0.104939138,-0.050462873,0.015831861,0.998414448,-0.104855527,-0.06402211,-0.026929639,46971.84300666,54811.28829686,55070.651760228,50219.759276879,-0.527184281,-0.929786983,0.768619233,1.035918198,-0.457972104,0.02831829,0.047813501,0.112990275,-0.006257549,-5.607234717,-5.465791842,-0.968119623,-0.048453075,0.048033991,-0.006096555,0.997650322,0.129357729,-0.991585323,0.870843261,0.0,0.0,0.0,0.86058265,0.0,3.638423879
1772729827.4937563,-0.508331,-0.940247,0.769948,-0.0369096,0.07230628,-0.00615052,0.99668032,-0.075315,0.144177,-0.017783,0.924295734,-0.435166169,0.039058254,-0.12448943,-0.043635611,-0.020393259,-0.04944957,0.011202516,0.998450397,-0.098379083,-0.060417655,-0.023953743,46893.386211791,54960.849205525,55116.955187455,50017.884082805,-0.524877055,-0.931249721,0.768841656,1.036154423,-0.455557547,0.028504507,0.046256392,0.109329562,-0.005996683,-5.645742188,-5.428282988,-0.974706975,-0.048789113,0.047712306,-0.006154022,0.997649106,0.135837246,-0.990723956,0.871061148,0.0,0.0,0.0,0.86058265,0.0,3.63885906
1772729827.503756,-0.499072,-0.944597,0.770388,-0.03772703,0.07224526,-0.00641045,0.9966525,-0.077,0.144021,-0.018421,0.930874023,-0.428477681,0.038949435,-0.124000185,-0.073425362,-0.0366092,-0.0474607,0.024884516,1.002025536,-0.097908831,-0.068492414,-0.022532081,46899.659143993,55043.283567957,55095.910422322,49909.513446121,-0.524979871,-0.93158838,0.768990905,1.034262162,-0.455261515,0.028920917,0.049315759,0.124049234,-0.004078647,-5.674400905,-5.398489435,-0.979398682,-0.04903949,0.047456476,-0.0061959,0.997648489,0.14182534,-0.989882978,0.871262706,0.0,0.0,0.0,0.86058265,0.0,3.63929423
1772729827.5137563,-0.489712,-0.948862,0.770781,-0.03829177,0.07175035,-0.00626124,0.99666766,-0.078103,0.14303,-0.018162,0.93839227,-0.421246439,0.037606368,-0.137613267,-0.1617558,-0.070078065,-0.045418814,0.039560471,1.005792831,-0.097764356,-0.077201099,-0.021194657,47208.129316331,54932.958041369,54897.324474465,50013.219441113,-0.52082289,-0.933643754,0.769194291,1.036728578,-0.451087606,0.028755619,0.050787608,0.136877452,-0.003520197,-5.697912466,-5.372727611,-0.983099638,-0.049245098,0.047235061,-0.00622963,0.997648647,0.144023582,-0.989574254,0.871336699,0.0,0.0,0.0,0.86058265,0.0,3.63972942
1772729827.5237563,-0.480272,-0.953013,0.771096,-0.03998011,0.06997682,-0.00741703,0.99671953,-0.081617,0.139352,-0.020582,0.94369379,-0.41392996,0.038929757,-0.105484246,-0.172650929,-0.056150385,-0.046208678,0.038507246,1.001263745,-0.08560665,-0.065286615,-0.015333452,47509.895032095,54856.581800529,54702.484923674,50072.090727655,-0.516666009,-0.935699079,0.769397673,1.039194936,-0.446913796,0.028590325,0.044951592,0.140995997,-0.009220201,-5.732685843,-5.332247875,-0.987267204,-0.049549981,0.046886344,-0.006269386,0.997649265,0.144023582,-0.989574254,0.871336699,0.0,0.0,0.0,0.86058265,0.0,3.640164601
1772729827.5337565,-0.470855,-0.957119,0.771542,-0.03942007,0.0698954,-0.00669017,0.99675269,-0.080383,0.139259,-0.019033,0.947830682,-0.406002097,0.04013141,-0.047795883,-0.131731635,-0.024912494,-0.040609893,0.0386179,1.006361703,-0.061695836,-0.063639227,-0.011950115,47746.672398883,55119.684036271,54526.904010081,49698.53808712,-0.506499448,-0.940565613,0.769855023,1.045155095,-0.436546324,0.028545349,0.053294151,0.136318768,-0.004787751,-5.779356733,-5.274179439,-0.99098654,-0.049960325,0.046384982,-0.006308367,0.997652182,0.163397539,-0.986554906,0.871990284,0.0,0.0,0.0,0.86058265,0.0,3.640599792
1772729827.5437565,-0.461282,-0.961123,0.771868,-0.04030926,0.0682438,-0.00772528,0.99682409,-0.082267,0.135849,-0.021099,0.951105278,-0.39853923,0.042064298,-0.020827609,-0.009304711,0.006648203,-0.042005342,0.043128924,1.006688555,-0.023746114,-0.040726934,-0.019921122,47757.773606501,54889.075540803,54452.809202243,50043.6504521,-0.496862544,-0.945062193,0.770295389,1.050602048,-0.426751332,0.028113318,0.052239837,0.143412767,-0.004944673,-5.813259744,-5.215087223,-0.993398521,-0.050260164,0.04587346,-0.00634195,0.997659713,0.163934037,-0.986471295,0.872008383,0.0,0.0,0.0,0.86058265,0.0,3.641034972
1772729827.5537562,-0.451807,-0.965088,0.772372,-0.03944126,0.06864796,-0.00683596,0.99683756,-0.080408,0.136748,-0.019224,0.954773541,-0.387383373,0.040651457,0.057856526,-0.020345815,0.016048727,-0.042147617,0.029736895,1.002617414,-0.026870772,-0.04361022,-0.028489128,47217.221154926,55105.618863049,54764.099314684,49811.646331873,-0.485476259,-0.950203434,0.770776704,1.057045914,-0.415125926,0.02843258,0.051104557,0.134176477,-0.003381523,-5.827260545,-5.16034463,-1.000772239,-0.050384374,0.045400892,-0.00642497,0.997674316,0.18358317,-0.983004153,0.872673512,0.0,0.0,0.0,0.86058265,0.0,3.641470142
1772729827.5637567,-0.442261,-0.968925,0.772794,-0.03925355,0.06941951,-0.00670904,0.99679239,-0.080036,0.138308,-0.019008,0.958867659,-0.376764384,0.03850332,0.124374552,-0.088973166,0.020351229,-0.047451542,0.032589134,1.005595716,-0.037721828,-0.046319477,-0.026477284,47356.303163558,55175.590171064,54628.814197352,49759.612013144,-0.476316487,-0.954219567,0.77114061,1.06209118,-0.405850071,0.028207857,0.043714691,0.132144146,-0.003311936,-5.835983794,-5.120202817,-1.010090676,-0.050460515,0.045056007,-0.006520604,0.997685692,0.188068864,-0.982096922,0.872826061,0.0,0.0,0.0,0.86058265,0.0,3.641905343
1772729827.5737567,-0.432626,-0.972658,0.773167,-0.03890513,0.06954902,-0.00668367,0.9967972,-0.079334,0.138576,-0.018919,0.963721335,-0.36757098,0.037368081,0.100078261,-0.142969515,-0.011315053,-0.04683064,0.034815932,1.004511994,-0.050244572,-0.060749619,-0.026403512,47130.729007478,55042.517182201,54786.51505741,49915.290115638,-0.469904217,-0.956992629,0.771414726,1.065538442,-0.399413373,0.028088117,0.036763779,0.12307259,-0.002775496,-5.850105296,-5.070222035,-1.022029167,-0.050583639,0.044626939,-0.006641404,0.997696365,0.201103605,-0.97946065,0.873269347,0.0,0.0,0.0,0.86058265,0.0,3.642228842
1772729827.5837562,-0.422982,-0.976289,0.773531,-0.03922568,0.06896195,-0.00712767,0.99682235,-0.080023,0.137358,-0.019808,0.969516523,-0.359648381,0.03612754,0.091445451,-0.203806354,-0.002320448,-0.043245049,0.036406982,1.001390758,-0.06368622,-0.081040469,-0.027404638,47169.315672196,54878.24610052,54743.976231741,50098.171824709,-0.458312495,-0.961842148,0.771871432,1.071752598,-0.387868229,0.028093058,0.044724601,0.133991546,-0.006189692,-5.869951931,-5.009326512,-1.031601647,-0.050758673,0.044102156,-0.006744419,0.997711487,0.213761762,-0.976881489,0.873699959,0.0,0.0,0.0,0.86058265,0.0,3.642228842
1772729827.593756,-0.413214,-0.979656,0.773707,-0.03651904,0.06377692,-0.00728182,0.99726919,-0.074435,0.127015,-0.019339,0.975382379,-0.352264264,0.035021634,0.015603441,-0.24502212,-0.019420278,-0.044771367,0.029199095,0.999878235,-0.090054664,-0.096651352,-0.030090738,46621.911452042,54857.700531529,55044.498067166,50216.127687847,-0.448249893,-0.965969371,0.772328125,1.076824075,-0.377995166,0.027745069,0.045781099,0.124620662,-0.00882243,-5.902012365,-4.940272483,-1.04085606,-0.051041061,0.04350696,-0.006843898,0.997722803,0.22318187,-0.974773985,0.874021733,0.0,0.0,0.0,0.86058265,0.0,3.642228842
1772729827.603756,-0.403484,-0.983328,0.774236,-0.03777815,0.06493114,-0.00698465,0.99714992,-0.076966,0.129325,-0.018995,0.979698759,-0.345503593,0.036490711,-0.04798253,-0.203562088,1.7788e-05,-0.047971236,0.019110512,0.998892345,-0.120655481,-0.110730366,-0.033328505,46232.198054382,54896.492713076,55316.119809095,50197.315705744,-0.438010663,-0.970040965,0.772773978,1.081805784,-0.367980918,0.026993224,0.045384742,0.111506591,-0.011240775,-5.940223393,-4.876112496,-1.052138467,-0.051375848,0.042955702,-0.006956847,0.997729321,0.232394606,-0.97262156,0.874337137,0.0,0.0,0.0,0.86058265,0.0,3.642228842
1772729827.6137564,-0.393643,-0.986781,0.774663,-0.03935219,0.06566377,-0.0070341,0.99704072,-0.080165,0.130758,-0.019361,0.983257639,-0.338439736,0.037667344,-0.134630124,-0.09936341,0.005383048,-0.06098705,0.024670461,1.00438655,-0.136218731,-0.118598367,-0.022404722,46352.070468006,54769.710509813,55309.919382186,50316.373382882,-0.430418666,-0.972978887,0.773083311,1.085421565,-0.360563984,0.026186322,0.023116748,0.124649962,-0.007443523,-5.989895403,-4.808098436,-1.062439981,-0.051811265,0.042371214,-0.007059178,0.997731664,0.232394606,-0.97262156,0.874337137,0.0,0.0,0.0,0.86058265,0.0,3.642228842
1772729827.623756,-0.383754,-0.990075,0.774907,-0.03890923,0.06366219,-0.00651389,0.99719144,-0.079147,0.126799,-0.018092,0.986780176,-0.330185241,0.038152057,-0.208438062,0.016140216,0.002022856,-0.061456458,0.030926434,1.005408161,-0.140474075,-0.116298153,-0.013917314,47046.682167602,54501.294251542,54953.776610826,50547.105724497,-0.421265041,-0.976415729,0.773432825,1.089660903,-0.351521322,0.025480644,0.025352653,0.129283611,-0.000279265,-6.05608778,-4.739202587,-1.069322725,-0.052391946,0.041778591,-0.00712658,0.997726958,0.239842037,-0.970801342,0.874592693,0.0,0.0,0.0,0.86058265,0.0,3.642228842
1772729827.6337566,-0.373933,-0.993299,0.775334,-0.04074647,0.06439054,-0.00685335,0.99706901,-0.082911,0.128196,-0.019072,0.98993756,-0.320057162,0.037452833,-0.248199898,0.061934513,-0.012534401,-0.053202147,0.034240493,1.002689207,-0.141922312,-0.109925404,-0.0097161,46827.347268256,54660.266438576,55119.754517267,50359.365337325,-0.412913118,-0.979378117,0.773665107,1.093476832,-0.342969694,0.025131264,0.029583664,0.132245314,0.003158207,-6.125749884,-4.670364025,-1.070394053,-0.05300498,0.041184073,-0.007142801,0.997717266,0.249425901,-0.968384948,0.874922133,0.0,0.0,0.0,0.86058265,0.0,3.642228842
1772729827.6437566,-0.363989,-0.996452,0.775712,-0.04137231,0.06440213,-0.00686283,0.99704243,-0.084173,0.128206,-0.019173,0.993770742,-0.308574265,0.035496285,-0.192233669,-0.011128825,-0.011520807,-0.048471568,0.032374485,1.007520659,-0.131042539,-0.091645282,-0.005669148,46962.142593455,54770.144956787,55025.425158274,50115.882092153,-0.402610769,-0.983086869,0.774079408,1.09803552,-0.332789824,0.025825424,0.029979407,0.136215373,0.002192614,-6.188530246,-4.582125436,-1.065912006,-0.053562023,0.040417657,-0.007123024,0.997720524,0.258511412,-0.965996875,0.875235286,0.0,0.0,0.0,0.86058265,0.0,3.642228842
1772729827.6537564,-0.354052,-0.999524,0.776063,-0.04281941,0.0649438,-0.00694247,0.99694564,-0.087115,0.129256,-0.019569,0.997083837,-0.300467536,0.036398675,-0.157370834,-0.008655166,-0.004942532,-0.046233416,0.025733862,1.009082306,-0.110939849,-0.08355492,-0.001534992,47135.064983008,54961.155462402,54911.831789405,49825.748710518,-0.39525993,-0.985662806,0.774391916,1.101203407,-0.325592731,0.025960854,0.031279926,0.138272783,-0.000182674,-6.241319765,-4.523937489,-1.063132082,-0.054028426,0.039913021,-0.007107939,0.997715945,0.27256446,-0.962087353,0.875721507,0.0,0.0,0.0,0.86058265,0.0,3.642228842
1772729827.6637566,-0.344043,-1.002465,0.776426,-0.04355296,0.06499691,-0.00686452,0.99691094,-0.088584,0.129355,-0.019512,1.000684152,-0.291343499,0.036294965,-0.122312257,-0.020586221,-0.012893743,-0.044732132,0.021527563,1.001221214,-0.083968191,-0.095713361,0.001117218,47841.762873828,55208.585442105,54385.276529228,49464.888279361,-0.386010744,-0.988808323,0.774726546,1.105131973,-0.316409354,0.02627966,0.033354004,0.138695256,-0.00376324,-6.304056322,-4.456237589,-1.056963033,-0.054583504,0.039324561,-0.007065064,0.997709576,0.286336655,-0.958023495,0.876200199,0.0,0.0,0.0,0.86058265,0.0,3.642228842
1772729827.6737564,-0.334016,-1.005319,0.776772,-0.04390732,0.06408607,-0.00669923,0.99695549,-0.089248,0.127539,-0.019142,1.004511117,-0.281625443,0.035149839,-0.065869762,-0.05330033,-0.022873142,-0.042523593,0.026374342,1.000488861,-0.054880459,-0.090120487,0.001226961,47557.69008353,55194.971674877,54611.616887985,49457.414114371,-0.375138748,-0.992388807,0.775128173,1.109478309,-0.305530488,0.026187768,0.035427983,0.13911771,-0.007343635,-6.349025788,-4.387806328,-1.049736314,-0.054984237,0.038728085,-0.007019951,0.99771547,0.29720477,-0.954607898,0.876579964,0.0,0.0,0.0,0.86058265,0.0,3.642045986
1772729827.6837564,-0.32395,-1.008111,0.777133,-0.04368457,0.06350402,-0.00661677,0.99700307,-0.088771,0.126385,-0.018894,1.008142065,-0.272423376,0.034362407,-0.048222667,-0.078076045,-0.041883299,-0.042194415,0.031144769,0.999800784,-0.039650112,-0.090378914,-0.00095716,47375.778378668,54975.442426108,54734.57572553,49772.952318484,-0.363718179,-0.996023458,0.775563517,1.113872865,-0.294124794,0.025837193,0.030441517,0.128938868,-0.010463954,-6.358712123,-4.319098902,-1.042999567,-0.055077563,0.038127247,-0.006991458,0.99772568,0.308073143,-0.951192219,0.876959738,0.0,0.0,0.0,0.86058265,0.0,3.641418211
1772729827.6937563,-0.313865,-1.010782,0.777461,-0.04370155,0.06324441,-0.00711949,0.99701536,-0.088861,0.125821,-0.019883,1.013082085,-0.263532982,0.031698068,0.012984771,-0.163195256,-0.021562502,-0.043922903,0.035831475,0.999161201,-0.039592223,-0.097043758,-0.005652713,47281.74317161,54901.569700158,54782.337838385,49945.272973739,-0.350522966,-1.000042742,0.776041702,1.118699658,-0.281041509,0.024935805,0.033921912,0.135029198,-0.00807364,-6.378399049,-4.238743379,-1.036484346,-0.055258931,0.037425686,-0.006967408,0.997747467,0.318917493,-0.947782087,0.877338694,0.0,0.0,0.0,0.86058265,0.0,3.640790437
1772729827.7037563,-0.303741,-1.013359,0.777795,-0.04446574,0.0630201,-0.00747988,0.99699314,-0.090438,0.125324,-0.020683,1.016458584,-0.254909975,0.030503934,0.035431471,-0.223089508,-0.012694327,-0.045589813,0.026037678,1.001447044,-0.047902584,-0.108464821,-0.015860987,47379.764348786,55166.759381898,54661.695443078,49786.120782088,-0.333210353,-1.005056804,0.776651914,1.124793531,-0.263885404,0.023595001,0.024209333,0.134589127,-0.004960381,-6.398426061,-4.124608675,-1.030643696,-0.055446142,0.036430328,-0.006965935,0.997769865,0.327077159,-0.944991726,0.877626176,0.0,0.0,0.0,0.86058265,0.0,3.640162662
1772729827.7137563,-0.293526,-1.015874,0.778119,-0.04444175,0.06238622,-0.00745626,0.99703425,-0.090367,0.124058,-0.020573,1.019599418,-0.246154547,0.030693872,0.026872709,-0.250665095,0.012695881,-0.055225008,0.013698736,1.00352973,-0.085755624,-0.089486256,-0.01981755,47050.074269053,54827.501984288,54850.344537135,50262.660403337,-0.319612546,-1.008736757,0.777117905,1.129245179,-0.250480332,0.023014839,0.012085444,0.131601213,-0.002628201,-6.434885558,-4.003460848,-1.031457735,-0.055774984,0.035378129,-0.007021035,0.997795753,0.344562256,-0.938646544,0.87824622,0.0,0.0,0.0,0.86058265,0.0,3.639534887
1772729827.7237568,-0.283284,-1.0183,0.77834,-0.04383411,0.05953202,-0.00685774,0.99723993,-0.088982,0.118411,-0.019031,1.021834541,-0.237096127,0.031981946,-0.020306381,-0.231985666,0.022781655,-0.062291053,0.012575506,1.003435087,-0.120626841,-0.071006876,-0.017144507,46948.8807511,55146.618946038,54990.138921809,49796.577967396,-0.30724415,-1.011991571,0.777534825,1.133180485,-0.238267233,0.022632245,0.005328565,0.126059432,-0.004040637,-6.489436425,-3.890985712,-1.041506718,-0.056257682,0.034407076,-0.0071475,0.997797672,0.360340245,-0.932807927,0.878807046,0.0,0.0,0.0,0.86058265,0.0,3.638907083
1772729827.733757,-0.273051,-1.020612,0.778634,-0.04296538,0.05774541,-0.00617841,0.99738722,-0.087104,0.114911,-0.017402,1.023897732,-0.227762805,0.032911045,-0.08888177,-0.155340624,0.035528486,-0.045345426,0.018384388,1.002119136,-0.115773511,-0.115992252,-0.011530554,47054.984218339,55214.201984427,55008.080028126,49628.474074846,-0.296249423,-1.014728881,0.777892981,1.136533915,-0.227408035,0.022499189,0.018922012,0.134081233,-0.001088496,-6.551805035,-3.824653401,-1.045369944,-0.056805959,0.033835321,-0.007195627,0.997786204,0.365801215,-0.93069303,0.879002273,0.0,0.0,0.0,0.86058265,0.0,3.638279293
1772729827.7437575,-0.262879,-1.022852,0.779098,-0.04457548,0.05837917,-0.00691994,0.99727479,-0.090447,0.116084,-0.019137,1.026013275,-0.217888825,0.033846283,-0.177666062,-0.034121034,0.012279255,-0.043853357,0.008608307,0.999755283,-0.119034985,-0.116860256,-0.006358674,46995.332673081,54697.38483305,55073.118090926,50301.743067346,-0.285675925,-1.017256609,0.778196381,1.139669721,-0.216999321,0.022206237,0.022982222,0.123398041,-0.007081662,-6.602406827,-3.751219282,-1.041986889,-0.057254591,0.033197422,-0.00718832,0.997780977,0.37569402,-0.92669008,0.879358012,0.0,0.0,0.0,0.86058265,0.0,3.637651489
1772729827.753758,-0.252573,-1.024988,0.779422,-0.04595288,0.05886486,-0.00638342,0.9971873,-0.09317,0.117079,-0.018267,1.02883682,-0.207821721,0.034184454,-0.255911328,0.073141641,-0.012537851,-0.051796134,0.011978128,1.001514358,-0.136221693,-0.096276894,0.000286571,47323.440760069,54738.788565376,54909.51291756,50231.008254321,-0.275416635,-1.019606421,0.778474556,1.142510096,-0.20692091,0.021452443,0.024424435,0.123221099,-0.005822378,-6.675957625,-3.681659663,-1.038576416,-0.057902634,0.032594668,-0.007172803,0.997775098,0.389326894,-0.921086145,0.879849358,0.0,0.0,0.0,0.86058265,0.0,3.637023684
1772729827.7637584,-0.242277,-1.026998,0.779745,-0.04748808,0.05954489,-0.00679925,0.99707224,-0.09633,0.118372,-0.019351,1.031989018,-0.197828646,0.033704422,-0.276641649,0.129131393,-0.023295657,-0.05084404,0.018245784,1.005446537,-0.13341138,-0.069756118,0.000893722,47810.543286744,54995.614591676,54647.810447723,49875.027876095,-0.260014409,-1.022734713,0.778960806,1.146257778,-0.191396048,0.021300101,0.018683216,0.146977278,-0.006117573,-6.752343381,-3.579304551,-1.026106709,-0.058580906,0.03170189,-0.007095385,0.997756166,0.393564165,-0.919297159,0.880002677,0.0,0.0,0.0,0.86058265,0.0,3.636950254
1772729827.7737584,-0.231918,-1.028926,0.780014,-0.04859587,0.05982999,-0.00629845,0.99700509,-0.098509,0.11897,-0.018506,1.035231951,-0.187861815,0.031732742,-0.228925181,0.073742434,-0.021375549,-0.052210921,0.051774542,1.009205461,-0.102596534,-0.076141584,0.007755672,47765.652682982,55104.625438365,54726.784890079,49685.186696331,-0.241872714,-1.026299156,0.779556076,1.150536974,-0.172970196,0.021557288,0.013371047,0.165537434,-0.004641737,-6.839063128,-3.474688559,-1.00646914,-0.059350919,0.030786165,-0.006955507,0.997731238,0.415032709,-0.909794046,0.880785295,0.0,0.0,0.0,0.86058265,0.0,3.636950254
1772729827.7837584,-0.221549,-1.030767,0.780378,-0.04959221,0.06006736,-0.00692098,0.99693762,-0.100596,0.119364,-0.0199,1.037093608,-0.178008523,0.030707217,-0.15303173,-0.003933441,-0.022775198,-0.052641323,0.029072567,1.011491515,-0.066294717,-0.115838672,0.009987945,47845.236342004,55333.916845689,54723.76104703,49216.888389464,-0.223731019,-1.029863598,0.780151347,1.15481617,-0.154544345,0.021814476,0.010575959,0.136220096,0.002461522,-6.91316497,-3.364287091,-0.984065431,-0.060012076,0.029817705,-0.006798945,0.9977094,0.429107069,-0.903148912,0.881304137,0.0,0.0,0.0,0.86058265,0.0,3.636950254
1772729827.793758,-0.211169,-1.032499,0.780678,-0.05000569,0.05971139,-0.00669395,0.9969399,-0.10139,0.118666,-0.019457,1.038237121,-0.168772034,0.031507412,-0.11722893,-0.039032063,-0.045520586,-0.049858417,0.018647153,1.010146495,-0.045993695,-0.128881126,0.005955633,47837.712124352,55264.541181347,54617.583502591,49365.96746114,-0.21034413,-1.032189353,0.780570917,1.157756763,-0.140784841,0.02227461,0.00936611,0.141747965,0.003948849,-6.965535746,-3.26379164,-0.964405405,-0.060482239,0.028935574,-0.006667052,0.997724825,0.444677087,-0.895637348,0.881880402,0.0,0.0,0.0,0.86058265,0.0,3.636950254
1772729827.8037584,-0.200809,-1.034128,0.781003,-0.05052531,0.05964523,-0.0068586,0.99691655,-0.102454,0.118507,-0.019843,1.048695911,-0.16099252,0.029755079,-0.08178752,-0.058109759,-0.024041303,-0.047543531,0.018263941,1.007957034,-0.039322043,-0.128096942,0.001113312,47720.353056995,55575.760041451,54583.679772021,49035.623419689,-0.207971743,-1.032563538,0.780645061,1.158231256,-0.138325307,0.022412348,0.009802558,0.142421064,0.002880698,-6.976608204,-3.197833761,-0.952821971,-0.060587351,0.02835583,-0.006598522,0.997736849,0.449275599,-0.893386192,0.882051077,0.0,0.0,0.0,0.86058265,0.0,3.636950254
1772729827.813758,-0.190376,-1.035674,0.7813,-0.05079211,0.05865162,-0.00718339,0.99695965,-0.102997,0.11648,-0.020421,1.044747286,-0.150379883,0.031340881,-0.061093382,-0.098707026,-0.027683183,-0.047925841,0.019731815,1.007404485,-0.035619955,-0.131488975,-0.000240086,47734.739808461,55503.579275676,54570.03041867,49127.930759916,-0.205867239,-1.032892656,0.780710964,1.158647432,-0.136141879,0.022540173,0.009584095,0.143536114,0.00146241,-6.97840113,-3.183502339,-0.951044313,-0.060604638,0.028230212,-0.006590247,0.997739375,0.450937962,-0.89254281,0.882113208,0.0,0.0,0.0,0.86058265,0.0,3.636950254
1772729827.8237576,-0.179965,-1.037132,0.781616,-0.05127254,0.05825581,-0.00741361,0.99695658,-0.103977,0.115654,-0.020897,1.030835579,-0.137034901,0.03402983,-0.015254511,-0.189545013,-0.050002016,-0.048308161,0.021199723,1.006851922,-0.03191778,-0.134881089,-0.001593516,47751.822558984,55423.551975929,54556.795134481,49228.88827652,-0.203762684,-1.033221782,0.780776869,1.159063617,-0.133958399,0.022668001,0.009365628,0.144651191,4.4088e-05,-6.980194099,-3.169170576,-0.949266612,-0.060621926,0.028104591,-0.006581972,0.997741901,0.452600364,-0.891699408,0.882175341,0.0,0.0,0.0,0.86058265,0.0,3.636950254
1772729827.8337576,-0.169464,-1.03849,0.781927,-0.05138369,0.05763983,-0.00742783,0.99698656,-0.104182,0.114418,-0.020872,1.015303999,-0.122706294,0.036217245,0.050565762,-0.354676338,-0.115982597,-0.048690489,0.022667667,1.006299346,-0.028215516,-0.138273284,-0.002946979,47768.905716802,55343.522768136,54543.55953473,49329.848200198,-0.20165808,-1.033550915,0.780842775,1.159479812,-0.131774867,0.022795832,0.009147155,0.145766294,-0.001374267,-6.98198711,-3.154838471,-0.947488868,-0.060639214,0.027978967,-0.006573697,0.997744427,0.454262806,-0.890855985,0.882237475,0.0,0.0,0.0,0.86058265,0.0,3.636950254
1772729827.8437572,-0.158978,-1.039724,0.782237,-0.05092876,0.05596716,-0.00732948,0.99710592,-0.103201,0.111092,-0.020445,1.005616188,-0.110088955,0.037866742,0.102671394,-0.509841965,-0.17013085,-0.049072799,0.02413554,1.005746797,-0.024513428,-0.141665318,-0.004300377,47785.98806003,55263.497376436,54530.324566103,49430.803309727,-0.199502455,-1.033886755,0.780910098,1.159904155,-0.12954,0.022919443,0.008928693,0.146881345,-0.002792555,-6.983780035,-3.140507049,-0.945711209,-0.060656501,0.027853349,-0.006565422,0.997746953,0.455925168,-0.890012603,0.882299606,0.0,0.0,0.0,0.86058265,0.0,3.636950254
1772729827.8537579,-0.149906,-1.040598,0.78284,-0.0507082,0.0524176,-0.0088287,0.99729791,-0.102802,0.103843,-0.023052,1.006034293,-0.100552155,0.038466121,0.105883994,-0.591569356,-0.194434385,-0.049455155,0.025603589,1.005194182,-0.020810899,-0.145057755,-0.005653937,47803.072439731,55183.462444502,54517.088019668,49531.770454629,-0.196129638,-1.034382673,0.781011211,1.160522991,-0.126080359,0.022942735,0.008839648,0.147063777,-0.004052296,-6.985573175,-3.126173919,-0.943933339,-0.06067379,0.027727716,-0.006557146,0.997749479,0.458213959,-0.888834897,0.88238541,0.0,0.0,0.0,0.86058265,0.0,3.636950254
1772729827.8637583,-0.139733,-1.041524,0.783132,-0.04954851,0.04869008,-0.01015078,0.99753255,-0.100475,0.096283,-0.025196,1.017358022,-0.093656325,0.036721033,0.065341322,-0.5819082,-0.181193852,-0.047915442,0.023386052,1.003734276,-0.020076845,-0.144263611,-0.006295904,47820.156412138,55103.429420614,54503.851788794,49632.735192456,-0.192756901,-1.034878578,0.781112322,1.161141811,-0.122620799,0.022966026,0.009324923,0.143107745,-0.004607811,-6.987366271,-3.11184113,-0.94215551,-0.060691079,0.027602086,-0.00654887,0.997752005,0.461406847,-0.887174665,0.882505378,0.0,0.0,0.0,0.86058265,0.0,3.636950254
1772729827.8737583,-0.12922,-1.042476,0.783395,-0.04938297,0.04500371,-0.01091285,0.99770582,-0.100083,0.08884,-0.026327,1.03547049,-0.08808973,0.034078607,-0.030093993,-0.445050109,-0.131508395,-0.04538678,0.019272172,1.001807574,-0.020870248,-0.141315283,-0.006571699,47768.166881277,55100.614473345,54569.172289467,49603.633788308,-0.189384325,-1.03537446,0.781213428,1.161760603,-0.119161405,0.022989316,0.009810176,0.139151901,-0.0051633,-6.989178529,-3.085359092,-0.939851633,-0.060709675,0.027370392,-0.006542511,0.997756785,0.464599582,-0.885514513,0.882625341,0.0,0.0,0.0,0.86058265,0.0,3.636950254
1772729827.8837588,-0.118595,-1.043417,0.783796,-0.05030056,0.0444047,-0.01096225,0.99768628,-0.101908,0.087613,-0.026445,1.055564371,-0.082000467,0.030545095,-0.130195177,-0.269452781,-0.054108755,-0.042857997,0.015158096,0.99988078,-0.021663689,-0.138366815,-0.006847506,47642.035138083,55180.677947615,54718.814735423,49434.928610383,-0.185635237,-1.035894546,0.781326305,1.162371092,-0.115342846,0.022903657,0.010295451,0.135195868,-0.005718816,-6.990995006,-3.056266003,-0.937434632,-0.060728553,0.027115904,-0.006536563,0.997762689,0.467938742,-0.883750343,0.882751227,0.0,0.0,0.0,0.86058265,0.0,3.636950254
1772729827.893759,-0.10796,-1.044217,0.784075,-0.05138383,0.0438171,-0.01048166,0.99766222,-0.104021,0.08646,-0.025515,1.068663801,-0.074236998,0.028230097,-0.216587299,-0.08853154,0.015794204,-0.040329275,0.011044118,0.997954032,-0.022457111,-0.135418417,-0.007123307,47515.906401963,55260.739513111,54868.453613792,49266.227454515,-0.18186698,-1.036415856,0.781439781,1.162981141,-0.111506008,0.022812425,0.010448124,0.133435581,-0.006054559,-6.99281144,-3.027173607,-0.935017689,-0.06074743,0.026861422,-0.006530615,0.997768593,0.471360353,-0.881927572,0.882880449,0.0,0.0,0.0,0.86058265,0.0,3.636950254
1772729827.9037588,-0.097383,-1.04485,0.784332,-0.05240599,0.04372696,-0.01047146,0.99761311,-0.10607,0.086255,-0.025574,1.060096951,-0.060315481,0.027978951,-0.265592951,-0.006602955,0.035567428,-0.05031887,0.036519394,1.007118869,-0.036967909,-0.157561879,0.010207625,47444.061672363,55319.506415644,54962.231374087,49161.604097794,-0.177221031,-1.037043309,0.78157895,1.163721563,-0.106792741,0.022654524,0.005702941,0.164009263,-0.003154031,-6.998149727,-2.966830722,-0.928929651,-0.060800426,0.026333089,-0.006508603,0.997777622,0.475007535,-0.879979063,0.883018278,0.0,0.0,0.0,0.86058265,0.0,3.636950254
1772729827.9137592,-0.086838,-1.045367,0.784631,-0.05386629,0.04382669,-0.0104347,0.99753133,-0.109003,0.08642,-0.025638,1.055127754,-0.046194236,0.025418808,-0.214107525,-0.026491251,0.020368538,-0.053303656,0.023314994,1.002754579,-0.058741438,-0.163853699,0.012325185,47472.875917637,55331.000716204,54952.936257833,49185.437063563,-0.168714254,-1.038137685,0.781831141,1.165035492,-0.098224187,0.022203416,-0.001045289,0.149090438,-0.007330634,-7.007275008,-2.87915354,-0.91610788,-0.060890102,0.025563377,-0.006441768,0.997791167,0.482197001,-0.876056099,0.883291257,0.0,0.0,0.0,0.86058265,0.0,3.636950254
1772729827.9237595,-0.076264,-1.045781,0.784859,-0.0546914,0.04298406,-0.01024687,0.99752505,-0.110614,0.084736,-0.025238,1.053153394,-0.033860813,0.02263252,-0.172353207,-0.119200108,-0.007906591,-0.056385437,0.011148865,0.998354418,-0.089488918,-0.165411008,0.013449003,47316.25260187,55219.390897866,55116.343799612,49277.34309402,-0.157836343,-1.039425729,0.782151326,1.166556221,-0.087208594,0.022076212,-0.003336032,0.135309358,-0.006960268,-7.025167888,-2.772348569,-0.897336355,-0.061058763,0.024624398,-0.006331635,0.997807581,0.483383447,-0.875408709,0.883336306,0.0,0.0,0.0,0.86058265,0.0,3.636950254
1772729827.93376,-0.065715,-1.046106,0.785114,-0.05582994,0.04336419,-0.01027374,0.99744524,-0.112917,0.085464,-0.025433,1.054718547,-0.025266302,0.023377819,-0.165047029,-0.12723375,-0.009623735,-0.060445076,0.005486928,0.997640675,-0.135421523,-0.172035529,0.016659109,46789.469349935,54921.184884899,55514.030403938,49590.846995801,-0.147315928,-1.040493593,0.782638859,1.165098862,-0.075313244,0.022146658,-0.013709624,0.128197793,-0.007739722,-7.066429763,-2.637357339,-0.874868692,-0.061433562,0.023439221,-0.006199967,0.997815669,0.500056402,-0.865982803,0.883974795,0.0,0.0,0.0,0.86058265,0.0,3.636950254
1772729827.9437606,-0.055312,-1.046193,0.785285,-0.05610377,0.04164884,-0.01018687,0.99750387,-0.113399,0.082039,-0.025083,1.055279581,-0.015348383,0.022632306,-0.100957142,-0.163060376,-0.025250079,-0.0589718,0.015174553,0.992577184,-0.174082063,-0.144051318,0.019903006,46759.51431419,54830.787641338,55575.515310857,49730.474000756,-0.134637696,-1.041629508,0.783089244,1.164211362,-0.061532229,0.021336098,-0.013879522,0.129960872,-0.010220032,-7.163664532,-2.494505071,-0.845805522,-0.062297122,0.02218485,-0.006005056,0.997803889,0.509509385,-0.860465109,0.884339631,0.0,0.0,0.0,0.86058265,0.0,3.636950254
1772729827.9537609,-0.044655,-1.046359,0.785528,-0.05577163,0.04040498,-0.01055571,0.99756982,-0.112719,0.07952,-0.025651,1.057379991,-0.006357524,0.022971312,-0.057950933,-0.175557373,-0.043440866,-0.056856234,0.023485756,0.988528208,-0.194452809,-0.111601923,0.018642605,46981.852315816,54953.55964385,55472.699800579,49633.664297952,-0.121304238,-1.042748591,0.783518501,1.164321593,-0.047808453,0.020129933,-0.01181892,0.132987069,-0.012849954,-7.252745741,-2.359365015,-0.822262402,-0.063087367,0.020999909,-0.005857508,0.997772873,0.517072046,-0.855884603,0.884634364,0.0,0.0,0.0,0.86058265,0.0,3.636950254
1772729827.9637606,-0.034029,-1.046411,0.785763,-0.05753771,0.03978531,-0.0105264,0.99749473,-0.116241,0.07824,-0.02566,1.057305612,0.003882463,0.024182346,-0.035310275,-0.147835015,-0.067395842,-0.05750249,0.016789919,0.991072477,-0.181221868,-0.09801607,0.006904227,47080.145288934,55128.053072155,55422.022667319,49486.842603655,-0.112563459,-1.043396101,0.78378482,1.164670993,-0.03896935,0.019171047,-0.011362109,0.136237383,-0.014224742,-7.346060411,-2.305475605,-0.806495552,-0.063906642,0.020526673,-0.005733362,0.997741217,0.526559293,-0.850138426,0.885004103,0.0,0.0,0.0,0.86058265,0.0,3.636950254
1772729827.9737606,-0.023425,-1.046379,0.78609,-0.05750872,0.04057297,-0.01049937,0.99746496,-0.116208,0.079817,-0.025697,1.058105147,0.013648517,0.024908571,0.011972413,-0.148237041,-0.064536592,-0.05839085,0.011844514,0.995219619,-0.167655151,-0.095212772,-0.000938725,47124.537601129,55227.599469198,55401.171732803,49438.75093211,-0.105430688,-1.043878649,0.783982936,1.164999246,-0.031744721,0.0182811,-0.017462637,0.140404753,-0.01046794,-7.447602528,-2.201154794,-0.79288335,-0.06480062,0.019615821,-0.005655845,0.99771416,0.531486573,-0.847018019,0.88519851,0.0,0.0,0.0,0.86058265,0.0,3.636950254
1772729827.983761,-0.012993,-1.046038,0.786221,-0.05571879,0.03797066,-0.01162072,0.99765656,-0.112609,0.074537,-0.027498,1.05616983,0.025136232,0.025215156,0.061722188,-0.125405683,-0.075098263,-0.05966943,0.009720337,1.001950245,-0.153547116,-0.10978833,-0.002503265,47168.932030116,55327.150612988,55380.319804036,49390.656967374,-0.098297577,-1.044361219,0.784181062,1.165327515,-0.024519747,0.017391111,-0.023563456,0.144572322,-0.006710959,-7.504329002,-2.14532905,-0.78775417,-0.065299275,0.019129653,-0.005633801,0.997689263,0.540055179,-0.841591591,0.885536586,0.0,0.0,0.0,0.86058265,0.0,3.636950254
1772729827.9937613,-0.002298,-1.045848,0.786554,-0.05693116,0.03811196,-0.01145415,0.99758465,-0.115035,0.074805,-0.027272,1.055485097,0.035341778,0.026138972,0.101576709,-0.112059935,-0.061630299,-0.055279161,0.014948235,1.007394561,-0.115129184,-0.110923209,-0.003846562,47904.412154606,55319.022912632,54819.374921579,49575.532309539,-0.087291607,-1.044898461,0.784464367,1.165655621,-0.012922751,0.01669493,-0.018574188,0.147914555,2.3827e-05,-7.561054123,-2.089504637,-0.782625114,-0.065797918,0.018643498,-0.005611758,0.997647913,0.550929789,-0.834545528,0.885968497,0.0,0.0,0.0,0.86058265,0.0,3.636950254
1772729828.0037613,0.008126,-1.045359,0.786798,-0.05619125,0.03789899,-0.01194292,0.99762898,-0.113578,0.074345,-0.02817,1.054903609,0.045783746,0.027002143,0.114028082,-0.093084025,-0.048798195,-0.046654613,0.011154705,1.003178309,-0.075569016,-0.114672044,-0.011023633,47672.195487638,55218.310026671,54896.125904034,49840.300031236,-0.074882028,-1.045448339,0.784777893,1.165976366,0.000271536,0.016096196,-0.01372246,0.14421286,-0.002384416,-7.610005958,-2.022915658,-0.779006,-0.066229344,0.018064112,-0.00561073,0.997623825,0.551877141,-0.833925426,0.886006236,0.0,0.0,0.0,0.86058265,0.0,3.636950254
1772729828.0137615,0.018792,-1.044922,0.787059,-0.05497124,0.03648092,-0.01162077,0.99775361,-0.111055,0.071581,-0.027273,1.055451745,0.055277753,0.02823777,0.068318568,-0.056224032,-0.016897038,-0.047950512,0.003598137,0.998952522,-0.037084666,-0.107641055,-0.016430186,47776.142482624,55748.116815023,54812.385542414,49186.292057879,-0.064776242,-1.045748195,0.785021042,1.166075976,0.011252076,0.016206678,-0.012399426,0.138603403,-0.008541835,-7.645862632,-1.938183699,-0.777930968,-0.066547533,0.017327595,-0.005645114,0.997613997,0.566438196,-0.824079391,0.886592199,0.0,0.0,0.0,0.86058265,0.0,3.636950254
1772729828.0237615,0.029253,-1.044259,0.787346,-0.05482191,0.03697005,-0.01243388,0.99773402,-0.110832,0.072473,-0.028945,1.057836498,0.062901575,0.031185034,0.00605831,0.013880321,0.026592849,-0.055337049,0.00269062,0.999988069,-0.005726052,-0.095857213,-0.013078377,48141.820387758,55814.603706865,54557.519123684,49170.096532943,-0.055218593,-1.045879148,0.78521326,1.165766641,0.021885579,0.015602464,-0.022017761,0.137516469,-0.010011571,-7.661393592,-1.867451551,-0.778477045,-0.06668754,0.0167129,-0.005688677,0.997615535,0.575266129,-0.817906572,0.886951271,0.0,0.0,0.0,0.86058265,0.0,3.636950254
1772729828.0337613,0.039958,-1.043688,0.787715,-0.05524024,0.03738429,-0.01165164,0.99770495,-0.11163,0.073376,-0.027457,1.056952853,0.075110037,0.029950514,-0.009754788,-0.030470071,0.03081986,-0.056276641,0.001200398,1.004804099,0.019958726,-0.097610142,-0.019000734,48359.514346395,55613.583115642,54456.403228204,49490.946819582,-0.044379113,-1.045983415,0.785441095,1.16557291,0.033610358,0.014680461,-0.025479092,0.142114886,-0.005335106,-7.656130021,-1.808190271,-0.78005929,-0.066645548,0.016197641,-0.005737782,0.997625525,0.583134871,-0.812353805,0.887272281,0.0,0.0,0.0,0.86058265,0.0,3.636950254
1772729828.0437613,0.050329,-1.042711,0.787944,-0.05536147,0.03675701,-0.01178177,0.99772001,-0.11186,0.072104,-0.027655,1.055248423,0.087014263,0.029823222,-0.076972481,-0.019045317,0.048323191,-0.056163999,0.008530584,1.009376655,0.03043911,-0.108792908,-0.023143571,48109.201444197,56057.198152278,54561.516831263,49083.854306042,-0.035248373,-1.046004867,0.785634983,1.165414617,0.043383697,0.014118411,-0.025056514,0.148542897,0.001343447,-7.63650678,-1.74683989,-0.781784361,-0.066478671,0.015663541,-0.005791272,0.997644025,0.590343078,-0.807139547,0.887568833,0.0,0.0,0.0,0.86058265,0.0,3.636950254
1772729828.053761,0.061035,-1.041921,0.788298,-0.05568468,0.03681528,-0.01125811,0.99770592,-0.112473,0.072271,-0.026637,1.051986085,0.099979563,0.029178816,-0.073440635,-0.045524502,0.032076528,-0.060109658,0.013222466,1.013964486,0.03496122,-0.120722228,-0.020635762,48048.913013343,55917.380820358,54651.128425378,49196.076713617,-0.024725093,-1.045959642,0.78589844,1.165195693,0.054603777,0.014254704,-0.031280407,0.147810315,0.006541099,-7.603812647,-1.667761121,-0.78825938,-0.066198563,0.014977152,-0.005897928,0.99767195,0.598232471,-0.801308969,0.887895839,0.0,0.0,0.0,0.86058265,0.0,3.636950254
1772729828.0637608,0.071612,-1.040921,0.788624,-0.05666925,0.0367745,-0.01097579,0.99765513,-0.114427,0.072195,-0.026139,1.049522854,0.112546766,0.027774541,-0.014266868,-0.150553564,-0.021588068,-0.052798035,0.005677627,1.018716404,0.024036216,-0.11559911,-0.017169315,48027.549555443,55838.969193256,54627.055844658,49302.301257843,-0.011979629,-1.045687468,0.786161682,1.164477136,0.068568744,0.014948878,-0.025935811,0.136277692,0.009718516,-7.569449147,-1.565384337,-0.792755112,-0.06590578,0.014086624,-0.006000598,0.997704064,0.607625016,-0.794216276,0.888288201,0.0,0.0,0.0,0.86058265,0.0,3.636950254
1772729828.0737607,0.081918,-1.039537,0.788755,-0.05572192,0.0347712,-0.011472,0.99777474,-0.112491,0.068162,-0.026834,1.046343208,0.124211307,0.028428368,0.018269379,-0.175731952,-0.075010243,-0.045930735,-8.4167e-05,1.008021083,-9.3541e-05,-0.116549216,-0.021643867,48129.266081328,55828.169023051,54414.024748667,49351.62808032,0.000853004,-1.045314211,0.786492057,1.163833291,0.082253012,0.016401228,-0.016242202,0.138892121,0.005372046,-7.536398987,-1.461770854,-0.796316805,-0.065624643,0.013184795,-0.006095182,0.997734073,0.616667986,-0.787223339,0.888669252,0.0,0.0,0.0,0.86058265,0.0,3.636950254
1772729828.0837607,0.09237,-1.038313,0.789144,-0.05634335,0.03550556,-0.01148568,0.99771382,-0.113765,0.069611,-0.026988,1.047008652,0.133001448,0.030636043,0.035245987,-0.206947762,-0.088418979,-0.050483177,0.014037552,1.012685867,-0.010852603,-0.094321307,-0.022036594,47647.469270833,55733.187268519,54694.417071759,49477.316087963,0.012624061,-1.04480297,0.78678935,1.162856485,0.094869498,0.017539335,-0.022881362,0.143288191,0.002779899,-7.516482438,-1.368665142,-0.802779598,-0.065456828,0.01237676,-0.006207087,0.997756165,0.619373609,-0.785059931,0.888784728,0.0,0.0,0.0,0.86058265,0.0,3.636950254
1772729828.0937607,0.102942,-1.036985,0.789461,-0.05549132,0.03316824,-0.01237912,0.99783132,-0.112032,0.064864,-0.028449,1.047484721,0.142002136,0.032992397,0.035302731,-0.219308246,-0.077529867,-0.057860454,0.016352121,1.009794951,-0.046082917,-0.1223666,-0.02041099,47216.292144534,55659.48786698,55008.357769118,49540.667072577,0.024202516,-1.044202345,0.787087456,1.161863781,0.106974872,0.017997765,-0.03062462,0.151677983,-0.000373967,-7.510703267,-1.286756607,-0.810326216,-0.065411274,0.011667573,-0.006320303,0.997768106,0.634315462,-0.773061708,0.889423503,0.0,0.0,0.0,0.86058265,0.0,3.636950254
1772729828.1037612,0.113352,-1.035467,0.789748,-0.0552672,0.03136415,-0.01310347,0.99789284,-0.111563,0.061186,-0.029678,1.051825129,0.146880385,0.037557048,-0.021933739,-0.160752802,-0.024709307,-0.051106376,0.001121969,1.018842998,-0.060493942,-0.105152265,-0.009248012,47346.875846769,55562.670562136,54910.205284633,49619.783028959,0.033669327,-1.043626088,0.787353698,1.160950287,0.116843467,0.018562584,-0.027639262,0.144222912,0.012037857,-7.517587541,-1.215311867,-0.815314131,-0.065475586,0.011048728,-0.006403969,0.997771319,0.641723691,-0.766924584,0.889744171,0.0,0.0,0.0,0.86058265,0.0,3.636950254
1772729828.1137612,0.123896,-1.034006,0.790206,-0.05610589,0.03237503,-0.01221097,0.99782507,-0.113226,0.063281,-0.028062,1.053418273,0.154554013,0.040392618,-0.078319677,-0.119521634,0.046603356,-0.046756514,0.014133534,1.022887488,-0.05245718,-0.100363985,-0.008871107,47486.523423423,55428.580630631,54795.491666667,49724.470995996,0.042828437,-1.043018906,0.787629603,1.160112113,0.126274665,0.019296814,-0.02308189,0.143125095,0.013429531,-7.533988061,-1.143524453,-0.817064225,-0.065623089,0.010425588,-0.006458841,0.997768856,0.648108299,-0.76154449,0.890022504,0.0,0.0,0.0,0.86058265,0.0,3.637541509
1772729828.1237612,0.134466,-1.03239,0.790571,-0.0560246,0.03055159,-0.0120726,0.99788882,-0.112991,0.059657,-0.02757,1.048394726,0.167789263,0.038686303,-0.045091439,-0.126329889,0.079834011,-0.051079301,0.008842622,1.020241548,-0.054825201,-0.092917775,-0.016277056,47529.667793065,55176.287472846,54705.08970955,49978.215624749,0.053156059,-1.042157679,0.787914634,1.15878904,0.137348668,0.020656243,-0.031093947,0.144211863,0.009410883,-7.550629645,-1.07953513,-0.816768041,-0.065772336,0.009869198,-0.006491541,0.997763986,0.655726533,-0.754995113,0.890357342,0.0,0.0,0.0,0.86058265,0.0,3.638665925
1772729828.1337607,0.144947,-1.030698,0.790997,-0.05660429,0.03095471,-0.01141323,0.99785144,-0.114128,0.060521,-0.026333,1.040774516,0.181714295,0.037582592,-0.000542668,-0.096395466,0.072378902,-0.05473069,0.003664135,1.017418941,-0.061826761,-0.099641458,-0.013037859,47023.024277684,55472.677541302,55001.828043302,49535.24466701,0.062287372,-1.041390853,0.788196082,1.157856651,0.146846182,0.022078647,-0.033476147,0.136098256,0.009871546,-7.566402547,-1.019631894,-0.817720901,-0.065913633,0.009349063,-0.006533006,0.997759875,0.661945603,-0.749545447,0.890633,0.0,0.0,0.0,0.86058265,0.0,3.639790288
1772729828.1437607,0.155361,-1.02887,0.791409,-0.05726958,0.03105659,-0.01101992,0.99781473,-0.115442,0.060753,-0.025599,1.037486595,0.192546124,0.037377619,0.065442686,-0.113042186,0.038628615,-0.05747087,0.00055134,1.012242848,-0.063232683,-0.080595544,-0.005195998,47665.952058937,55190.188244276,54517.663302034,49823.047088336,0.077571635,-1.039618475,0.788626797,1.156888968,0.163250547,0.023452338,-0.037109286,0.137619714,0.004822963,-7.502048727,-0.48359048,-0.758418132,-0.065382633,0.004644348,-0.006319611,0.99778486,0.669806128,-0.742532446,0.890984148,0.0,0.0,0.0,0.86058265,0.0,3.640914704
1772729828.15376,0.165643,-1.026771,0.791686,-0.05578302,0.02921021,-0.01072066,0.99795796,-0.112384,0.057136,-0.024699,1.034140128,0.203809674,0.035703589,0.122574112,-0.090193255,-0.001088312,-0.063440628,-0.002996302,1.004255996,0.021719391,0.123561827,-0.018393082,48619.502473898,55219.297938584,53780.772183277,49918.693226776,0.140153948,-1.029593873,0.790199981,1.112458446,0.22750841,0.023346783,-0.05194092,0.125880535,-0.000279798,-7.298582543,0.826513084,-0.595745727,-0.063681842,-0.006866892,-0.005645118,0.99790109,0.693410349,-0.718779985,0.892100944,0.0,0.0,0.0,0.86058265,0.0,3.64203904
1772729828.1637604,0.175861,-1.024609,0.791969,-0.05428417,0.02884846,-0.01155974,0.99804177,-0.109414,0.056359,-0.026251,1.034017264,0.214006032,0.0337741,0.171275902,-0.001926185,-0.033000162,-0.066641239,-0.008119995,0.999037494,0.072000938,0.418682204,-0.032766001,49573.166569165,55248.411103289,53043.793213886,50014.350767949,0.168262227,-1.025131762,0.791453321,0.986248373,0.240335487,0.018247495,-0.068635526,0.111356895,-0.005112404,-6.97912722,0.952554026,-0.611758001,-0.060907978,-0.007972056,-0.005834444,0.998106922,0.717864982,-0.694121978,0.893259129,0.0,0.0,0.0,0.86058265,0.0,3.640663765
1772729828.1737604,0.18623,-1.022462,0.792396,-0.0542877,0.02969685,-0.01188373,0.99801289,-0.109468,0.058018,-0.026993,1.035298734,0.224479177,0.031052263,0.182397112,0.105453019,-0.078400954,-0.056146947,-0.002653892,0.99795552,-0.06383472,0.771004997,-0.030348314,50091.081836686,54267.16325431,52606.000538793,51110.28460249,0.181423828,-1.023121218,0.792102608,0.951159564,0.245660198,0.017197228,-0.061001456,0.117532348,-0.011428995,-6.930811613,0.45127934,-0.708664632,-0.060467977,-0.003557055,-0.00641081,0.998140715,0.742318448,-0.669465146,0.894417259,0.0,0.0,0.0,0.86058265,0.0,3.638780959
1772729828.1837611,0.196857,-1.020404,0.792818,-0.0541597,0.03073566,-0.01139176,0.99799413,-0.109217,0.06015,-0.026117,1.040343921,0.231082194,0.030069512,0.115894443,0.329259271,-0.061603324,-0.050165504,0.006356866,0.996857039,-0.176649424,0.988591994,-0.016249821,50982.594277626,53335.26107067,51902.252552826,52190.763775149,0.194812399,-1.020334809,0.792585152,0.959465126,0.258312612,0.017450699,-0.043746157,0.132735363,-0.011432559,-6.970105188,-0.117907904,-0.800628984,-0.060778308,0.001451781,-0.006910522,0.998127252,0.753692128,-0.657221706,0.894974671,0.0,0.0,0.0,0.86058265,0.0,3.636898018
1772729828.1937609,0.207109,-1.017872,0.792963,-0.05305274,0.03277646,-0.01226641,0.99797828,-0.10712,0.064163,-0.028022,1.045890702,0.238041447,0.030534761,-0.031228339,0.622982258,-0.051663559,-0.048456889,0.005091283,1.00594876,-0.222128673,1.038113969,-0.005789298,50992.997551163,52945.462630251,52117.522326895,52646.849296584,0.206913303,-1.017514719,0.792888227,0.965111083,0.270840962,0.016699736,-0.029632027,0.128224467,-0.001103966,-7.065920622,-0.756325833,-0.895310457,-0.061566708,0.007068915,-0.007389903,0.998056529,0.760549133,-0.649277376,0.895324511,0.0,0.0,0.0,0.86058265,0.0,3.635015257
1772729828.2037606,0.217527,-1.015361,0.793206,-0.05254689,0.03563644,-0.01330303,0.99789373,-0.106279,0.069781,-0.030374,1.047180408,0.248924868,0.028663936,-0.148954151,0.910238411,-0.029669922,-0.047367548,-0.003218827,1.005240068,-0.237644777,0.969430796,0.003766604,50197.755295524,53143.596045439,52984.521908097,52526.378843526,0.217951048,-1.014847625,0.793159049,0.970364522,0.282463481,0.016454624,-0.01590767,0.128687437,0.000957682,-7.180928169,-1.352766553,-0.977568751,-0.062516009,0.012315502,-0.007772685,0.997944984,0.767232358,-0.641369224,0.895669639,0.0,0.0,0.0,0.86058265,0.0,3.633132496
1772729828.213761,0.22798,-1.01285,0.793542,-0.05429049,0.04101793,-0.01345938,0.99759156,-0.110001,0.080464,-0.031414,1.047098978,0.260481523,0.027948356,-0.275365434,1.152165937,-0.042717453,-0.044706359,0.004855789,1.009765489,-0.253496657,0.807377224,0.005924396,49564.982272194,53633.143477961,53558.40863627,52100.795612885,0.227382762,-1.012535521,0.793424692,0.975308285,0.292468165,0.016999626,-0.006152846,0.135127282,0.005729681,-7.302177692,-1.89191902,-1.049226059,-0.063517269,0.01705819,-0.008083635,0.997818591,0.767232358,-0.641369224,0.895669639,0.0,0.0,0.0,0.86058265,0.0,3.6312496
1772729828.223761,0.238663,-1.010394,0.793902,-0.0562039,0.04789568,-0.01288227,0.99718663,-0.114078,0.094213,-0.031219,1.046562323,0.271513138,0.028363702,-0.403472337,1.300177645,-0.038346327,-0.042115603,0.0182068,1.012280762,-0.255130485,0.631939145,0.003801747,49498.104144546,54310.298371626,53652.199268347,51405.239660941,0.235075061,-1.010674574,0.793663806,0.980049561,0.300398422,0.017312515,0.002004615,0.148673143,0.003157992,-7.419636337,-2.311575263,-1.103634398,-0.064492866,0.020750796,-0.008302844,0.997669677,0.771112797,-0.636679411,0.895872522,0.0,0.0,0.0,0.86058265,0.0,3.629366794
1772729828.2337613,0.249065,-1.007524,0.794205,-0.05886242,0.0550201,-0.01428433,0.99664636,-0.119888,0.108201,-0.035163,1.047353718,0.280974666,0.028603932,-0.431574415,1.214233301,-0.003348226,-0.040301048,0.028649325,1.011008824,-0.246069228,0.461414432,0.001703845,48621.612081196,55277.733035913,54339.695391479,50250.680303368,0.242317615,-1.008824996,0.793885128,0.984718588,0.30815436,0.017731617,0.008890145,0.156543433,-0.001945553,-7.506032076,-2.536391161,-1.13270729,-0.065217764,0.022730723,-0.008411648,0.997530648,0.77809602,-0.627958424,0.896244971,0.0,0.0,0.0,0.86058265,0.0,3.627483943
1772729828.2437608,0.259404,-1.004556,0.79437,-0.0599463,0.06080598,-0.01421463,0.99624646,-0.12235,0.119737,-0.035877,1.045304979,0.293606457,0.028593287,-0.383308717,0.982567262,-0.024217543,-0.043514594,0.021439226,1.010357052,-0.190674741,0.088561763,-0.001364715,47745.182708008,56245.098505465,55027.142342182,49096.203524426,0.25205724,-1.006190452,0.794162148,0.991323146,0.318924114,0.018040635,0.011653824,0.139665099,-0.010510722,-7.692919255,-2.848427204,-1.171575979,-0.066804718,0.025483067,-0.008528784,0.997391629,0.789724876,-0.613165736,0.896872244,0.0,0.0,0.0,0.86058265,0.0,3.626674514
1772729828.2537603,0.269934,-1.001606,0.794717,-0.06230569,0.06438023,-0.01507145,0.99586447,-0.127399,0.126689,-0.038357,1.044913895,0.304697124,0.030016967,-0.300939537,0.616160047,-0.046931868,-0.046786672,0.015133494,1.009904232,-0.135487046,-0.270487184,-0.004822494,47054.980623658,56808.36447859,55494.280646255,48435.468026212,0.273647109,-1.000041327,0.794714066,1.006588892,0.343281692,0.017586212,0.006763445,0.149509114,0.00124818,-7.840257459,-2.966384319,-1.191041079,-0.068070722,0.026532103,-0.008596347,0.997295722,0.799989695,-0.599997141,0.897428859,0.0,0.0,0.0,0.86058265,0.0,3.627343655
1772729828.2637603,0.280326,-0.998514,0.794969,-0.06338227,0.0668315,-0.01460838,0.99564192,-0.129646,0.131608,-0.037898,1.045653581,0.313626173,0.032125633,-0.22309419,0.214339741,-0.029413777,-0.050700776,0.022052936,1.012780187,-0.082865608,-0.403006712,-0.014695089,47495.463150201,56693.588549153,55086.233816543,48612.922986966,0.285259586,-0.996580461,0.795043334,1.014812887,0.356555723,0.017898222,0.000121877,0.162251983,0.001643963,-7.908867689,-2.840439048,-1.180307199,-0.068683492,0.025434768,-0.008563191,0.997276711,0.804320455,-0.594195783,0.89767015,0.0,0.0,0.0,0.86058265,0.0,3.628012828
1772729828.2737603,0.290867,-0.995385,0.795353,-0.06341778,0.0656349,-0.01446167,0.9957214,-0.129632,0.129233,-0.037445,1.05002099,0.32130932,0.03619174,-0.161686222,-0.116671523,-0.007871726,-0.047331291,-0.008417781,1.018944234,-0.006466558,-0.422789543,-0.026068756,47638.67552682,56760.105284163,54745.964665815,48670.558030013,0.296723182,-0.993064803,0.795442103,1.022606655,0.369704381,0.018689496,-0.002664973,0.140026563,0.007206789,-7.94618929,-2.609380918,-1.159293024,-0.069036644,0.023414091,-0.008512089,0.997298563,0.807045443,-0.590468315,0.897824068,0.0,0.0,0.0,0.86058265,0.0,3.628682
1772729828.28376,0.301385,-0.992094,0.79581,-0.0652131,0.06580465,-0.01548977,0.99557876,-0.133395,0.129368,-0.039768,1.052235289,0.331793576,0.038674512,-0.121237929,-0.35444347,-0.024882604,-0.05439736,-0.005497766,1.024055608,0.063899804,-0.404522575,-0.028495047,48571.892504387,56723.296515417,53750.989646528,48795.071170719,0.31078356,-0.988591677,0.795932695,1.031369799,0.385966152,0.020278688,-0.014499766,0.136874923,0.016336135,-7.943075703,-2.284040671,-1.139726705,-0.069045873,0.020570573,-0.008539465,0.997357437,0.814999902,-0.579232292,0.898283021,0.0,0.0,0.0,0.86058265,0.0,3.629351157
1772729828.2937596,0.311881,-0.988724,0.796114,-0.06536954,0.06262628,-0.0147282,0.99578504,-0.133435,0.12311,-0.037815,1.053600189,0.342839604,0.039194346,-0.051895425,-0.53425208,-0.016043819,-0.05622344,-0.005616195,1.016149423,0.115074635,-0.3578884,-0.027955244,48767.926849667,56711.443023985,53462.463992353,48725.357089519,0.321956234,-0.984900797,0.796317665,1.037569863,0.398878217,0.021841452,-0.015707749,0.131017682,0.010472137,-7.890160857,-2.027108897,-1.131933184,-0.068611666,0.018325656,-0.008635669,0.997425954,0.824234598,-0.565914068,0.89882328,0.0,0.0,0.0,0.86058265,0.0,3.630020298
1772729828.303759,0.322401,-0.985237,0.796475,-0.06521958,0.05951452,-0.01421154,0.9959932,-0.132904,0.116965,-0.036328,1.056087895,0.353376386,0.039649455,0.008123157,-0.639037247,-0.008774687,-0.055967801,-0.006941732,1.003071564,0.158625567,-0.2999841,-0.026237069,49480.771288794,56393.04280691,52817.343219691,48925.821434031,0.334722807,-0.980555011,0.796840684,1.043984904,0.41345046,0.02412312,-0.021579444,0.133382782,-0.001842718,-7.804676821,-1.812976065,-1.12751228,-0.067888816,0.016452623,-0.008738312,0.997509847,0.833005369,-0.553264916,0.899336398,0.0,0.0,0.0,0.86058265,0.0,3.630689438
1772729828.313759,0.333045,-0.981643,0.796978,-0.06563429,0.0570811,-0.01468629,0.9961015,-0.133666,0.112023,-0.036991,1.057204874,0.364863363,0.039659537,0.077099603,-0.645060864,-0.001470822,-0.051571215,-0.017613832,1.006382967,0.150592018,-0.302275046,-0.014546265,49296.051474629,55991.499908408,52877.888746413,49475.427489772,0.345657076,-0.976727334,0.797252213,1.048812299,0.425568537,0.024867527,-0.02181079,0.118193253,-0.000110446,-7.70013159,-1.655628037,-1.126724044,-0.066993689,0.015074405,-0.008838844,0.997580708,0.833613271,-0.552339581,0.899373303,0.0,0.0,0.0,0.86058265,0.0,3.631358611
1772729828.3237593,0.343604,-0.977975,0.797314,-0.06513883,0.05348747,-0.0144391,0.99633706,-0.132458,0.104894,-0.035946,1.062347342,0.372983806,0.041761034,0.122993491,-0.61315488,-0.001516931,-0.054077757,-0.003388854,1.00824125,0.139895483,-0.290397829,-0.019016295,49056.977489258,56030.9966374,53049.697832991,49402.971791519,0.354908699,-0.973409505,0.79761108,1.052540406,0.435584172,0.024859001,-0.025997478,0.125535071,-0.00079907,-7.615709088,-1.526218031,-1.122295704,-0.066271354,0.013938683,-0.0088865,0.997650498,0.838383684,-0.545078169,0.899662914,0.0,0.0,0.0,0.86058265,0.0,3.632285438
1772729828.333759,0.354214,-0.974176,0.797739,-0.06389833,0.04992843,-0.01396256,0.99660885,-0.129741,0.09789,-0.034382,1.065333883,0.382143216,0.042481723,0.137817026,-0.516950144,-0.001923784,-0.056411239,-0.00067275,1.014501628,0.131084737,-0.275477193,-0.020963392,48810.693598446,55803.696348818,53198.585021826,49667.046705862,0.365616912,-0.969478406,0.798025835,1.056553601,0.446961115,0.025106132,-0.032680985,0.131262302,-0.000381193,-7.536288131,-1.392802486,-1.117610113,-0.065592769,0.012768242,-0.008932055,0.997717259,0.843782023,-0.536682081,0.899995662,0.0,0.0,0.0,0.86058265,0.0,3.633438684
1772729828.3437593,0.364868,-0.970277,0.798145,-0.06315303,0.04810493,-0.01384848,0.99674763,-0.128146,0.094287,-0.03384,1.067455661,0.392088816,0.042976517,0.150637305,-0.435758201,0.001333977,-0.048017253,-0.016386418,1.015976485,0.093135245,-0.256430433,-0.008894176,48802.997970895,55533.9101804,53141.752005326,49892.453061095,0.377596598,-0.965005569,0.798529209,1.060718915,0.459346972,0.025920799,-0.02551315,0.115392763,0.01117135,-7.442287789,-1.22694027,-1.113154211,-0.064789911,0.011314198,-0.00899785,0.997786588,0.849671504,-0.527308114,0.900364676,0.0,0.0,0.0,0.86058265,0.0,3.634591986
1772729828.3537593,0.375565,-0.966303,0.798631,-0.06294079,0.04672166,-0.01442346,0.99681869,-0.127708,0.091458,-0.034789,1.067760401,0.402515205,0.042365425,0.163309177,-0.330056819,-0.019577177,-0.055285316,-0.010169964,1.012532626,0.054399357,-0.243499714,-0.015609443,48259.929496951,55545.342987805,53535.006097561,49683.964939024,0.391406229,-0.959739663,0.799079527,1.065023722,0.473306856,0.027530181,-0.035808412,0.11621438,0.00377878,-7.362634667,-1.050952189,-1.102994657,-0.064113057,0.009769805,-0.009016116,0.997848037,0.856299843,-0.5164561,0.900788552,0.0,0.0,0.0,0.86058265,0.0,3.63574526
1772729828.3637593,0.386389,-0.962378,0.799069,-0.06248595,0.04490933,-0.0137308,0.99694038,-0.126649,0.087941,-0.033124,1.068914811,0.412523801,0.042918223,0.142384356,-0.24036446,-0.021953871,-0.049518027,-0.014046128,1.007886682,0.000388924,-0.312282966,0.000426288,48611.812339332,55563.104113111,53138.003856041,49605.956298201,0.403537634,-0.954890328,0.799571417,1.068166601,0.48559631,0.028416549,-0.03549002,0.118085418,0.001818932,-7.313219916,-0.883403922,-1.092472249,-0.063698354,0.008301036,-0.009022124,0.997889906,0.864833749,-0.501960737,0.901349261,0.0,0.0,0.0,0.86058265,0.0,3.636898534
1772729828.373759,0.396895,-0.958057,0.799395,-0.06100468,0.04333993,-0.01360666,0.99710327,-0.123594,0.08487,-0.032545,1.068452554,0.423007843,0.040969348,0.148957101,-0.240640031,-0.008393185,-0.047321555,-0.004516761,1.008840242,-0.009414021,-0.362021204,-0.003745909,48130.554592721,55341.240901213,53502.79202773,49834.842287695,0.415376605,-0.950065627,0.800029703,1.070855946,0.49729343,0.028755845,-0.034424644,0.119369515,-0.002232038,-7.296826359,-0.722440392,-1.076209369,-0.06357056,0.006889,-0.008971168,0.997910599,0.872693774,-0.488243246,0.901876267,0.0,0.0,0.0,0.86058265,0.0,3.638051781
1772729828.3837588,0.407632,-0.953764,0.799927,-0.06076577,0.04270064,-0.01459318,0.99713149,-0.123168,0.08348,-0.034419,1.067920987,0.433038952,0.041514608,0.143826972,-0.264143381,0.034501666,-0.055686754,-0.017254398,1.002011558,-0.027401926,-0.438472916,0.009271227,47964.064643502,55297.282998646,53670.195904783,49726.937894856,0.428527829,-0.944612307,0.800552162,1.073483663,0.510072876,0.029226372,-0.048359891,0.110320932,-0.003939548,-7.291946791,-0.473503335,-1.05014974,-0.063550105,0.004706305,-0.008882762,0.997925646,0.878594563,-0.477553742,0.902283275,0.0,0.0,0.0,0.86058265,0.0,3.639205027
1772729828.3937593,0.418262,-0.949418,0.800231,-0.05977004,0.04167056,-0.01430779,0.99723939,-0.121099,0.081491,-0.033636,1.06708777,0.443330862,0.041898991,0.125374599,-0.289968353,0.037231666,-0.046764864,-0.014541065,1.010996766,-0.045458222,-0.499643046,0.01022004,48094.670947976,55502.819212867,53580.382342544,49366.753520297,0.44120327,-0.939167764,0.801055571,1.075282385,0.522359295,0.029014646,-0.044860043,0.116264888,0.007371113,-7.294526147,-0.187123614,-1.010461388,-0.063596565,0.002190521,-0.008696093,0.997933523,0.884067059,-0.467360049,0.902668953,0.0,0.0,0.0,0.86058265,0.0,3.640358356
1772729828.4037583,0.429025,-0.944974,0.800715,-0.05968776,0.03962005,-0.01285427,0.99734768,-0.120733,0.077573,-0.030466,1.067397521,0.45194742,0.044525878,0.067093656,-0.323355548,0.045659745,-0.043003606,-0.014507609,1.009062106,-0.063807622,-0.57695815,0.015372727,47566.585419916,55856.207290042,53934.268532961,48820.025531566,0.452195978,-0.93435294,0.801552436,1.076317399,0.533019266,0.029665229,-0.044558765,0.114699718,0.000169052,-7.304289976,0.092157612,-0.971504636,-0.063702974,-0.000262542,-0.00851194,0.997931661,0.884528835,-0.466465008,0.902702525,0.0,0.0,0.0,0.86058265,0.0,3.64151152
1772729828.4137588,0.439657,-0.940364,0.801107,-0.05887068,0.0372954,-0.01305039,0.99748332,-0.119015,0.072931,-0.030512,1.067446259,0.459710365,0.045591438,-0.000160237,-0.357570508,0.065343202,-0.040901219,-0.016820113,1.007639495,-0.066365181,-0.600083204,0.010419952,48107.900090305,55585.549954848,53543.778179131,49062.446350874,0.459710527,-0.930978279,0.801859628,1.076682817,0.540394375,0.030116255,-0.046772765,0.110536398,-0.001288511,-7.317172707,0.334098585,-0.936275602,-0.063831971,-0.002388168,-0.008339912,0.997923338,0.89130129,-0.453338261,0.903194894,0.0,0.0,0.0,0.86058265,0.0,3.642228842
1772729828.4237592,0.450312,-0.935747,0.801671,-0.0594849,0.03621756,-0.01242675,0.99749457,-0.120161,0.070834,-0.029177,1.063420051,0.471963115,0.044604413,-0.009514067,-0.424496558,0.047992768,-0.042566638,-0.009875285,1.007372283,-0.056682679,-0.594954456,0.002200986,47495.687319239,55601.549207707,53856.370524258,49103.142551631,0.468460206,-0.927004442,0.802248561,1.076762903,0.548885876,0.030531716,-0.052873066,0.118977929,-0.000503473,-7.331851176,0.566024217,-0.900856067,-0.063974718,-0.004426579,-0.008161017,0.997909429,0.895841574,-0.44434564,0.903530684,0.0,0.0,0.0,0.86058265,0.0,3.642228842
1772729828.4337592,0.460919,-0.930943,0.802046,-0.05927742,0.03364661,-0.01315863,0.99758756,-0.119697,0.065618,-0.030313,1.060850953,0.482144593,0.045561271,-0.034482597,-0.476601536,-0.005260824,-0.048127037,0.004691811,1.007023686,-0.039158075,-0.585008271,-0.005676265,47463.879442392,55565.987249317,53736.924268036,49226.782069743,0.477882567,-0.922615878,0.802634656,1.076312594,0.558153134,0.030849502,-0.062207914,0.132319094,-0.001242565,-7.350354932,0.848783636,-0.863574183,-0.064151899,-0.006908488,-0.007995145,0.997885359,0.899776441,-0.436322307,0.903828551,0.0,0.0,0.0,0.86058265,0.0,3.642228842
1772729828.4437594,0.471565,-0.926136,0.802564,-0.06010496,0.03147802,-0.01187269,0.99762496,-0.121196,0.061418,-0.027528,1.057345647,0.49238355,0.043534482,-0.00763744,-0.581546685,-0.046807386,-0.047581332,-0.003473604,1.007714642,-0.008812846,-0.573749482,-0.015554372,48030.558219178,55516.533440774,53207.961522965,49288.226631749,0.489256919,-0.917160982,0.803089146,1.075013295,0.569503168,0.031105353,-0.069392659,0.126201423,-0.00415368,-7.363428293,1.21545051,-0.822058281,-0.064284402,-0.010123828,-0.007839602,0.997851972,0.902114868,-0.431495994,0.904007316,0.0,0.0,0.0,0.86058265,0.0,3.642228842
1772729828.4537594,0.482078,-0.921116,0.802905,-0.06004957,0.02869327,-0.01227013,0.99770747,-0.121011,0.05581,-0.027977,1.055074374,0.501911454,0.042896195,0.017427693,-0.686213725,-0.054951113,-0.050005583,-0.020384983,1.008173341,0.041857018,-0.527950974,-0.023404875,47654.174107032,55698.012145849,53238.496170339,49232.798081452,0.500756008,-0.911577137,0.803590682,1.073017618,0.580805455,0.031416755,-0.078147554,0.109051678,-0.0017438,-7.349270463,1.566531588,-0.787796796,-0.064176672,-0.013201158,-0.007736004,0.997823744,0.90758239,-0.419767112,0.904438685,0.0,0.0,0.0,0.86058265,0.0,3.642228842
1772729828.4637597,0.492594,-0.915988,0.803348,-0.05914453,0.02411406,-0.01264651,0.997878,-0.119058,0.046647,-0.028126,1.051822526,0.510933082,0.043369855,0.024362079,-0.699075036,-0.07261503,-0.056279309,-0.019226515,1.004272972,0.068392715,-0.507547343,-0.026498005,48297.576593262,55521.001928151,52629.672518774,49463.164450984,0.511771698,-0.90608656,0.804046064,1.070377718,0.591682757,0.031613827,-0.08783413,0.10540843,-0.00446042,-7.312653607,1.871272296,-0.767538476,-0.063870701,-0.015868527,-0.007724601,0.997803307,0.91051501,-0.41347608,0.90467006,0.0,0.0,0.0,0.86058265,0.0,3.642228842
1772729828.4737597,0.503146,-0.910956,0.803862,-0.05989415,0.02093553,-0.01284995,0.99790244,-0.120464,0.040255,-0.02818,1.049709878,0.517442024,0.046643459,0.017893179,-0.664918183,-0.053530497,-0.051475488,-0.010141116,0.997827027,0.094617705,-0.474492879,-0.024433221,48590.870788222,55962.586815744,52338.283972478,48818.078113933,0.522323894,-0.900740811,0.804513334,1.067288845,0.601983763,0.031993727,-0.092584404,0.119643999,-0.009818526,-7.254482111,2.176500541,-0.747718155,-0.063375633,-0.018541215,-0.007711667,0.997787634,0.914513974,-0.40417928,0.905007426,0.0,0.0,0.0,0.86058265,0.0,3.642228842
1772729828.4837599,0.513601,-0.90565,0.804232,-0.05900794,0.01656544,-0.01301446,0.99803521,-0.118551,0.031535,-0.02795,1.047342063,0.525279736,0.047498919,-0.014033705,-0.62358975,-0.038004027,-0.056940873,-0.019124711,0.995296826,0.124457209,-0.456947451,-0.007607113,48471.365177853,55832.635390518,52548.082555771,48839.571567281,0.535423844,-0.893982278,0.805140045,1.062772408,0.614491525,0.031821686,-0.095806649,0.118710191,-0.009177398,-7.17635445,2.482904848,-0.725081186,-0.062704959,-0.021226884,-0.007668392,0.997782794,0.920283531,-0.390766204,0.905494167,0.0,0.0,0.0,0.86058265,0.0,3.642228842
1772729828.49376,0.524063,-0.900398,0.804752,-0.05974273,0.01489927,-0.01261533,0.99802288,-0.11996,0.028236,-0.026975,1.044057289,0.53261902,0.048214984,-0.055428182,-0.561856438,0.008562408,-0.051056164,-0.016143382,0.999532179,0.098475853,-0.452392124,-0.005013638,47973.743314359,55857.294919987,52890.589109655,48906.173858877,0.545979754,-0.888424457,0.805621364,1.05861523,0.624295127,0.030896209,-0.09815354,0.107657544,-0.006245983,-7.089556919,2.749199341,-0.705177517,-0.061956799,-0.023562269,-0.007622944,0.997776653,0.926053087,-0.377353128,0.905980907,0.0,0.0,0.0,0.86058265,0.0,3.642228842
1772729828.5037603,0.534474,-0.895039,0.805286,-0.06042403,0.01329093,-0.01250612,0.99800595,-0.121274,0.02502,-0.02658,1.038539821,0.542895972,0.045513058,-0.034282378,-0.535179743,0.007114388,-0.048635198,-0.013496619,0.999533811,0.065809506,-0.482158483,-0.008983712,47084.270715214,56035.955150785,53601.813294656,48639.579460905,0.554683198,-0.88368988,0.805964559,1.054663274,0.632563072,0.030410797,-0.101363782,0.117000604,-0.006784836,-7.012936067,2.97678578,-0.686303293,-0.061294557,-0.025559169,-0.007564176,0.997766351,0.929251636,-0.369424912,0.906265897,0.0,0.0,0.0,0.86058265,0.0,3.642228842
1772729828.5137608,0.544886,-0.889607,0.805747,-0.05979767,0.00917135,-0.01193054,0.99809708,-0.119891,0.016882,-0.024919,1.032688009,0.553255481,0.043330966,0.041242121,-0.550633404,-0.008407956,-0.048392192,-0.01862906,0.99828323,0.066799165,-0.493900957,-0.010807116,47863.297820641,56122.864868428,52959.471472433,48538.448153101,0.56327578,-0.878936389,0.806312655,1.050291033,0.640592303,0.03023424,-0.10406144,0.109140507,-0.009415031,-6.96483835,3.204437545,-0.665758988,-0.060879461,-0.027555495,-0.007494978,0.997744226,0.930046797,-0.367441058,0.906337142,0.0,0.0,0.0,0.86058265,0.0,3.642228842
1772729828.5237608,0.55515,-0.883948,0.80609,-0.0606105,0.00662794,-0.0120891,0.99806628,-0.121454,0.011765,-0.024939,1.026750591,0.561432295,0.042574633,0.095585132,-0.507488016,-0.022731859,-0.049239711,-0.019553216,0.997425231,0.090070106,-0.475280978,-0.009630285,48058.432706017,56071.905474765,52839.978186484,48587.929070431,0.573039058,-0.873418381,0.806694755,1.044945808,0.649673312,0.029672511,-0.109093185,0.105668732,-0.010678142,-6.925044856,3.434894045,-0.646175156,-0.060536154,-0.029575045,-0.007436095,0.997703246,0.932263363,-0.361747072,0.906540812,0.0,0.0,0.0,0.86058265,0.0,3.642228842
1772729828.533761,0.565345,-0.878319,0.806518,-0.05936297,0.0041457,-0.01222285,0.99815302,-0.118891,0.006825,-0.024896,1.019532227,0.570650991,0.041050583,0.165865195,-0.477776721,-0.034615771,-0.050764938,-0.007410079,0.999005808,0.090298015,-0.460536432,-0.003982544,48425.064407867,55881.172938825,52565.943217432,48814.219825778,0.58346644,-0.867442417,0.807131983,1.038749327,0.659176388,0.02914771,-0.116142013,0.114106845,-0.009818438,-6.851696998,3.723140592,-0.620386044,-0.059899739,-0.032102966,-0.007342343,0.997664662,0.938147679,-0.346103696,0.907097964,0.0,0.0,0.0,0.86058265,0.0,3.642228842
1772729828.5437603,0.575518,-0.87251,0.806894,-0.0579232,0.00146515,-0.01247877,0.99824197,-0.115939,0.00148,-0.025086,1.012027228,0.578400396,0.04165408,0.173062789,-0.349154783,-0.024006386,-0.046267276,-0.013447634,1.002524065,0.067002942,-0.467586331,0.006621084,47313.803546839,55964.631671187,53517.812852076,48587.526100563,0.592474815,-0.862182537,0.807527555,1.032905521,0.667268331,0.02871944,-0.115034403,0.106551495,-0.009009835,-6.790914396,3.944146399,-0.600118661,-0.059371175,-0.034041541,-0.007262816,0.997632419,0.940638006,-0.339411497,0.907335997,0.0,0.0,0.0,0.86058265,0.0,3.642228842
1772729828.5537608,0.585639,-0.866758,0.807377,-0.05715605,0.00016439,-0.01219059,0.99829081,-0.11437,-0.001065,-0.024361,1.005605174,0.585442594,0.042748875,0.152700192,-0.315437036,-0.010075135,-0.037787093,-0.024957936,1.000068046,0.021047319,-0.495191806,0.008743657,47499.16385374,56033.263949914,53385.083708914,48487.794508665,0.600720314,-0.857259771,0.807873693,1.027136111,0.674683551,0.028341865,-0.113168819,0.09555213,-0.010138364,-6.76281022,4.152908853,-0.571633562,-0.059123153,-0.035875477,-0.007113421,0.997592806,0.942477943,-0.334148043,0.907521851,0.0,0.0,0.0,0.86058265,0.0,3.642228842
1772729828.5637608,0.595644,-0.860882,0.807832,-0.05704832,-0.00038376,-0.01205386,0.99829858,-0.114141,-0.002142,-0.024025,0.997659634,0.593955073,0.04243485,0.118618088,-0.353482075,-0.00110347,-0.062603414,-0.015597821,0.993708316,0.011659619,-0.463506302,0.018506219,47805.288521879,55639.145696009,53201.490088293,48979.881618953,0.609222726,-0.852079506,0.808217935,1.020810267,0.682316652,0.027800183,-0.134735916,0.102122109,-0.01992015,-6.722912852,4.395264661,-0.543883568,-0.058772525,-0.038002025,-0.006982817,0.997532877,0.947982736,-0.318293522,0.908081284,0.0,0.0,0.0,0.86058265,0.0,3.642228842
1772729828.5737607,0.605556,-0.854859,0.808196,-0.05641112,-0.00291544,-0.01203614,0.99833082,-0.112806,-0.007179,-0.023706,0.989407762,0.603482607,0.040881663,0.044543662,-0.390871984,0.001880065,-0.048293288,-0.019367703,0.991749569,0.002318848,-0.401579604,0.031950995,47833.096182841,55087.404331698,53327.066578916,49600.616584899,0.618969394,-0.846023354,0.808607429,1.013116405,0.690993038,0.02680463,-0.136826618,0.09796788,-0.017771731,-6.698240875,4.648362094,-0.510028849,-0.058551216,-0.040224041,-0.00680862,0.997456176,0.951046155,-0.309021597,0.908406799,0.0,0.0,0.0,0.86058265,0.0,3.642228842
1772729828.5837612,0.615413,-0.848778,0.808604,-0.05636505,-0.00407082,-0.01187473,0.99833131,-0.112689,-0.009467,-0.023254,0.980169155,0.614189805,0.03731544,0.033482589,-0.468597956,-0.01126872,-0.042523827,-0.014795287,0.996732564,0.014763613,-0.34101096,0.04863639,48238.333315291,55227.438971583,53168.830365359,49315.092286874,0.629682979,-0.839178693,0.809010538,1.003944995,0.700619952,0.025507021,-0.126362212,0.102803264,-0.016891825,-6.687539713,4.89421155,-0.467879246,-0.058446844,-0.042386124,-0.006562673,0.997375782,0.954393429,-0.298515637,0.908774356,0.0,0.0,0.0,0.86058265,0.0,3.642228842
1772729828.5937612,0.625226,-0.842615,0.808967,-0.05605023,-0.0090244,-0.0117492,0.99831803,-0.111954,-0.019337,-0.022453,0.971711649,0.623666892,0.034211338,0.044211167,-0.511787676,-0.003527066,-0.045002849,-0.028850086,0.994916046,0.010768205,-0.293521805,0.039782818,48652.851135883,55428.428107803,52919.861577536,49070.284746719,0.64081567,-0.831863978,0.809405295,0.993733049,0.710736294,0.024058914,-0.131951222,0.091385087,-0.017930279,-6.664924512,5.119610078,-0.417789275,-0.058233723,-0.044374667,-0.006232257,0.997302499,0.957759057,-0.287528661,0.909157376,0.0,0.0,0.0,0.86058265,0.0,3.642228842
1772729828.6037612,0.63479,-0.836273,0.809303,-0.05615952,-0.00994947,-0.01189771,0.99830134,-0.112152,-0.021203,-0.022645,0.962911991,0.632774982,0.031623029,0.059284438,-0.521022086,0.013794428,-0.049758429,-0.004328553,1.001081056,0.014309818,-0.291398681,0.025467859,48619.582197755,55560.818914885,52951.98094555,49003.82127973,0.649853446,-0.825774801,0.809679858,0.985003416,0.719024953,0.022815951,-0.140297152,0.109713485,-0.010048458,-6.64556899,5.259269843,-0.38513263,-0.058053472,-0.045607727,-0.006010904,0.997255783,0.960489445,-0.278272229,0.90947906,0.0,0.0,0.0,0.86058265,0.0,3.642228842
1772729828.6137614,0.644466,-0.829962,0.809632,-0.0560109,-0.01234504,-0.01137804,0.998289,-0.11182,-0.025925,-0.021343,0.953069518,0.640828622,0.030620833,0.050112293,-0.43776014,0.029809864,-0.054025939,0.003239352,1.008797984,0.037029899,-0.278137326,0.01966804,47966.686672628,55723.624233965,53402.205744444,48928.854513336,0.657551761,-0.820488409,0.809910535,0.977215219,0.726112021,0.022046458,-0.14906121,0.119026334,-0.006460494,-6.621336074,5.423933944,-0.352658113,-0.057830208,-0.047058403,-0.005801327,0.997207481,0.962675822,-0.270624906,0.9097442,0.0,0.0,0.0,0.86058265,0.0,3.642228842
1772729828.623762,0.653895,-0.823433,0.809826,-0.05508304,-0.01530175,-0.01137844,0.99829968,-0.109907,-0.03181,-0.021045,0.94234612,0.649545763,0.028552747,0.067617777,-0.416506216,0.026234695,-0.048766796,-0.010684782,1.006792036,0.033893589,-0.296412191,0.018006254,47650.40952381,55751.10952381,53609.536734694,48954.185714286,0.664545385,-0.815639058,0.810143451,0.969944496,0.732507833,0.021767285,-0.142999519,0.09994451,-0.008169468,-6.60621996,5.516309766,-0.338157431,-0.057692848,-0.04787034,-0.005715172,0.997173189,0.964859939,-0.262759058,0.910016293,0.0,0.0,0.0,0.86058265,0.0,3.641983842
1772729828.6337628,0.66332,-0.817025,0.810214,-0.05510167,-0.01630841,-0.01047229,0.99829263,-0.109957,-0.033722,-0.019124,0.933098112,0.656147032,0.028528835,0.052456806,-0.345071392,0.024153611,-0.044754616,-0.020592484,1.00532237,0.033398679,-0.307087965,0.015859144,48344.916630037,55606.676630037,53126.191397174,49074.034285714,0.668909642,-0.812507715,0.81026997,0.965159903,0.736661263,0.021668044,-0.144305989,0.103927789,-0.006309572,-6.593235414,5.592506952,-0.327297105,-0.0575754,-0.04853952,-0.00565338,0.997148128,0.965960048,-0.258644285,0.910158284,0.0,0.0,0.0,0.86058265,0.0,3.641653444
1772729828.6437628,0.672556,-0.810301,0.810437,-0.05482067,-0.01884366,-0.01070886,0.99826095,-0.109347,-0.038806,-0.01933,0.923105639,0.662223067,0.029351932,0.032254048,-0.319687285,0.021151006,-0.046163905,-0.0130387,1.006184243,0.044385471,-0.284729036,0.011603092,48901.778717693,55506.145629394,52737.055114329,49152.797089136,0.673294136,-0.809358257,0.81039876,0.960338158,0.740826026,0.021570995,-0.145965361,0.109015797,-0.004278861,-6.577150522,5.671932666,-0.315451579,-0.057430328,-0.049237384,-0.005583054,0.99712328,0.967060052,-0.254529904,0.910300261,0.0,0.0,0.0,0.86058265,0.0,3.641323078
1772729828.6537635,0.681717,-0.803701,0.810787,-0.05499666,-0.0191616,-0.01064359,0.99824592,-0.109697,-0.039437,-0.019158,0.911359028,0.671912043,0.027067042,0.050301517,-0.300144736,0.001136439,-0.0471123,-0.007665998,1.006667506,0.054512122,-0.266783766,0.008113941,48722.555416005,55640.433982244,52851.716707916,49011.794318644,0.677927668,-0.805986824,0.810555061,0.955063149,0.745132339,0.021500225,-0.145980192,0.108333472,-0.004694772,-6.559571583,5.75292156,-0.303130498,-0.057271945,-0.049949136,-0.005508612,0.997098656,0.967783041,-0.251755799,0.91039582,0.0,0.0,0.0,0.86058265,0.0,3.640992688
1772729828.6637642,0.69079,-0.796906,0.810974,-0.05410326,-0.02259454,-0.01067833,0.99822257,-0.107856,-0.046281,-0.018895,0.900992001,0.680822192,0.025323762,0.095783932,-0.36954253,-0.012715036,-0.045858571,-0.012714662,1.005341903,0.06052622,-0.269929698,0.008289652,48567.638396338,55751.768522686,52951.947349736,48898.586310297,0.682340158,-0.802771557,0.810702314,0.95002929,0.749235434,0.02142435,-0.145069381,0.104403303,-0.006487765,-6.545313125,5.807230497,-0.295303499,-0.057144338,-0.05042629,-0.005461245,0.997078551,0.968381074,-0.249425912,0.910475994,0.0,0.0,0.0,0.86058265,0.0,3.640662299
1772729828.6737645,0.69982,-0.790168,0.811322,-0.05453371,-0.02225062,-0.01032015,0.99821064,-0.10874,-0.045563,-0.018196,0.889414912,0.690015324,0.022271855,0.166034168,-0.466739414,-0.032400975,-0.044604901,-0.017763086,1.004016363,0.066540031,-0.27307548,0.008465354,48498.236510945,55782.347897476,53001.406164614,48883.163669099,0.684741018,-0.800977514,0.810767224,0.947190078,0.751489109,0.021302022,-0.144158613,0.100473322,-0.008280673,-6.533017968,5.845767245,-0.290133168,-0.057034928,-0.050764758,-0.005429883,0.997067299,0.968979079,-0.247096137,0.910556164,0.0,0.0,0.0,0.86058265,0.0,3.640331925
1772729828.6837647,0.708572,-0.783176,0.811519,-0.0534234,-0.02489107,-0.01019367,0.99820963,-0.106486,-0.050804,-0.017715,0.878819778,0.695184346,0.02437143,0.15373112,-0.455521654,-0.008534954,-0.043351231,-0.02281151,1.002690824,0.072553842,-0.276221262,0.008641056,48428.834625552,55812.927272266,53050.864979491,48867.741027901,0.687141878,-0.799183471,0.810832135,0.944350865,0.753742783,0.021179695,-0.143247845,0.096543341,-0.01007358,-6.520722811,5.884303993,-0.284962838,-0.056925519,-0.051103227,-0.005398521,0.997056047,0.969577083,-0.244766362,0.910636334,0.0,0.0,0.0,0.86058265,0.0,3.640001551
1772729828.6937652,0.717301,-0.776026,0.811589,-0.05143431,-0.02896308,-0.01056521,0.99820039,-0.102428,-0.058943,-0.018146,0.865970717,0.704302692,0.021794776,0.180661882,-0.411271423,-0.001243909,-0.041988619,-0.024904029,1.001333599,0.079496814,-0.275506385,0.009992068,48359.431085527,55843.507376109,53100.324973532,48852.318019006,0.689542795,-0.797389386,0.810897047,0.941511585,0.755996511,0.021057364,-0.143549761,0.094270636,-0.011530342,-6.50842736,5.92284166,-0.279792385,-0.056816106,-0.051441703,-0.005367159,0.997044795,0.96984452,-0.24372445,0.910672188,0.0,0.0,0.0,0.86058265,0.0,3.639671169
1772729828.703765,0.725929,-0.76908,0.811966,-0.05110464,-0.03115676,-0.01031147,0.99815392,-0.101757,-0.063295,-0.017436,0.854641316,0.70971948,0.022305849,0.156993615,-0.299873386,0.003377822,-0.040189382,-0.015143131,0.999849544,0.090164526,-0.259310533,0.016055803,48619.310548448,55728.198085354,52952.848617697,48980.555426322,0.693937182,-0.794082277,0.811031734,0.936273971,0.760036178,0.020743505,-0.146122575,0.094782624,-0.013074282,-6.464042474,6.039991665,-0.265362902,-0.056422751,-0.052470183,-0.005278998,0.997017743,0.97027467,-0.241974545,0.910732255,0.0,0.0,0.0,0.86058265,0.0,3.639340811
1772729828.713765,0.734424,-0.761988,0.812164,-0.05069955,-0.03171439,-0.01012652,0.99815891,-0.10095,-0.064383,-0.017036,0.843928447,0.714710375,0.023061211,0.112957041,-0.195708333,0.022453584,-0.054755378,-0.014643476,0.987414803,0.085785544,-0.250614252,0.020275931,48959.422804146,55834.529323513,52810.252182215,48814.088106929,0.702972973,-0.787166776,0.811311962,0.925241063,0.768293001,0.019684506,-0.157152773,0.096907747,-0.031799424,-6.397881872,6.182202778,-0.244292324,-0.055836411,-0.053720824,-0.00513439,0.996982987,0.972751688,-0.231817383,0.911080757,0.0,0.0,0.0,0.86058265,0.0,3.639010445
1772729828.7237656,0.742809,-0.754856,0.812509,-0.0514114,-0.03066428,-0.00945242,0.99816192,-0.102431,-0.062228,-0.015748,0.832377095,0.72040329,0.023269467,0.040361451,-0.063271735,0.058549667,-0.045228431,-0.033536595,0.999828436,0.119417539,-0.219300371,0.023737778,48587.272793325,56161.202339099,53290.227417616,48394.511906436,0.712456587,-0.779615256,0.811532192,0.913024583,0.777156294,0.017713781,-0.15742151,0.083437445,-0.011537429,-6.327859093,6.329737705,-0.219908451,-0.055214332,-0.055019313,-0.004960235,0.996948178,0.97568005,-0.219022269,0.911518316,0.0,0.0,0.0,0.86058265,0.0,3.638680055
1772729828.7337656,0.750994,-0.747403,0.812431,-0.048844,-0.03194595,-0.00963663,0.99824889,-0.097258,-0.064767,-0.016153,0.819122188,0.728709766,0.021114667,-0.005392855,0.003144893,0.074911844,-0.036358844,-0.024818048,1.001064587,0.09217155,-0.244848719,0.030558812,48936.998311447,56185.932382517,53112.798836105,48350.108052285,0.719729788,-0.773691301,0.811679101,0.903361752,0.783975942,0.016324096,-0.148763564,0.086854492,-0.011320297,-6.270574136,6.427251325,-0.201616487,-0.054706055,-0.055878885,-0.004819906,0.996926441,0.979037907,-0.203652222,0.912042776,0.0,0.0,0.0,0.86058265,0.0,3.638349689
1772729828.7437658,0.759239,-0.740262,0.812883,-0.05040007,-0.03233726,-0.0094962,0.99816029,-0.100384,-0.06556,-0.015732,0.805151933,0.739497791,0.016387312,0.021387604,-0.060582809,0.067486096,-0.03472214,-0.025300494,0.997392974,0.100501664,-0.211890036,0.029326213,50220.062672436,56259.286481026,52049.796770643,48260.944880821,0.725163316,-0.769241939,0.811840804,0.895933428,0.788926655,0.01590254,-0.147933492,0.082349921,-0.017942385,-6.212850189,6.514825344,-0.183713387,-0.054194038,-0.056651686,-0.004677377,0.996912765,0.980376876,-0.197087953,0.912266076,0.0,0.0,0.0,0.86058265,0.0,3.638019315
1772729828.7537658,0.767188,-0.732807,0.813024,-0.05034631,-0.03248882,-0.00862038,0.99816603,-0.100333,-0.065774,-0.013968,0.791255339,0.749029794,0.012957374,0.051165424,-0.163001332,0.026163047,-0.036551287,-0.023056947,0.992952794,0.096330109,-0.184270871,0.018847641,48452.593814251,56203.437158712,53575.32922866,48441.253642252,0.732587497,-0.763048035,0.812038995,0.885538567,0.795577747,0.014944413,-0.150606381,0.08013405,-0.020912566,-6.134851208,6.634035088,-0.157828261,-0.05350091,-0.057704057,-0.004469146,0.996890901,0.982004362,-0.188795406,0.912547751,0.0,0.0,0.0,0.86058265,0.0,3.637688949
1772729828.7637658,0.774989,-0.72521,0.813051,-0.05003772,-0.03358484,-0.0084523,0.9981467,-0.099717,-0.067943,-0.013544,0.778769294,0.757617467,0.010025592,0.121394217,-0.291227763,-0.026159148,-0.039870971,-0.010055149,0.991171128,0.0634203,-0.184531575,0.008907581,49104.216286645,55855.157699652,53010.946018196,49089.860294283,0.740494073,-0.756331843,0.812286638,0.874206421,0.80254856,0.013908416,-0.156559914,0.092609694,-0.022337611,-6.065812644,6.730176837,-0.137990885,-0.052888752,-0.05855231,-0.004306118,0.996874222,0.983725645,-0.17960962,0.912859267,0.0,0.0,0.0,0.86058265,0.0,3.637358583
1772729828.7737656,0.782738,-0.717632,0.813176,-0.04952685,-0.03403821,-0.00871434,0.99815457,-0.098671,-0.068868,-0.014059,0.765944184,0.764877245,0.008869142,0.185002913,-0.390294884,-0.072103324,-0.042970457,-0.000388363,0.992455274,0.045313965,-0.168062089,0.015241084,48923.637186273,55859.6749189,53234.021000512,49164.45535257,0.74633396,-0.751219822,0.812410439,0.865580152,0.807797968,0.012746802,-0.160635949,0.103802289,-0.024031498,-6.011804848,6.829197499,-0.125305645,-0.052410692,-0.059421561,-0.004213346,0.996854141,0.985035111,-0.172292841,0.913107049,0.0,0.0,0.0,0.86058265,0.0,3.637028224
1772729828.7837653,0.790284,-0.709874,0.813186,-0.04740778,-0.03770767,-0.00898909,0.99812315,-0.094373,-0.0762,-0.014411,0.753556216,0.772548775,0.005678793,0.269879014,-0.457342507,-0.116580819,-0.041030755,-0.011707453,0.995656014,0.021363395,-0.174234003,0.012820688,48509.795792961,55975.653805405,53675.900082831,49050.173540346,0.751113336,-0.746949887,0.812462142,0.858384284,0.812182745,0.01150696,-0.160785807,0.093683196,-0.023674495,-5.985470551,6.882662154,-0.117295842,-0.052176446,-0.059891257,-0.004154222,0.996834829,0.986013721,-0.166634666,0.913298479,0.0,0.0,0.0,0.86058265,0.0,3.636567241
1772729828.7937653,0.797815,-0.702136,0.813261,-0.04650535,-0.0400219,-0.0101863,0.998064,-0.092449,-0.080925,-0.016666,0.742006224,0.777148721,0.006932815,0.246886543,-0.444875739,-0.123942723,-0.035861588,-0.02062808,1.000877104,0.005847132,-0.177712454,0.014194931,48522.682071622,56085.497786975,53743.69667184,48921.580617348,0.758808122,-0.740097237,0.81270641,0.846812848,0.818771856,0.010241402,-0.156896702,0.084340866,-0.014438803,-5.959885706,6.950376094,-0.106916113,-0.051947152,-0.060485937,-0.004081235,0.996812255,0.987495067,-0.157599849,0.913603646,0.0,0.0,0.0,0.86058265,0.0,3.636065892
1772729828.8037655,0.805226,-0.694423,0.813433,-0.04487026,-0.04264259,-0.01005945,0.9980316,-0.089154,-0.086126,-0.016314,0.730475638,0.780633068,0.008655214,0.205500287,-0.309909337,-0.0891885,-0.035684293,-0.013048491,1.00466764,0.01981724,-0.159572415,0.010105753,49392.274867765,55947.807918997,53025.560374792,49250.114855675,0.768230398,-0.731379423,0.81293709,0.831852917,0.827224185,0.009254725,-0.158052993,0.093431411,-0.010383121,-5.932069526,7.062728485,-0.089373613,-0.05169359,-0.061472159,-0.003964531,0.99676441,0.989275554,-0.146047447,0.913993275,0.0,0.0,0.0,0.86058265,0.0,3.635564531
1772729828.8137655,0.81238,-0.686574,0.813479,-0.04457956,-0.04316803,-0.01029888,0.9980196,-0.088545,-0.087194,-0.016773,0.717938136,0.78484766,0.009150494,0.142266717,-0.117151966,-0.039355412,-0.035397792,-0.019430863,1.010142274,0.053355918,-0.114010707,0.017386477,49026.606092576,56053.445100884,53435.106369511,49120.029645259,0.777825142,-0.722098655,0.813069952,0.815767325,0.836299265,0.008496219,-0.164370095,0.087606413,-0.006953253,-5.897769843,7.162887617,-0.074496595,-0.05138504,-0.062351231,-0.003861566,0.996725589,0.989590312,-0.143861902,0.914066882,0.0,0.0,0.0,0.86058265,0.0,3.635063182
1772729828.823766,0.819524,-0.678652,0.81352,-0.04416048,-0.04276938,-0.01028035,0.99805558,-0.087709,-0.086388,-0.016807,0.705642398,0.788041699,0.012132918,0.00485166,0.168598363,0.028060202,-0.050005469,-0.023828799,0.995920277,0.061543666,-0.079590403,0.009061082,48937.733229693,55943.216634279,53509.421401736,49388.866640757,0.786134325,-0.71382299,0.813170595,0.801403181,0.844257283,0.007939227,-0.171872601,0.074686187,-0.01764882,-5.851671765,7.23964627,-0.062140528,-0.050975574,-0.063025938,-0.003763109,0.996702465,0.991099303,-0.133051931,0.914430726,0.0,0.0,0.0,0.86058265,0.0,3.634561809
1772729828.8337665,0.826477,-0.670699,0.813612,-0.04399432,-0.04234949,-0.01027824,0.99808085,-0.087379,-0.085545,-0.016853,0.691764005,0.79463448,0.011570213,-0.087693137,0.353195648,0.071075041,-0.057410546,-0.022007656,0.992080194,0.034144096,-0.046299338,0.003296766,49581.986830272,55792.607686005,53004.61617938,49719.423649553,0.793478827,-0.706280308,0.813228389,0.787608291,0.85096137,0.007004644,-0.182409892,0.082720328,-0.025598959,-5.796902518,7.293690762,-0.056140932,-0.050494617,-0.063500449,-0.003704571,0.996695927,0.992580238,-0.1213101,0.914825231,0.0,0.0,0.0,0.86058265,0.0,3.634060436
1772729828.8437665,0.833432,-0.662873,0.813853,-0.04412991,-0.03965554,-0.01008406,0.99818751,-0.087694,-0.080143,-0.016686,0.677330308,0.803504865,0.008094938,-0.10970731,0.404015328,0.050517759,-0.041828374,-0.02630984,1.001053107,0.034861021,-0.007018199,0.007878766,50345.113691289,55759.120941473,52455.58327204,49829.203215299,0.800049471,-0.699427829,0.813292563,0.774321436,0.856272198,0.005539216,-0.168492538,0.075359577,-0.009029373,-5.749930712,7.320680168,-0.05561733,-0.050085134,-0.063736951,-0.003685812,0.996700128,0.994357705,-0.106079064,0.91533637,0.0,0.0,0.0,0.86058265,0.0,3.633559086
1772729828.8537662,0.840073,-0.654742,0.813873,-0.04505193,-0.03770443,-0.00957547,0.99822693,-0.089602,-0.076212,-0.015766,0.663471282,0.811166993,0.005507018,-0.052580349,0.31924801,0.042203793,-0.039864603,-0.028810926,1.003081895,0.063488687,0.048453578,0.009338991,50586.457208143,55706.928489821,52367.818342335,49925.795959701,0.806583093,-0.692516837,0.813387321,0.761565356,0.861748055,0.004479459,-0.165545635,0.072764655,-0.010293014,-5.714750994,7.32075383,-0.054765187,-0.049778669,-0.063739088,-0.003658887,0.996717813,0.994357705,-0.106079064,0.91533637,0.0,0.0,0.0,0.86058265,0.0,3.633057749
1772729828.863766,0.846659,-0.646639,0.814021,-0.04715121,-0.03434936,-0.00921453,0.99825447,-0.093869,-0.069504,-0.015195,0.649240732,0.818953967,0.001971564,0.01598295,0.173830614,0.023268972,-0.038933394,-0.029219389,1.003814168,0.083912278,0.070429124,0.00447133,50020.53255422,56129.393267397,52955.95733357,49463.238191334,0.813862439,-0.684556075,0.813458041,0.747376961,0.86834895,0.003732544,-0.169934408,0.069826831,-0.013907217,-5.656584776,7.29721765,-0.057317038,-0.049274682,-0.063535124,-0.003638667,0.99675315,0.995390359,-0.09587766,0.915678166,0.0,0.0,0.0,0.86058265,0.0,3.632556412
1772729828.873766,0.853036,-0.638282,0.813833,-0.0453434,-0.03536399,-0.00965552,0.99829862,-0.090202,-0.071544,-0.016113,0.637660029,0.823700494,0.001113307,0.066033843,0.072902547,0.047610727,-0.035288658,-0.024870779,1.0079685,0.091630805,0.03602408,0.009451706,49589.444871121,56293.607078812,53445.891263789,49274.819370732,0.820563067,-0.677064924,0.813513476,0.734578957,0.87456088,0.002904686,-0.161281702,0.067937079,-0.010016802,-5.583416643,7.268167373,-0.063081687,-0.048642075,-0.06328228,-0.003635918,0.996794062,0.996978665,-0.07750686,0.916292842,0.0,0.0,0.0,0.86058265,0.0,3.632055063
1772729828.8837664,0.859323,-0.629979,0.813793,-0.04362419,-0.03679954,-0.00999981,0.99831995,-0.086714,-0.074417,-0.016803,0.62589001,0.829187252,-0.00029901,0.124914733,-0.043930897,0.052587182,-0.038456949,-0.013217948,1.002944975,0.109628109,0.039795903,0.002148332,50708.596156285,56104.422645679,52552.393700074,49551.378140453,0.827135279,-0.669524203,0.813619932,0.722017873,0.88056336,0.002624402,-0.163441342,0.071520611,-0.014137851,-5.514734572,7.242362521,-0.064983108,-0.048046235,-0.063059165,-0.003603715,0.996831768,0.997691666,-0.06718253,0.916637811,0.0,0.0,0.0,0.86058265,0.0,3.631509046
1772729828.893767,0.865608,-0.621805,0.81395,-0.04347972,-0.03664474,-0.00893035,0.99834209,-0.086505,-0.074012,-0.014685,0.615431162,0.832285759,0.001230382,0.136833226,-0.054210167,0.056799706,-0.041403034,-0.02067476,0.994780561,0.118212658,0.023885212,-0.001313671,50014.887564448,56786.600870347,53056.966321366,48870.493969065,0.833707692,-0.661983162,0.813726386,0.709456337,0.88656605,0.00234395,-0.169102207,0.076661617,-0.02078021,-5.432361326,7.219766103,-0.067478744,-0.047331491,-0.06286415,-0.003570787,0.996886347,0.998332555,-0.057521037,0.916960562,0.0,0.0,0.0,0.86058265,0.0,3.630817932
1772729828.903767,0.871696,-0.613462,0.81397,-0.04370521,-0.03626341,-0.00852897,0.99834968,-0.08699,-0.073218,-0.013898,0.603120952,0.837224575,0.002432947,0.050850401,0.026945444,0.073459097,-0.036336867,-0.041829722,0.998195558,0.120323194,-0.015739716,-0.000700215,50193.030796367,56865.595738088,53058.483064382,48776.136295378,0.840461111,-0.653856579,0.813811303,0.696261906,0.892841981,0.001381665,-0.16454321,0.055295982,-0.016222505,-5.341944813,7.201554515,-0.073824731,-0.046548747,-0.062705927,-0.003568978,0.996933535,0.998884935,-0.047127505,0.917307496,0.0,0.0,0.0,0.86058265,0.0,3.630126868
1772729828.913767,0.877692,-0.605122,0.814041,-0.04409515,-0.03454579,-0.00746623,0.99840195,-0.08786,-0.069696,-0.011891,0.589989879,0.843042335,0.003743924,-0.084408439,0.18143285,0.092736876,-0.029455952,-0.032676136,1.005050564,0.120256832,-0.043489771,0.007315778,49652.032195838,56654.749443026,53679.686844536,49115.594767158,0.847004909,-0.645784724,0.813921484,0.683429922,0.898874017,0.000180338,-0.1564704,0.057567654,-0.008725152,-5.24633643,7.20529328,-0.076350085,-0.045718258,-0.062740396,-0.00354008,0.996972008,0.998928845,-0.046272088,0.917336047,0.0,0.0,0.0,0.86058265,0.0,3.629435803
1772729828.923767,0.883456,-0.596449,0.813861,-0.04296162,-0.03612169,-0.00845473,0.99838772,-0.085505,-0.072918,-0.013816,0.577113177,0.852799065,-0.000814783,-0.045898601,0.124618821,0.0404562,-0.030827344,-0.029362011,0.999966334,0.108426979,-0.027623109,0.003464658,50096.308756191,56497.807681525,53379.94561256,49512.13017475,0.854277464,-0.636378411,0.813867193,0.66854543,0.906000117,-0.001172455,-0.154450099,0.06073969,-0.015913701,-5.161894072,7.22426401,-0.075213092,-0.044982592,-0.062908486,-0.003491384,0.996995699,0.999346733,-0.036113658,0.917674989,0.0,0.0,0.0,0.86058265,0.0,3.628744739
1772729828.933767,0.889192,-0.588015,0.813999,-0.04403199,-0.03408459,-0.00813938,0.99841533,-0.087689,-0.068832,-0.013283,0.565268274,0.858415232,-0.000970145,-0.013641748,0.08625749,-0.00623287,-0.031119736,-0.034359474,1.000943129,0.098333762,-0.027186149,-0.000228773,49963.623550462,56793.146819033,53521.162044461,49310.630184157,0.860674222,-0.627887953,0.813831866,0.655165267,0.91214137,-0.002185729,-0.157431303,0.052509412,-0.012518196,-5.083148091,7.238123074,-0.075613161,-0.044297419,-0.063031305,-0.003457001,0.997017566,0.999633442,-0.026957667,0.917980336,0.0,0.0,0.0,0.86058265,0.0,3.628053674
1772729828.943767,0.894762,-0.579402,0.814005,-0.04518779,-0.03281308,-0.007705,0.99840973,-0.090045,-0.066267,-0.012448,0.552422807,0.864503408,-0.001751187,0.019560988,-0.00276062,-0.038729845,-0.031917042,-0.035273125,1.005393443,0.053511491,-0.007014191,-0.004200031,49723.617524433,56559.512634404,53793.735259862,49802.677936634,0.869362895,-0.616165567,0.813890261,0.63690939,0.919997285,-0.003058883,-0.156484872,0.078488244,-0.000518919,-5.008610544,7.24902223,-0.081823603,-0.043652108,-0.063126027,-0.003474153,0.997045197,0.999759654,-0.009580007,0.918559652,0.0,0.0,0.0,0.86058265,0.0,3.62736261
1772729828.9537675,0.900221,-0.570698,0.813938,-0.04444533,-0.03326884,-0.00772186,0.99842785,-0.088552,-0.06717,-0.012491,0.539236645,0.870052325,-0.002774789,0.065958723,-0.084185983,-0.046810248,-0.033384239,-0.034940439,1.008775547,-0.001499398,0.025576825,-0.008214747,50056.182052357,56651.940109627,53608.195261487,49687.03140538,0.881839704,-0.59782699,0.813899685,0.596205856,0.915146891,-0.003748068,-0.155030325,0.070321352,-0.004466384,-4.935990031,7.265067106,-0.091494705,-0.043025292,-0.063264184,-0.003524338,0.997070806,0.999873244,0.00844531,0.919160549,0.0,0.0,0.0,0.86058265,0.0,3.626671512
1772729828.963767,0.905649,-0.561942,0.813832,-0.04184626,-0.03674094,-0.00885802,0.998409,-0.083233,-0.074174,-0.014654,0.526398404,0.873959031,-0.002514357,0.093905054,-0.108589682,-0.043805628,-0.029688337,-0.041787512,1.005534192,0.033478722,0.015270348,0.004708211,50460.692985084,58050.769064877,53421.014736716,47852.285389085,0.895949279,-0.576636295,0.813887982,0.545823059,0.90481552,-0.004357808,-0.153610289,0.062249219,-0.006269602,-4.718861567,7.289443343,-0.086949349,-0.041133014,-0.063484297,-0.003373234,0.997135635,0.999529661,0.028598191,0.919832504,0.0,0.0,0.0,0.86058265,0.0,3.625980481
1772729828.9737673,0.910804,-0.55333,0.814007,-0.04377111,-0.03393816,-0.00854029,0.99842844,-0.08714,-0.068571,-0.014116,0.513182016,0.879726014,-0.003201479,0.12304292,-0.139330907,-0.043849672,-0.02476401,-0.012271394,1.012109897,0.063097671,0.025716709,0.00208797,50740.897242405,57752.740426964,53273.661654557,48492.536763262,0.906782263,-0.559686528,0.813906185,0.515971698,0.90737547,-0.004606901,-0.152916919,0.064241628,-0.00874271,-4.493346979,7.314015371,-0.081517358,-0.039167268,-0.063706686,-0.003209809,0.997188669,0.997974866,0.062823945,0.920974645,0.0,0.0,0.0,0.86058265,0.0,3.6252894
1772729828.983767,0.915754,-0.544278,0.81374,-0.04230677,-0.03696359,-0.00899025,0.99838019,-0.084145,-0.074637,-0.014866,0.502052363,0.882602221,-0.000881838,0.074008776,-0.078217755,-0.002967799,-0.026122995,-0.013819552,1.00594016,0.025516954,0.085006889,-0.003522319,50672.598125577,57195.729019758,53345.001622097,49475.208326762,0.91287981,-0.54915508,0.813852276,0.50633351,0.918931324,-0.004834552,-0.152692116,0.060862155,-0.008999597,-4.474639609,7.279850005,-0.086222537,-0.039007607,-0.063408283,-0.003228754,0.997215896,0.997284472,0.073645249,0.921336114,0.0,0.0,0.0,0.86058265,0.0,3.624598352
1772729828.9937663,0.9208,-0.535566,0.813856,-0.04185581,-0.03608763,-0.00829944,0.99843723,-0.083299,-0.072822,-0.013588,0.490139861,0.887170329,0.000443882,0.011123458,0.01147969,0.042465376,-0.025854929,-0.025439452,1.011980518,-0.019571963,0.120830214,-0.01510062,50511.718345149,56732.214897543,53496.18865689,50224.833718559,0.917632497,-0.540742884,0.813805966,0.497189933,0.926984481,-0.005185703,-0.152414069,0.054465957,-0.004391326,-4.464060211,7.225250721,-0.095884767,-0.038921651,-0.062930154,-0.003288498,0.997247776,0.997018502,0.077015619,0.921448796,0.0,0.0,0.0,0.86058265,0.0,3.623907337
1772729829.0037668,0.925662,-0.526699,0.813893,-0.04234429,-0.03546417,-0.00860451,0.99843639,-0.084261,-0.071607,-0.014216,0.479188608,0.892686962,7.9662e-05,-0.016351233,0.072112641,0.054141211,-0.023426739,-0.016985786,1.018524742,-0.0692003,0.165696434,-0.014354156,50624.82409284,56421.329881451,53405.867347789,50714.778200394,0.922505372,-0.531934656,0.813810828,0.486640002,0.934310228,-0.005032385,-0.150243292,0.059143452,0.004131518,-4.469589782,7.15801235,-0.109181465,-0.038977941,-0.0623403,-0.003384427,0.997294966,0.996275531,0.08612037,0.921753271,0.0,0.0,0.0,0.86058265,0.0,3.623216239
1772729829.0137668,0.930414,-0.517701,0.813874,-0.04223374,-0.03554087,-0.00779238,0.99844501,-0.084097,-0.071691,-0.012591,0.468983664,0.898838017,-0.000796096,-0.029453058,0.122418282,0.034955988,-0.02295558,-0.013508851,1.015043781,-0.1679426,0.220273765,-0.019594983,51028.312515617,56320.021099975,53054.780018879,50895.853091424,0.928312096,-0.521159757,0.81382458,0.473088039,0.942620106,-0.00401738,-0.145698575,0.055242757,-0.003059992,-4.512526156,6.998282001,-0.14251687,-0.039371427,-0.060937399,-0.003643242,0.997350423,0.995099117,0.098754566,0.922176232,0.0,0.0,0.0,0.86058265,0.0,3.622525175
1772729829.0237663,0.935062,-0.508709,0.813861,-0.04283598,-0.03500567,-0.00793393,0.99843715,-0.085298,-0.07064,-0.012877,0.458341385,0.903365586,0.000830343,-0.107419683,0.213106216,0.008778267,-0.025807998,-0.027387619,1.014617433,-0.1858432,0.23196594,-0.031547438,50018.790794871,56081.27336756,53873.860968499,51388.520858595,0.933537726,-0.511188662,0.813828383,0.460557496,0.949965811,-0.003530707,-0.144569191,0.049688132,-0.003307578,-4.593586174,6.831591979,-0.169272,-0.040092485,-0.059474596,-0.003861038,0.997407239,0.994020945,0.109076642,0.9225222,0.0,0.0,0.0,0.86058265,0.0,3.621834143
1772729829.0337656,0.939494,-0.499591,0.813849,-0.0430381,-0.03347334,-0.00809025,0.99847975,-0.085704,-0.067593,-0.013305,0.446268976,0.911436747,-0.001576886,-0.131076994,0.191267294,-0.020785845,-0.028283954,-0.034075174,1.016588581,-0.192671095,0.233109867,-0.036368648,50118.405654417,55974.669737812,53796.426345162,51648.130988733,0.937103267,-0.504080376,0.813824748,0.45169032,0.955044999,-0.003591676,-0.144368076,0.052917061,0.005052183,-4.670920772,6.668649602,-0.200074911,-0.040782517,-0.058042696,-0.004111544,0.997454661,0.992733227,0.119720564,0.92287962,0.0,0.0,0.0,0.86058265,0.0,3.621143128
1772729829.0437663,0.943956,-0.490473,0.813821,-0.04385247,-0.03227181,-0.0084237,0.99848111,-0.087324,-0.065231,-0.014022,0.435984157,0.916114432,0.000296193,-0.15974142,0.22300379,-0.040713272,-0.030014273,-0.026511776,1.023311686,-0.17755536,0.213348502,-0.027057406,50586.495934959,56132.735660476,53383.389125084,51566.528380697,0.940848879,-0.496379714,0.813820777,0.442267513,0.960579845,-0.003366629,-0.139291092,0.070270655,0.012060752,-4.768889569,6.532896672,-0.234168155,-0.041652734,-0.056844896,-0.004408166,0.997489911,0.991328037,0.130574865,0.923244456,0.0,0.0,0.0,0.86058265,0.0,3.62060224
1772729829.0537663,0.948269,-0.481282,0.813854,-0.04485926,-0.03062872,-0.00855301,0.99848704,-0.089349,-0.061972,-0.01436,0.425251532,0.920965447,0.00225412,-0.178002754,0.233159031,-0.061182328,-0.029083136,-0.016897478,1.016943928,-0.107477849,0.171221576,-0.022721815,50340.188272,56559.639055827,53694.577577168,50957.163747027,0.947763081,-0.481849404,0.813819221,0.424943225,0.971153414,-0.001470916,-0.137161767,0.078630047,0.006205997,-4.856494315,6.396885349,-0.268735904,-0.042432744,-0.055644942,-0.004703231,0.997538461,0.989922948,0.141428389,0.923609265,0.0,0.0,0.0,0.86058265,0.0,3.620067884
1772729829.0637667,0.952517,-0.472093,0.813919,-0.04557365,-0.03097577,-0.00931464,0.99843717,-0.090731,-0.062745,-0.015809,0.414107602,0.926442201,0.003709347,-0.162982221,0.206580933,-0.03914164,-0.025393665,-0.029060662,1.01875241,-0.04625886,0.126224708,-0.012089953,50600.739292829,56641.824452191,53466.218625498,50861.181025896,0.952449982,-0.471656102,0.813866093,0.413249499,0.978567853,-9.7578e-05,-0.136438111,0.055735706,0.008340791,-4.893929248,6.279505855,-0.298947125,-0.042773057,-0.054610312,-0.004940935,0.997571735,0.988386204,0.151928215,0.923962994,0.0,0.0,0.0,0.86058265,0.0,3.619533502
1772729829.0737665,0.956524,-0.462735,0.813891,-0.04653824,-0.02935895,-0.00894484,0.99844491,-0.092703,-0.059494,-0.015157,0.402111689,0.932276821,0.005001093,-0.131734154,0.203126625,-0.038343868,-0.021387409,-0.034586403,1.025650577,0.0043006,0.105048828,-0.000124698,51348.922178537,56951.417389623,53050.342726394,50232.494308733,0.954761638,-0.466352974,0.81387383,0.407284704,0.982478461,0.000230482,-0.133304224,0.052968424,0.015787743,-4.900482511,6.208467781,-0.31447122,-0.042837276,-0.053985793,-0.005052862,0.997606202,0.986565188,0.163061933,0.924339054,0.0,0.0,0.0,0.86058265,0.0,3.618999159
1772729829.0837662,0.960519,-0.453416,0.814018,-0.04699078,-0.02787682,-0.0097772,0.99845839,-0.093578,-0.056617,-0.016932,0.39101836,0.937670242,0.006462691,-0.075242402,0.206155779,-0.015441459,-0.017889659,-0.029455374,1.032057048,0.05507627,0.096828193,0.010322827,51624.120090235,57003.861785369,52734.59502417,50193.566509829,0.957395662,-0.460257859,0.813896235,0.400460573,0.986967222,0.00089708,-0.129757068,0.057223091,0.022406937,-4.894098097,6.169182191,-0.319170336,-0.04278374,-0.053642302,-0.0050762,0.997626156,0.984948814,0.172846362,0.924669623,0.0,0.0,0.0,0.86058265,0.0,3.618464816
1772729829.0937655,0.964371,-0.444023,0.81406,-0.04701864,-0.02719284,-0.00949469,0.99847867,-0.093657,-0.055224,-0.016429,0.38109407,0.943129532,0.00707221,4.4385e-05,0.18549314,0.024359142,-0.020721761,-0.030400321,1.024810693,0.127470044,0.10351204,-0.001899256,51775.812315937,57148.157411584,52596.401209838,49938.046960813,0.961301282,-0.451004548,0.813971408,0.390214529,0.993745527,0.002880739,-0.128442109,0.059638167,0.017400261,-4.846004336,6.109678315,-0.324567331,-0.042367265,-0.053124366,-0.005078915,0.997666558,0.984802728,0.173655103,0.924697021,0.0,0.0,0.0,0.86058265,0.0,3.617930498
1772729829.1037655,0.968111,-0.434549,0.814134,-0.04704961,-0.02633334,-0.00924657,0.99850257,-0.093742,-0.053483,-0.016011,0.370805385,0.947099932,0.010460072,0.043865691,0.216810232,0.05933846,-0.025955732,-0.033857936,1.019175323,0.196469826,0.073980289,0.006429225,51410.615921788,57244.824022346,53028.855446927,49650.259776536,0.965833711,-0.439832067,0.814058029,0.378052109,1.001750996,0.005055182,-0.132987391,0.051164536,0.007086298,-4.747238226,6.043034671,-0.327868928,-0.041508513,-0.052547262,-0.005037881,0.997740303,0.982693284,0.185187557,0.925087851,0.0,0.0,0.0,0.86058265,0.0,3.617396141
1772729829.113766,0.971772,-0.425029,0.814246,-0.04664781,-0.02495711,-0.0096313,0.99855313,-0.092933,-0.050762,-0.016929,0.361239156,0.951358231,0.013480704,0.086217748,0.204629147,0.062432322,-0.016725167,-0.038410936,1.018568826,0.177475594,0.054790207,0.000872321,51460.163870832,57052.830467603,52978.887502621,49908.853323548,0.97018977,-0.428660032,0.814164277,0.366220196,1.009411197,0.006404114,-0.122875483,0.04595923,0.00983536,-4.595208385,5.975455327,-0.330630315,-0.040185579,-0.051964476,-0.004968627,0.997827432,0.980359327,0.197156824,0.92549434,0.0,0.0,0.0,0.86058265,0.0,3.61686176
1772729829.1237657,0.97542,-0.415546,0.81439,-0.04602924,-0.02465961,-0.00851097,0.99859941,-0.091753,-0.050055,-0.014747,0.35114983,0.957113928,0.01446029,0.120227206,0.192405437,0.068314682,-0.027503732,-0.030122534,1.012287989,0.149483269,0.081164195,-0.010719486,50655.180151339,57154.686263097,53530.41443539,49917.721769499,0.974390891,-0.417604443,0.814302323,0.354814081,1.016547726,0.007888965,-0.131092098,0.05094506,0.002991331,-4.462085556,5.925089727,-0.335138967,-0.039028009,-0.051530084,-0.004930508,0.997890131,0.978049895,0.208314646,0.925874137,0.0,0.0,0.0,0.86058265,0.0,3.616327416
1772729829.1337657,0.978797,-0.4059,0.81452,-0.04505532,-0.02369618,-0.00818226,0.9986699,-0.089827,-0.048085,-0.014224,0.341189952,0.96328602,0.014780511,0.159819521,0.125600505,0.015710509,-0.03839468,-0.020477217,1.014414532,0.119990367,0.078474843,-0.016454443,51053.767886784,56635.773079379,53276.913939136,50502.308852947,0.977755939,-0.408344366,0.814430794,0.345354335,1.02222001,0.008713611,-0.137409188,0.058703108,0.001502473,-4.363387188,5.875820773,-0.346502601,-0.038173153,-0.051101454,-0.004968816,0.997941829,0.976172613,0.21693813,0.926168333,0.0,0.0,0.0,0.86058265,0.0,3.615882826
1772729829.143766,0.982149,-0.396327,0.814805,-0.04519201,-0.02136306,-0.00860115,0.99871283,-0.090107,-0.043462,-0.015264,0.331466905,0.968330178,0.015515652,0.170992049,0.099580243,-0.017269422,-0.036137642,-0.022415918,1.016899504,0.102750202,0.090542371,-0.019008517,50938.809394329,56646.2076674,53354.34727469,50525.271327162,0.980705896,-0.399947839,0.814593146,0.336856047,1.027112415,0.009372886,-0.131424646,0.057781961,0.002276414,-4.307342131,5.842890594,-0.351788196,-0.037687102,-0.050815345,-0.004979106,0.997984945,0.974329118,0.225077952,0.926446554,0.0,0.0,0.0,0.86058265,0.0,3.616468037
1772729829.153766,0.985462,-0.38653,0.81485,-0.04367368,-0.02234549,-0.00882076,0.99875697,-0.087044,-0.045422,-0.015685,0.321744712,0.975006349,0.014230122,0.174659524,0.047214226,-0.056758164,-0.033880657,-0.024354574,1.019384417,0.085510448,0.102609611,-0.02156253,51152.502971397,56376.918411552,53029.113412941,51026.81732852,0.984082162,-0.390065945,0.814764029,0.327079109,1.032731341,0.01002629,-0.12371812,0.047315609,0.011728136,-4.225779369,5.789836537,-0.361881966,-0.03698064,-0.050353543,-0.005013848,0.998035925,0.971747293,0.235972174,0.926819744,0.0,0.0,0.0,0.86058265,0.0,3.617053234
1772729829.1637657,0.988644,-0.376758,0.814965,-0.04270079,-0.0227481,-0.0088959,0.99878928,-0.085087,-0.046217,-0.015845,0.314188062,0.979450371,0.015477074,0.129532777,0.062039135,-0.065170672,-0.031623726,-0.026293183,1.021869271,0.068271105,0.114676564,-0.024116482,51429.238994401,56388.868701284,52654.815567022,51088.692721484,0.987839856,-0.378667477,0.814914498,0.31595968,1.039107241,0.011287248,-0.128744137,0.041585822,0.016990381,-4.148952706,5.7142578,-0.384495021,-0.036320412,-0.049691448,-0.005153342,0.998082704,0.968854312,0.247582511,0.927218587,0.0,0.0,0.0,0.86058265,0.0,3.617638416
1772729829.173766,0.991699,-0.366937,0.815134,-0.04201396,-0.02282672,-0.00972197,0.99880892,-0.083672,-0.046433,-0.017522,0.30907512,0.979457577,0.020570804,0.051770736,0.094401425,-0.019076013,-0.025860677,-0.022509229,1.023131018,0.033692291,0.122189456,-0.02757772,50546.266713889,55862.075301041,53379.73203291,51688.500790062,0.991507755,-0.367033902,0.815092965,0.304639482,1.045443285,0.013417114,-0.12688779,0.051445169,0.014587132,-4.090562311,5.629236121,-0.410648549,-0.035821823,-0.048945318,-0.00532951,0.998139172,0.965947194,0.258709184,0.927601956,0.0,0.0,0.0,0.86058265,0.0,3.618223627
1772729829.183766,0.994757,-0.357176,0.81543,-0.04231185,-0.02031937,-0.00929357,0.99885457,-0.084321,-0.04139,-0.016862,0.299498634,0.983671179,0.023973547,-0.014360365,0.157702847,0.033733727,-0.017708905,-0.022678609,1.018531958,0.010245639,0.073677832,-0.039541303,50092.738498071,56342.183793411,53622.123241318,51152.025645592,0.994993658,-0.355672972,0.815356205,0.293967254,1.051258206,0.015512236,-0.115956133,0.050005357,0.009533873,-4.057227503,5.549038422,-0.437018098,-0.035541257,-0.048240099,-0.005520336,0.998182776,0.96280466,0.270194492,0.927998865,0.0,0.0,0.0,0.86058265,0.0,3.618808823
1772729829.1937668,0.99769,-0.3472,0.815532,-0.04197163,-0.0213234,-0.0094244,0.99884677,-0.083621,-0.043402,-0.017054,0.288040795,0.990573128,0.02524915,-0.074673183,0.203565207,0.060039098,-0.017256526,-0.02815178,1.024245087,-0.001817104,0.029596188,-0.042445398,50771.011085547,56098.987215018,52921.829036812,51460.826317716,0.998426757,-0.34402735,0.815601689,0.283386768,1.057158105,0.017091044,-0.114442754,0.039124238,0.014721269,-4.028360979,5.48614478,-0.468506362,-0.035301762,-0.047683918,-0.005763313,0.998218067,0.959584247,0.281400051,0.928387527,0.0,0.0,0.0,0.86058265,0.0,3.619394076
1772729829.2037668,1.000631,-0.337442,0.815984,-0.04342893,-0.01868536,-0.00859813,0.99884476,-0.086607,-0.038084,-0.015565,0.274989831,1.000975139,0.022007461,-0.027762877,0.110264164,0.056965629,-0.013326346,-0.025907283,1.032619917,0.02567712,0.015572212,-0.033312037,50857.245479636,56132.138048441,52813.214449689,51235.844772886,1.001432915,-0.333617251,0.815940805,0.274129488,1.062149557,0.019153567,-0.111250161,0.0487805,0.026142042,-4.005110332,5.447669936,-0.497626969,-0.035110452,-0.047340995,-0.005995648,0.998240731,0.956573881,0.291463398,0.928737639,0.0,0.0,0.0,0.86058265,0.0,3.619979273
1772729829.2137663,1.003361,-0.327491,0.816275,-0.04343932,-0.01859832,-0.00841023,0.99884753,-0.086636,-0.037894,-0.015197,0.26566894,1.007100514,0.022073661,0.040659628,-0.017948432,0.040183606,-0.011936237,-0.03384259,1.023203738,0.073116474,-0.006777124,-0.019270453,50706.427637131,56519.645991561,52961.160337553,50506.151265823,1.004460758,-0.322261126,0.816233144,0.263848815,1.067924427,0.022002068,-0.108726554,0.040851986,0.018792758,-3.977023658,5.437743887,-0.516495634,-0.034873344,-0.047250246,-0.006145425,0.998257577,0.953225448,0.30222464,0.929113322,0.0,0.0,0.0,0.86058265,0.0,3.620564441
1772729829.2237668,1.005764,-0.317093,0.816273,-0.0426348,-0.01878354,-0.00825995,0.99887999,-0.085028,-0.038239,-0.014911,0.258996867,1.008634703,0.025649558,0.06920564,-0.067211285,0.009318116,-0.020088585,-0.036889684,1.02136269,0.13586436,-0.015576732,-0.01772548,51100.726272745,56694.071704812,52614.980124263,50132.365307804,1.007602857,-0.309502723,0.816459024,0.252328328,1.074607754,0.023894726,-0.116249561,0.03448772,0.01096299,-3.875915607,5.43340937,-0.530444196,-0.033998175,-0.047213751,-0.006223964,0.99828078,0.949343678,0.314107695,0.929530051,0.0,0.0,0.0,0.86058265,0.0,3.621114492
1772729829.2337668,1.008296,-0.306959,0.816473,-0.04214903,-0.01987747,-0.00862051,0.99887638,-0.084028,-0.040448,-0.015559,0.250873452,1.010761356,0.03002297,0.062551945,0.017729072,0.013326195,-0.023054592,-0.032604964,1.017950837,0.188839564,-0.03176793,-0.021880569,50847.606693055,57029.589060813,52622.587981288,49774.811802807,1.010716952,-0.296671392,0.816793533,0.241031913,1.080678909,0.025358116,-0.114269542,0.027282878,0.009323382,-3.749088392,5.446712725,-0.539416742,-0.032897334,-0.04733395,-0.006253634,0.998312735,0.945272974,0.326232789,0.929956377,0.0,0.0,0.0,0.86058265,0.0,3.621114492
1772729829.2437668,1.010807,-0.296915,0.816842,-0.04072889,-0.02093482,-0.00866754,0.99891329,-0.081169,-0.042543,-0.015626,0.243972455,1.012726082,0.033564387,0.05220783,0.066228913,0.005368878,-0.019971994,-0.019771071,1.012706184,0.230420283,-0.056580811,-0.032681246,51038.356456066,56839.350490274,52218.956811475,49980.695903278,1.01406157,-0.28309249,0.817384868,0.229607389,1.086106665,0.027834264,-0.120564982,0.039276409,0.002284766,-3.573579634,5.471979891,-0.557126607,-0.031376336,-0.047558768,-0.006342202,0.998351351,0.940870361,0.338745089,0.930398535,0.0,0.0,0.0,0.86058265,0.0,3.621114492
1772729829.253766,1.013476,-0.287038,0.817434,-0.04158014,-0.01975673,-0.00833647,0.99890503,-0.082902,-0.040174,-0.015024,0.238186746,1.011827033,0.039955341,0.022446671,0.125667763,-0.002166546,-0.017558506,-0.015628951,1.010182157,0.253803979,-0.065989448,-0.043193505,51154.267644793,57003.78437678,51913.803001373,49856.680300137,1.017090942,-0.269204304,0.817898326,0.21756434,1.091688575,0.028831506,-0.116430335,0.030812139,0.006596228,-3.373205378,5.51700584,-0.579559958,-0.029641312,-0.04795628,-0.006465981,0.99838422,0.936226141,0.351362755,0.930846719,0.0,0.0,0.0,0.86058265,0.0,3.621114492
1772729829.263766,1.015706,-0.276864,0.817798,-0.04238994,-0.01708567,-0.00832198,0.99892038,-0.084556,-0.034847,-0.015187,0.229007095,1.014079095,0.042707131,0.028999486,0.144286318,-0.028212398,-0.016962852,-0.035107842,1.015051459,0.227738831,-0.033535618,-0.052924714,51055.861896018,56789.108696248,51798.512785376,50240.135335873,1.019977292,-0.255442623,0.818397924,0.205737773,1.096717198,0.029721389,-0.112295392,0.022347263,0.010907998,-3.156967821,5.542660249,-0.615102392,-0.027773054,-0.048183374,-0.006691245,0.998424446,0.93148787,0.36375585,0.931289019,0.0,0.0,0.0,0.86058265,0.0,3.621114492
1772729829.2737665,1.01771,-0.266417,0.81806,-0.0414649,-0.01613805,-0.00832045,0.99897497,-0.082715,-0.032939,-0.015294,0.216903179,1.022691127,0.037882515,0.126990949,0.061279917,-0.071503602,-0.017135127,-0.035565681,1.01723253,0.190849686,-0.024803678,-0.048901279,50451.087255497,56536.094334171,52204.345901592,50568.222097021,1.022518221,-0.2424816,0.818885351,0.194476021,1.10082393,0.031266214,-0.115497171,0.019570385,0.008811607,-2.997059675,5.560191755,-0.650109225,-0.026395158,-0.048337352,-0.006932971,0.998458334,0.926862123,0.375378704,0.931705958,0.0,0.0,0.0,0.86058265,0.0,3.621114492
1772729829.2837667,1.019995,-0.256295,0.818477,-0.04032658,-0.01798728,-0.00918519,0.99898241,-0.080381,-0.036687,-0.016913,0.205650915,1.028576894,0.034824645,0.224739418,-0.014460056,-0.110616475,-0.016026382,-0.031669163,1.006785435,0.123928179,-0.042701071,-0.043612771,50782.095631818,56322.880908502,51920.682024207,50608.328136674,1.02543064,-0.226469457,0.819405502,0.180487937,1.105604321,0.032866133,-0.117942133,0.017521949,0.000406709,-2.815787364,5.580583805,-0.700189447,-0.02483766,-0.048515058,-0.007297223,0.998490568,0.921024449,0.389428265,0.93221313,0.0,0.0,0.0,0.86058265,0.0,3.621114492
1772729829.2937667,1.022027,-0.246049,0.818886,-0.03897283,-0.01896696,-0.00998685,0.99901033,-0.077626,-0.038684,-0.01849,0.195495486,1.03318496,0.033875751,0.327559797,-0.096677192,-0.122587246,-0.02322129,-0.035793226,1.004421918,0.088470101,-0.04136901,-0.034890387,49904.870579793,55370.464774443,52751.265744476,51639.134592067,1.027381403,-0.214911437,0.819862245,0.170381689,1.108632382,0.033567064,-0.122607419,0.011725059,-0.003728104,-2.715913387,5.587389046,-0.728354413,-0.023979637,-0.048574796,-0.007501745,0.998501204,0.912898135,0.408119853,0.932892544,0.0,0.0,0.0,0.86058265,0.0,3.621114492
1772729829.3037667,1.023905,-0.235684,0.819199,-0.03746815,-0.01831389,-0.01034404,0.99907644,-0.074609,-0.037378,-0.019311,0.189457815,1.034352424,0.03642993,0.376135491,-0.148104344,-0.113076775,-0.020580704,-0.030661426,1.009101984,0.077516464,-0.035459007,-0.034995558,50176.515247923,56162.501412814,52446.248006363,50754.5932771,1.029110322,-0.204041179,0.820258485,0.161027894,1.111350186,0.033112538,-0.117276031,0.010182124,0.000987964,-2.637607298,5.601299327,-0.754107578,-0.023308905,-0.048695931,-0.007695651,0.998510266,0.911569476,0.411146045,0.93300271,0.0,0.0,0.0,0.86058265,0.0,3.621500846
1772729829.313768,1.025774,-0.22526,0.819452,-0.03458397,-0.02025355,-0.01082723,0.99913789,-0.068782,-0.041233,-0.020253,0.180475735,1.038249805,0.037706155,0.360260486,-0.168708057,-0.085209678,-0.016287722,-0.021880986,1.012393351,0.108141046,-0.018827482,-0.034469026,50721.750570358,56011.486154426,51727.169537644,51038.185884421,1.031717741,-0.186729535,0.820934047,0.146120388,1.115244408,0.034206001,-0.109677461,0.018477855,0.006587016,-2.55048493,5.627008492,-0.785241787,-0.022564246,-0.048919627,-0.007934883,0.998513846,0.905755731,0.423699521,0.933463858,0.0,0.0,0.0,0.86058265,0.0,3.622843466
1772729829.3237684,1.027468,-0.214919,0.819976,-0.03405875,-0.01897715,-0.0108435,0.99918081,-0.067753,-0.038671,-0.020393,0.170693189,1.043020808,0.037978164,0.329625773,-0.295064534,-0.075077105,-0.013652351,-0.024226889,1.011412509,0.149006638,-0.031493557,-0.029149044,50606.723076498,56430.969384369,51923.083605288,50290.545301178,1.033702711,-0.17262088,0.821485466,0.133845563,1.118198205,0.03526246,-0.111587953,0.024550267,0.00528594,-2.453317965,5.639827594,-0.811064333,-0.021729254,-0.049033146,-0.008120766,0.99852546,0.895682247,0.444638302,0.934238459,0.0,0.0,0.0,0.86058265,0.0,3.624185989
1772729829.3337677,1.029149,-0.204412,0.820311,-0.03191739,-0.02189139,-0.01112013,0.99918887,-0.063401,-0.044472,-0.020847,0.165710958,1.043865137,0.040448757,0.275496406,-0.440996425,-0.054388856,-0.015959627,-0.038768895,1.015589597,0.175832867,-0.061217612,-0.027992467,50536.604315454,56109.348123386,51910.888162893,50606.528643063,1.035250672,-0.16058458,0.8219921,0.123409617,1.120478083,0.036508071,-0.116256754,0.0054177,0.008350007,-2.340461732,5.655734911,-0.830794479,-0.020755149,-0.049176167,-0.008247152,0.99853822,0.894396544,0.447274894,0.934336245,0.0,0.0,0.0,0.86058265,0.0,3.625528353
1772729829.3437676,1.030856,-0.194044,0.820757,-0.03032088,-0.024626,-0.01156206,0.99916992,-0.060133,-0.049933,-0.02164,0.156916797,1.044348548,0.041643377,0.206540837,-0.439789672,-0.028302339,-0.009781425,-0.041421957,1.005504794,0.1896399,-0.056426743,-0.017013125,50661.460834661,56251.03580072,51747.557523169,50292.899327076,1.036781808,-0.147078453,0.822541335,0.111544683,1.122801976,0.037705107,-0.108614888,0.002867901,0.004314237,-2.201751419,5.68858378,-0.848569162,-0.019555906,-0.04946933,-0.008347893,0.998547554,0.885271013,0.465075552,0.935003042,0.0,0.0,0.0,0.86058265,0.0,3.626870813
1772729829.3537672,1.032324,-0.183528,0.821146,-0.03027108,-0.02688507,-0.01146029,0.99911437,-0.059997,-0.054443,-0.021306,0.148344256,1.045861565,0.041762394,0.146831766,-0.315708339,-0.025275887,-0.012595739,-0.030381757,1.003474264,0.206313934,-0.080176263,-0.016261064,51001.366074973,56256.58243067,51333.334146203,50214.800884705,1.038136364,-0.134471227,0.823093078,0.100679429,1.12472597,0.038795065,-0.109623837,0.008350429,-0.000360695,-2.046756484,5.716918365,-0.863118453,-0.018213181,-0.049725162,-0.008412125,0.99855929,0.882911058,0.469513813,0.935170589,0.0,0.0,0.0,0.86058265,0.0,3.628213208
1772729829.3637671,1.033775,-0.173105,0.821551,-0.02935651,-0.02989707,-0.01182844,0.99905177,-0.058089,-0.060469,-0.021921,0.139370354,1.047894997,0.041340735,0.13434255,-0.137792734,-0.01535396,-0.011186667,-0.027958998,1.007270278,0.219662652,-0.083447472,-0.024614161,50923.128234952,56018.409130561,51221.328293108,50617.255015993,1.039408867,-0.121130145,0.823694121,0.08913913,1.126390288,0.039114556,-0.110849355,0.00740713,-0.000754634,-1.884128633,5.760893432,-0.876820113,-0.016804584,-0.050118274,-0.008467023,0.998564819,0.877006338,0.480459101,0.935585131,0.0,0.0,0.0,0.86058265,0.0,3.629555668
1772729829.3737667,1.035168,-0.162616,0.822023,-0.02877858,-0.02823059,-0.01081873,0.99912851,-0.05702,-0.057066,-0.020028,0.128135223,1.050391814,0.043019408,0.107401176,0.093470066,-0.015147225,-0.012153649,-0.043228348,1.007133675,0.217907876,-0.067187451,-0.030761126,50902.711956253,56133.969540258,51141.957836393,50417.072623348,1.040585146,-0.108602208,0.824307727,0.078550352,1.127330032,0.039688414,-0.112598803,-0.008969351,0.000906342,-1.716149931,5.806107772,-0.896510032,-0.015352178,-0.050522025,-0.008570884,0.998566413,0.871122672,0.491062033,0.935989362,0.0,0.0,0.0,0.86058265,0.0,3.630898064
1772729829.383767,1.036265,-0.152117,0.822392,-0.02833405,-0.02608166,-0.01146623,0.9991924,-0.056132,-0.052795,-0.021467,0.121137858,1.051245544,0.045150432,0.11861338,0.188056959,-0.012239061,-0.008245388,-0.039327944,1.011501154,0.206355516,-0.08759339,-0.030794845,50758.698429319,56205.845026178,51194.009947644,50259.862303665,1.041404027,-0.097245543,0.824800191,0.068462088,1.12824227,0.040374445,-0.111972691,-0.009761966,0.007259785,-1.566956544,5.843084282,-0.916633257,-0.014063305,-0.050852893,-0.008684708,0.998568525,0.866261764,0.49958472,0.93631641,0.0,0.0,0.0,0.86058265,0.0,3.631496742
1772729829.3937669,1.037579,-0.141561,0.822893,-0.02754718,-0.02597965,-0.01221243,0.99920822,-0.054519,-0.052615,-0.023008,0.11368418,1.052123323,0.046727434,0.136174438,0.200790637,-0.013958249,-0.006133712,-0.033834229,0.99784637,0.138577408,-0.07169411,-0.034750697,50763.024848797,55931.956303624,51084.096347696,50556.055698814,1.042188829,-0.085595418,0.825354062,0.058200066,1.128727559,0.041189652,-0.105914162,-0.003747085,-0.00619733,-1.427607056,5.884081094,-0.938256407,-0.012861276,-0.051218252,-0.008815618,0.998565381,0.859442815,0.511183885,0.936764913,0.0,0.0,0.0,0.86058265,0.0,3.631083956
1772729829.403766,1.03859,-0.131022,0.823343,-0.02653929,-0.02507842,-0.01155464,0.99926635,-0.052552,-0.050755,-0.021791,0.105352587,1.053374451,0.048307661,0.144484121,0.104024221,-0.003128895,-0.014543335,-0.034275713,0.996931698,0.136272601,-0.085101847,-0.01870387,50434.62798854,56095.704554436,51436.048384707,50238.889152341,1.042765235,-0.075375564,0.825808747,0.049125245,1.12899501,0.041340082,-0.11774797,-0.007353193,-0.011083791,-1.327621002,5.91687551,-0.956909494,-0.012000531,-0.05150974,-0.008936686,0.998560317,0.850537837,0.525913894,0.93733865,0.0,0.0,0.0,0.86058265,0.0,3.630671208
1772729829.4137657,1.039582,-0.120473,0.823843,-0.02607434,-0.02526237,-0.01204221,0.9992682,-0.051592,-0.051138,-0.022781,0.097242478,1.053552267,0.048909604,0.168776248,-0.033642088,-0.012265865,-0.009201824,-0.039343896,1.010104125,0.122151863,-0.099236756,-0.021750027,50236.748719102,55987.284646722,51632.735597711,50337.853940166,1.043291713,-0.064327636,0.826317605,0.039340336,1.129064745,0.040797655,-0.116912689,-0.012980791,0.005274704,-1.242578957,5.956366705,-0.971050932,-0.011268547,-0.051859093,-0.009025246,0.998550291,0.849382443,0.527741519,0.937410729,0.0,0.0,0.0,0.86058265,0.0,3.630258431
1772729829.4237657,1.040687,-0.110074,0.8244,-0.02538209,-0.02567701,-0.01136892,0.99928334,-0.050233,-0.051918,-0.021449,0.086863583,1.055367304,0.048822269,0.205438769,-0.071266472,0.011686287,-0.006101163,-0.039186597,1.010395482,0.127829781,-0.112590774,-0.015873703,50373.716135305,56006.555498695,51437.981551609,50288.419732869,1.043784812,-0.052708062,0.826857357,0.029014066,1.128857338,0.041120894,-0.11188476,-0.020347182,0.003321939,-1.152386477,6.006166648,-0.983508891,-0.010491741,-0.052298992,-0.009097161,0.998535366,0.839894295,0.542750061,0.938002646,0.0,0.0,0.0,0.86058265,0.0,3.629845645
1772729829.4337654,1.041319,-0.099364,0.824779,-0.02407776,-0.02571932,-0.0116378,0.99931143,-0.047606,-0.051987,-0.022053,0.076661359,1.056247181,0.048592412,0.241730314,-0.094694706,-0.013181048,-0.014105128,-0.024917423,1.00521048,0.142443085,-0.098325913,-0.015122919,50453.949835258,55845.75434118,51302.867137641,50422.06046484,1.044139815,-0.040665216,0.827395966,0.018034399,1.128532754,0.041806436,-0.117018658,-0.005931444,-0.0022527,-1.042700864,6.065901662,-0.999478299,-0.009547529,-0.05282687,-0.009190771,0.998516621,0.835970318,0.548691124,0.938239968,0.0,0.0,0.0,0.86058265,0.0,3.629432868
1772729829.4437654,1.042115,-0.088859,0.825341,-0.02281394,-0.02707136,-0.01169177,0.99930474,-0.045046,-0.054666,-0.022167,0.067552998,1.058031293,0.048092295,0.240143984,-0.119691487,-0.054961164,-0.004331395,-0.035084745,1.002254893,0.10901691,-0.085690074,0.001133204,50552.518948183,55479.696442382,51272.77262181,50695.460943542,1.044391844,-0.029340148,0.827921742,0.00773785,1.128064046,0.042244809,-0.112630485,-0.013748557,-0.002484704,-0.934732392,6.114945883,-1.009707288,-0.008615011,-0.053262088,-0.009233454,0.998500315,0.828870177,0.55944103,0.938669384,0.0,0.0,0.0,0.86058265,0.0,3.629020081
1772729829.4537656,1.042717,-0.07826,0.825762,-0.02161746,-0.02704415,-0.01225322,0.99932535,-0.042619,-0.054609,-0.023358,0.057726531,1.058075523,0.047710943,0.23232291,-0.136916454,-0.059840363,-0.012067711,-0.042456712,0.998260008,0.093943302,-0.068800533,0.001322277,50688.019252912,55445.581935929,51156.582672379,50679.848221122,1.044491859,-0.023258453,0.82820283,0.002203553,1.127785207,0.042384687,-0.118174767,-0.023507613,-0.008064986,-0.912036302,6.127116184,-1.010592405,-0.008418551,-0.053369899,-0.009231372,0.998496859,0.827638262,0.561227441,0.938741717,0.0,0.0,0.0,0.86058265,0.0,3.628607285
1772729829.4637656,1.0432,-0.067629,0.826257,-0.02005318,-0.02755752,-0.01187702,0.99934848,-0.039497,-0.055584,-0.02267,0.048753077,1.058073484,0.047694354,0.192718692,-0.155341105,-0.044298399,-0.012233089,-0.042438986,0.998585834,0.097423968,-0.062132543,0.003840364,50866.978929342,55506.86949635,50995.518963592,50567.814560672,1.044527147,-0.020605939,0.828330339,-0.000189553,1.127608944,0.042397335,-0.118625658,-0.023463452,-0.006563885,-0.889340752,6.139286195,-1.011477501,-0.008222097,-0.053477707,-0.00922929,0.998493612,0.824834364,0.565293397,0.938906352,0.0,0.0,0.0,0.86058265,0.0,3.628194498
1772729829.4737644,1.043794,-0.057144,0.826794,-0.01945088,-0.0290721,-0.01273445,0.99930691,-0.038209,-0.058633,-0.024365,0.042846506,1.056280902,0.048893656,0.148517201,-0.186569565,-0.021801725,-0.011144135,-0.041196977,0.999627456,0.10397821,-0.057158776,0.006744019,51045.917272095,55568.149750717,50834.474455115,50455.794255688,1.044562432,-0.017953741,0.828457833,-0.002582374,1.127432701,0.042409982,-0.119076495,-0.023419296,-0.005062964,-0.866499368,6.15168268,-1.012193563,-0.00802431,-0.053587512,-0.009225671,0.998490365,0.8220308,0.569358868,0.939070967,0.0,0.0,0.0,0.86058265,0.0,3.627781761
1772729829.4837646,1.044041,-0.046514,0.82719,-0.01955214,-0.02948438,-0.01282094,0.99929175,-0.038398,-0.059463,-0.024517,0.033777052,1.05721346,0.048293422,0.12823115,-0.195976984,-0.014601373,-0.010055025,-0.03995479,1.000669227,0.110533389,-0.052184297,0.009648089,51224.88121526,55629.438772349,50673.406906266,50343.757924146,1.044597721,-0.015301164,0.828585346,-0.004975538,1.127256434,0.04242263,-0.119527397,-0.023375134,-0.003561827,-0.84184466,6.166858354,-1.010851225,-0.007809968,-0.053721816,-0.009203319,0.998486901,0.819226835,0.573424921,0.939235606,0.0,0.0,0.0,0.86058265,0.0,3.627368964
1772729829.4937646,1.044391,-0.036009,0.827727,-0.01818934,-0.03090255,-0.01221973,0.99928217,-0.035674,-0.062245,-0.023345,0.02486164,1.057246579,0.048868403,0.123636969,-0.197706985,-0.019557929,-0.008876862,-0.038613053,1.001692345,0.116825803,-0.047578146,0.012279573,50979.374283102,55707.744992104,50922.252181864,50211.278447344,1.044605612,-0.008852009,0.828873132,-0.010920008,1.126827486,0.042389588,-0.118231815,-0.022197512,-0.002074987,-0.817190539,6.182033666,-1.009508918,-0.007595631,-0.053856116,-0.009180968,0.998482467,0.815622664,0.578565304,0.939444878,0.0,0.0,0.0,0.86058265,0.0,3.626956177
1772729829.503764,1.044565,-0.025364,0.828192,-0.01790651,-0.03136385,-0.01198716,0.99927572,-0.035112,-0.063154,-0.022881,0.014444516,1.05757055,0.048125454,0.12634361,-0.102947132,-0.036137304,-0.002293811,-0.031229299,1.001585134,0.107183554,-0.065313981,-0.001624523,50797.983170443,55761.236709471,51063.777446641,50140.097515011,1.044540387,0.000874176,0.829303515,-0.020169122,1.125281199,0.042350804,-0.110708821,-0.01556608,-0.001401249,-0.729368777,6.194836604,-1.007960837,-0.006830623,-0.05397478,-0.009126854,0.998478327,0.810518826,0.585698568,0.93973725,0.0,0.0,0.0,0.86058265,0.0,3.62654342
1772729829.5137644,1.044756,-0.01484,0.828721,-0.01717023,-0.03248138,-0.01297261,0.99924064,-0.03355,-0.065406,-0.024866,0.004595595,1.056958972,0.048049308,0.132300533,0.013987433,-0.031560071,-0.007380258,-0.012854612,1.001927982,0.135142355,-0.064222029,-0.001673376,50760.826438349,55730.644744153,51074.38576552,50191.151866444,1.044386039,0.011313679,0.829768313,-0.030255046,1.122696597,0.042127547,-0.113884109,-0.00271555,-0.007811731,-0.640972467,6.2188891,-1.00955671,-0.00606293,-0.054191307,-0.009100174,0.998470983,0.804360552,0.594125807,0.940085187,0.0,0.0,0.0,0.86058265,0.0,3.626791156
1772729829.523764,1.044684,-0.004226,0.829144,-0.01625238,-0.03209088,-0.0128885,0.99926969,-0.031725,-0.064599,-0.024769,-0.003791224,1.05698506,0.047422384,0.134001977,0.040131582,-0.034841657,-0.001445675,-0.025045928,0.995362224,0.131694353,-0.062224883,0.003436482,50504.415792942,55749.667844946,51340.544365227,50163.282847043,1.044141125,0.023001864,0.830281506,-0.041168348,1.120541166,0.041502072,-0.111258873,-0.010561722,-0.009613353,-0.53865906,6.24935747,-1.011240259,-0.00517451,-0.054464815,-0.009067594,0.99846102,0.797614204,0.603148574,0.940460729,0.0,0.0,0.0,0.86058265,0.0,3.627417192
1772729829.533764,1.044534,0.006341,0.829631,-0.01573314,-0.03150048,-0.01316458,0.99929319,-0.030681,-0.063413,-0.025373,-0.014485445,1.057373405,0.045811291,0.113974565,0.076595213,0.018769411,-0.002312928,-0.038801426,1.007570236,0.128967996,-0.098778958,0.005843573,50260.127392616,55949.571317974,51651.388825115,49864.323366881,1.043755369,0.035273066,0.830794382,-0.052528685,1.1189514,0.040579671,-0.112143298,-0.029394525,-0.001648069,-0.454409166,6.293444178,-1.009471889,-0.004442882,-0.05485567,-0.009013499,0.998449776,0.790462194,0.612490634,0.94085292,0.0,0.0,0.0,0.86058265,0.0,3.628043257
1772729829.5437636,1.044391,0.016859,0.830086,-0.01530451,-0.02993692,-0.01291466,0.99935117,-0.029875,-0.060267,-0.024944,-0.024945284,1.058141666,0.044863096,0.140794162,0.06498416,0.092408696,-0.001928929,-0.036695705,1.003030518,0.10123466,-0.109885593,0.004622958,50106.205577322,55381.432242452,51685.385976031,50621.597718368,1.043197943,0.047797397,0.831316337,-0.064376086,1.117366814,0.040695295,-0.112538082,-0.027817292,-0.001036246,-0.341799638,6.346992252,-1.006802389,-0.003464452,-0.055331142,-0.008937431,0.998426071,0.787721395,0.616031647,0.94100219,0.0,0.0,0.0,0.86058265,0.0,3.628669307
1772729829.5537632,1.044156,0.027429,0.830544,-0.01465669,-0.03059847,-0.01228885,0.99934874,-0.0286,-0.061556,-0.023712,-0.033869535,1.059201476,0.043493068,0.161962111,-0.047855106,0.088945767,-0.017288191,-0.001479497,0.997127631,0.054285046,-0.080864311,-0.010064824,50208.491055456,55509.082513417,51499.623658318,50515.081395349,1.04246368,0.060991496,0.831857256,-0.076948769,1.11566145,0.040825129,-0.131397804,0.006874828,-0.010424835,-0.259687733,6.412953426,-1.008912493,-0.002755031,-0.055912196,-0.008917218,0.998395991,0.775308943,0.631580319,0.941665388,0.0,0.0,0.0,0.86058265,0.0,3.629295342
1772729829.5637631,1.043744,0.038123,0.830954,-0.01351839,-0.0325812,-0.01172236,0.99930891,-0.026314,-0.065481,-0.022598,-0.042077255,1.057199027,0.044298993,0.180745219,-0.178203522,0.014015645,-0.00596072,-0.028687548,0.99496325,0.048924523,-0.061563262,-0.015226083,50285.311299687,55531.653528361,51517.29449531,50423.15207682,1.041618519,0.074582349,0.832459423,-0.089728002,1.113398743,0.039817783,-0.118703443,-0.013596682,-0.012408146,-0.199596981,6.449059166,-1.019736115,-0.002239535,-0.056231232,-0.008982597,0.998375318,0.773439162,0.633854562,0.941763529,0.0,0.0,0.0,0.86058265,0.0,3.629921407
1772729829.5737627,1.043226,0.048611,0.831414,-0.01312188,-0.03145141,-0.01085069,0.99936024,-0.025598,-0.063189,-0.020905,-0.050715297,1.053205705,0.045308105,0.173283879,-0.24415519,-0.033203399,0.002144253,-0.048565591,1.006939057,0.042425984,-0.074766655,0.005575185,50679.716401571,55192.541889368,51255.477751304,50739.025082104,1.040621221,0.087818255,0.833053113,-0.102373267,1.111077755,0.039009136,-0.113468059,-0.04085378,0.001250546,-0.149059627,6.484029977,-1.027415881,-0.001805702,-0.056539743,-0.009024968,0.998358162,0.76530419,0.643649689,0.942187955,0.0,0.0,0.0,0.86058265,0.0,3.630547443
1772729829.5837631,1.042634,0.059227,0.831826,-0.01146275,-0.03336267,-0.01170303,0.99930905,-0.02218,-0.066998,-0.022678,-0.060071269,1.051332821,0.045686077,0.160428578,-0.273245367,-0.100721688,-0.000142311,-0.038477882,1.005734308,0.046922389,-0.072446286,0.005889513,50951.571197011,55085.658809308,50955.997774664,50885.86205665,1.039524248,0.100241495,0.833538824,-0.114408676,1.109304216,0.038781706,-0.113147913,-0.038087306,0.000257148,-0.109635826,6.514799179,-1.026152703,-0.001463993,-0.05681093,-0.00899462,0.998343998,0.753194479,0.657734727,0.942807152,0.0,0.0,0.0,0.86058265,0.0,3.631173538
1772729829.5937638,1.042117,0.069645,0.832301,-0.01095605,-0.03650403,-0.0135588,0.99918145,-0.020962,-0.073311,-0.026369,-0.070163004,1.050165784,0.045466224,0.12410076,-0.187412502,-0.108567433,-0.007924631,-0.024073254,0.99738266,0.074168603,-0.069944428,0.00129028,50840.002777644,55687.985435486,50986.99915463,50137.018115067,1.038448351,0.111074725,0.833986044,-0.125050097,1.107481156,0.039275271,-0.120847751,-0.022093071,-0.006733899,-0.063398714,6.544916925,-1.025407883,-0.001063139,-0.057076948,-0.008965213,0.998330474,0.74413369,0.668018006,0.943264037,0.0,0.0,0.0,0.86058265,0.0,3.631671667
1772729829.6037643,1.041324,0.080049,0.832839,-0.01078607,-0.03592646,-0.01351555,0.99920482,-0.020639,-0.07215,-0.026306,-0.0773465,1.047425824,0.04552042,0.079716856,-0.062867,-0.070259648,-0.005834614,-0.023090507,0.99586652,0.08957124,-0.070071447,-0.005916411,50617.671434144,55188.314523469,51179.328565856,50814.673774542,1.037352304,0.122035148,0.83445537,-0.135457723,1.105192809,0.038791607,-0.12012061,-0.021992267,-0.012289836,-0.008300625,6.572673443,-1.027474259,-0.000586319,-0.057323059,-0.008955651,0.998316161,0.742687583,0.669638097,0.943336427,0.0,0.0,0.0,0.86058265,0.0,3.631671667
1772729829.613765,1.040534,0.09053,0.833251,-0.01066511,-0.03625414,-0.01274951,0.99920435,-0.020444,-0.072787,-0.024774,-0.08752656,1.04656477,0.043471312,0.039411906,-0.08300019,-0.013095571,-0.002061392,-0.032594864,1.004141398,0.081502503,-0.05474322,-0.005573833,50822.166353544,55167.779504697,50981.639368061,50906.969684031,1.035985774,0.133374213,0.834886613,-0.146671282,1.10309227,0.037548902,-0.118860037,-0.02670892,0.001216991,0.058856806,6.600928824,-1.032799938,-6.139e-06,-0.057574459,-0.008968206,0.998301245,0.730469453,0.682919637,0.943937957,0.0,0.0,0.0,0.86058265,0.0,3.631671667
1772729829.6237648,1.039514,0.101211,0.833605,-0.00976111,-0.03691113,-0.01355344,0.99917896,-0.018558,-0.074094,-0.02644,-0.097126064,1.042876538,0.043261949,-0.004386096,-0.05983462,0.076355857,0.004218291,-0.03387634,1.003333337,0.099158995,-0.0508643,0.00140989,50853.528588502,55448.985784375,51020.521166184,50442.531827903,1.03437338,0.146266473,0.83543414,-0.159284256,1.100560681,0.037738545,-0.115061846,-0.03621868,-0.000380567,0.12550659,6.632355974,-1.038400766,0.00056919,-0.057853475,-0.008983065,0.998288327,0.727087006,0.686508371,0.944102348,0.0,0.0,0.0,0.86058265,0.0,3.631671667
1772729829.6337647,1.038488,0.111546,0.834076,-0.01027332,-0.03527053,-0.01237816,0.99924833,-0.019709,-0.070802,-0.024076,-0.106063932,1.042354627,0.041994698,0.015964395,-0.152725139,0.074871243,-0.003699709,-0.026076024,0.989253101,0.116108889,-0.05767149,0.009168867,50978.71172856,55378.339567192,50969.720277852,50483.80416778,1.03259364,0.159074138,0.835911033,-0.171902486,1.098203095,0.03729904,-0.116877613,-0.027227706,-0.013693181,0.206432651,6.658526291,-1.039851942,0.001271368,-0.058087804,-0.008954337,0.998276958,0.715314984,0.698802173,0.944669724,0.0,0.0,0.0,0.86058265,0.0,3.631671667
1772729829.6437647,1.037569,0.12179,0.834526,-0.01031963,-0.03646103,-0.01247806,0.99920388,-0.019767,-0.073187,-0.024251,-0.115306831,1.041807346,0.041052914,0.04521627,-0.236234077,0.009006759,0.001474083,-0.026952848,0.995588666,0.108696652,-0.049506074,0.000830111,50896.671711524,55557.308332712,51065.141777877,50303.700613832,1.030970757,0.17015581,0.836372604,-0.18265097,1.095669539,0.03635699,-0.115115557,-0.027509691,-0.009739566,0.295363883,6.665517889,-1.039626154,0.002045649,-0.058155638,-0.0089071,0.998266376,0.711820108,0.702343862,0.944835593,0.0,0.0,0.0,0.86058265,0.0,3.631671667
1772729829.6537647,1.036182,0.132289,0.834874,-0.01030785,-0.04132782,-0.0123221,0.99901648,-0.019646,-0.082923,-0.023852,-0.123811113,1.038897009,0.042396408,0.053786916,-0.176089975,-0.000808849,0.002563529,-0.038612388,0.996187634,0.117619685,-0.056553701,0.004323531,50922.55937282,55287.122077855,51146.631286648,50604.633637279,1.029257861,0.181085304,0.836806366,-0.193280788,1.093073379,0.035323687,-0.115378504,-0.042014118,-0.009877673,0.383674353,6.685797524,-1.040875992,0.002812691,-0.058339181,-0.008872481,0.99825378,0.70436781,0.70981798,0.945187422,0.0,0.0,0.0,0.86058265,0.0,3.631671667
1772729829.6637642,1.035008,0.142616,0.835405,-0.00990623,-0.03948683,-0.01167234,0.9991028,-0.018933,-0.079217,-0.022614,-0.1322071,1.037319035,0.042534423,0.072167626,-0.076164318,0.012958033,0.000864979,-0.024473695,1.000255282,0.104937233,-0.0421858,0.012898815,50576.78621568,55403.496993751,51599.993987501,50415.832272014,1.027159684,0.193417772,0.837240664,-0.205488592,1.090221583,0.034412417,-0.11589868,-0.033373148,-0.00493438,0.464769578,6.710701505,-1.037476475,0.00351886,-0.058562285,-0.008800566,0.998239658,0.69614925,0.717882275,0.945571243,0.0,0.0,0.0,0.86058265,0.0,3.631671667
1772729829.6737645,1.03358,0.153185,0.835703,-0.00859126,-0.04087363,-0.01310418,0.99904145,-0.01615,-0.081986,-0.02557,-0.141270589,1.036626086,0.041780013,0.074183604,0.029898501,0.018786416,-0.003089584,-0.018985353,0.990532677,0.089577427,-0.057481478,0.015421954,50386.539594656,55129.908467517,51955.937522223,50595.023568853,1.024710042,0.206362725,0.837646683,-0.218684171,1.087642111,0.033504622,-0.119450613,-0.024121683,-0.019506429,0.536279931,6.742908304,-1.028034019,0.004144038,-0.058847975,-0.008680306,0.998221306,0.686932442,0.726720234,0.945996872,0.0,0.0,0.0,0.86058265,0.0,3.631671667
1772729829.6837642,1.032052,0.163501,0.836134,-0.00851755,-0.03897831,-0.01281391,0.99912159,-0.016071,-0.078186,-0.02502,-0.152159858,1.035839702,0.040765715,0.07449892,0.121934881,0.025015001,0.003044344,-0.02568269,0.987875803,0.10444438,-0.056409947,0.012655869,51063.752997902,55151.220952441,51329.625786656,50579.594539591,1.022180128,0.218559648,0.838012852,-0.231491083,1.086868127,0.031870617,-0.112667151,-0.032127403,-0.018536613,0.602943698,6.768294327,-1.018568524,0.004727579,-0.059073764,-0.008562331,0.998206912,0.68626584,0.727345949,0.946027349,0.0,0.0,0.0,0.86058265,0.0,3.631396223
1772729829.6937642,1.030655,0.173651,0.836639,-0.00892845,-0.03769017,-0.01141414,0.99918439,-0.017031,-0.075595,-0.022202,-0.162015792,1.033019284,0.039497629,0.08250443,0.096845214,0.018010067,0.000862278,-0.032037398,1.003034898,0.11088841,-0.041257609,0.015255219,51792.647187508,55760.078201614,50563.862003068,50085.782720209,1.020541266,0.226264019,0.838236236,-0.237524233,1.052890772,0.028583312,-0.115759468,-0.042693132,-0.007104368,1.086308345,6.691169516,-1.007011984,0.008950352,-0.058436499,-0.008219683,0.99821233,0.677042918,0.735928342,0.94644731,0.0,0.0,0.0,0.86058265,0.0,3.630825595
1772729829.7037642,1.0289,0.184057,0.836964,-0.00807736,-0.03822645,-0.01159434,0.99916919,-0.0153,-0.076652,-0.02262,-0.175874488,1.034683932,0.035144206,0.110626353,-0.039431996,-0.021821035,0.006961631,-0.027984039,1.005810497,0.130479734,-0.026546682,0.007718091,52932.440764572,56565.298258895,49219.859008327,49560.931680545,1.019151207,0.233147454,0.838465634,-0.239502874,1.011658153,0.02643946,-0.112492351,-0.044213256,0.000675213,1.218128902,6.674670135,-1.002494195,0.010102287,-0.058301933,-0.008114166,0.99821623,0.666232963,0.745679673,0.946932591,0.0,0.0,0.0,0.86058265,0.0,3.630254967
1772729829.7137644,1.027111,0.194401,0.837303,-0.00798103,-0.03901558,-0.01187468,0.99913617,-0.015068,-0.078233,-0.023179,-0.187049712,1.033577812,0.033337114,0.121168345,-0.032458563,-0.026426475,-0.000611531,-0.019839739,0.9983619,0.123849387,-0.027857151,0.022160374,52243.693323043,55582.733693483,50161.54163451,50682.763073156,1.015685984,0.24888473,0.838951043,-0.253025557,1.01923071,0.026843537,-0.116610827,-0.038802197,-0.009855185,1.238715577,6.698170236,-1.000714681,0.010280606,-0.058507935,-0.008085872,0.998205171,0.653645733,0.756784254,0.947492124,0.0,0.0,0.0,0.86058265,0.0,3.629684325
1772729829.7237644,1.02505,0.204901,0.8376,-0.00618187,-0.03960377,-0.01294516,0.99911248,-0.011363,-0.079381,-0.025461,-0.198873927,1.034282261,0.03097165,0.152595151,-0.017113211,-0.061034728,-7.3042e-05,-0.012519535,0.998210802,0.024144258,-0.01320586,0.019594699,51607.696602607,55443.129614397,51009.40325033,50740.501208904,1.012675071,0.261485699,0.839345618,-0.265520803,1.022657964,0.026360703,-0.11541756,-0.033743065,-0.010045496,1.220865377,6.708490596,-0.996818669,0.010126265,-0.058596238,-0.008060044,0.998197455,0.645581079,0.763675447,0.947845725,0.0,0.0,0.0,0.86058265,0.0,3.629113696
1772729829.7337646,1.023117,0.215066,0.837938,-0.00579512,-0.03938478,-0.01254858,0.99912851,-0.010625,-0.078928,-0.024698,-0.208208066,1.03185687,0.030442142,0.150794233,0.045875493,-0.065807483,0.009461136,-0.026198049,1.000201292,-0.038857088,-0.044234875,0.012006375,51408.59347724,54980.189822713,51221.350913632,51365.101649235,1.009817732,0.273033864,0.839734684,-0.27725464,1.023295325,0.025990938,-0.109356022,-0.044648104,-0.005897625,1.210674249,6.711818116,-0.987891258,0.010041787,-0.058623726,-0.007987171,0.99819684,0.637072576,0.770788337,0.948215399,0.0,0.0,0.0,0.86058265,0.0,3.628543055
1772729829.7437637,1.020952,0.225485,0.838145,-0.00494475,-0.03914216,-0.01342886,0.99913118,-0.008857,-0.07843,-0.026532,-0.215745816,1.028233382,0.031728235,0.154417363,0.073197268,-0.071992234,0.004916741,-0.035088401,1.00740026,-0.118189931,-0.040730671,0.01045903,50628.256361668,54387.695452084,52109.531672983,52017.480238224,1.00699557,0.284049276,0.840109412,-0.288471994,1.022381031,0.025463255,-0.112051197,-0.056995095,-0.002706621,1.163784306,6.728302975,-0.982746138,0.009634648,-0.058763618,-0.007964814,0.998192199,0.628912558,0.777462295,0.948566798,0.0,0.0,0.0,0.86058265,0.0,3.627972481
1772729829.753764,1.018796,0.235572,0.838605,-0.00515243,-0.03720097,-0.01225227,0.99921941,-0.009412,-0.074539,-0.024172,-0.224044619,1.024703677,0.032635618,0.161237679,0.068416464,-0.082154731,0.009037469,-0.038316575,1.002529247,-0.173372927,-0.054317249,0.025456252,50611.697923924,54296.078027031,52326.830105429,51915.242905578,1.004315746,0.294262622,0.840466401,-0.298845062,1.020647156,0.025677428,-0.110953788,-0.056388001,-0.003820411,1.079753069,6.736288799,-0.973999286,0.008906518,-0.058826654,-0.007931034,0.998195813,0.621039108,0.783766328,0.948903021,0.0,0.0,0.0,0.86058265,0.0,3.627401839
1772729829.7637637,1.016496,0.245917,0.8389,-0.00351934,-0.03745459,-0.01332535,0.99920328,-0.006052,-0.075014,-0.026443,-0.232419433,1.021000857,0.033713688,0.151185064,0.016206536,-0.062761321,0.007083587,-0.027540184,1.000129401,-0.178236809,-0.073183527,0.032511397,50499.292749658,54430.940834473,52472.054377565,51793.377906977,1.001321377,0.305030032,0.840805841,-0.309988164,1.018786942,0.025683128,-0.111519202,-0.04240458,-0.006893704,0.963513446,6.756641101,-0.95633943,0.007901464,-0.058994657,-0.007835315,0.998196227,0.612770188,0.790249369,0.949253301,0.0,0.0,0.0,0.86058265,0.0,3.626831224
1772729829.7737637,1.014165,0.256127,0.839192,-0.00285711,-0.03874314,-0.01412778,0.99914524,-0.004629,-0.077579,-0.028098,-0.23944712,1.015833894,0.034973946,0.142628892,-0.021119234,0.006024385,0.00685578,-0.031612258,0.999464413,-0.153405819,-0.081148353,0.026625656,50744.158698522,54947.054823596,52404.635415319,51176.169751249,0.998205152,0.315645878,0.841077238,-0.321086523,1.017236506,0.024909752,-0.110770889,-0.046021287,-0.008126601,0.843090143,6.79412771,-0.935857315,0.006860205,-0.059311704,-0.007716344,0.998187702,0.604488461,0.796603832,0.949601248,0.0,0.0,0.0,0.86058265,0.0,3.626263865
1772729829.7837634,1.011639,0.266299,0.839566,-0.0017201,-0.0388809,-0.01449861,0.99913718,-0.002317,-0.077823,-0.02893,-0.245033936,1.008286354,0.035981464,0.084744794,-0.053897751,0.104261734,0.009414537,-0.038282215,1.010875626,-0.107611276,-0.106834431,0.033360415,50824.259613176,55294.813433179,52414.758832177,50750.742408233,0.994881804,0.326542066,0.841366914,-0.33253255,1.015750886,0.02420359,-0.112162019,-0.048302057,0.008095004,0.75626639,6.837681795,-0.918104123,0.006109901,-0.059684275,-0.00760395,0.998171568,0.595897345,0.80305344,0.949959314,0.0,0.0,0.0,0.86058265,0.0,3.625707334
1772729829.7937632,1.009198,0.276267,0.839932,-0.00207724,-0.03815679,-0.01291694,0.99918612,-0.003175,-0.076379,-0.025732,-0.253783226,1.005105271,0.034157686,0.007260284,-0.071285191,0.177582194,0.011342731,-0.035080231,1.013411924,-0.066064454,-0.108485692,0.029343569,51051.228840125,54605.157813973,52153.743582436,51578.245719797,0.991885809,0.335963221,0.841663202,-0.342691926,1.014534726,0.024749763,-0.110097612,-0.0483124,0.00757282,0.695417174,6.886032338,-0.902129026,0.00558471,-0.060100605,-0.007493716,0.998149509,0.588260091,0.808662542,0.950275212,0.0,0.0,0.0,0.86058265,0.0,3.625150802
1772729829.8037639,1.006603,0.286331,0.840274,-0.00220457,-0.03902229,-0.0113574,0.99917136,-0.00353,-0.078109,-0.022595,-0.263893472,1.002588738,0.032669922,-0.089530245,-0.004261956,0.247766743,0.007935228,-0.021498835,1.006329078,-0.001017127,-0.08299748,0.025352889,51708.689655172,55416.1794068,51581.798649626,50516.193633952,0.989013714,0.344818315,0.841912903,-0.352210749,1.013425717,0.025326188,-0.112867959,-0.033535647,-0.00232257,0.661818897,6.924142422,-0.890209454,0.005295601,-0.060429796,-0.007405398,0.998132015,0.581035435,0.813865385,0.950571986,0.0,0.0,0.0,0.86058265,0.0,3.624594217
1772729829.813764,1.004049,0.296241,0.840636,-0.0030004,-0.03854919,-0.00971632,0.99920496,-0.005263,-0.077172,-0.019244,-0.276926566,1.004735166,0.030505254,-0.138982778,-0.021315332,0.224472623,0.007839602,-0.009687643,1.002427905,0.077840615,-0.06280747,0.021754286,51542.195164406,55254.195164406,51782.780551487,50747.719395445,0.985889659,0.354216488,0.842164332,-0.362254758,1.01228669,0.025228718,-0.112969202,-0.019985845,-0.003603048,0.661344685,6.956279249,-0.878195105,0.005295558,-0.06070913,-0.007299247,0.998115557,0.573325556,0.81931328,0.950886666,0.0,0.0,0.0,0.86058265,0.0,3.624037658
1772729829.8237643,1.001122,0.306378,0.8409,-0.00383392,-0.03960012,-0.00976388,0.99916055,-0.00691,-0.079292,-0.019269,-0.290338447,1.007150164,0.028547191,-0.18468488,-0.074698347,0.144266196,0.011291751,-0.021443524,1.003200229,0.132269518,-0.053608356,0.014291252,51659.960543655,55319.605849978,51721.475646624,50617.239864603,0.982369776,0.364554025,0.842487329,-0.37327268,1.010856758,0.025208655,-0.111343007,-0.032068946,-0.005167225,0.714625711,6.978827392,-0.86602612,0.005764533,-0.060908293,-0.007163693,0.998102327,0.56488048,0.825159822,0.951229032,0.0,0.0,0.0,0.86058265,0.0,3.6234811
1772729829.8337643,0.998092,0.316538,0.841099,-0.00476631,-0.03956422,-0.00919422,0.99916336,-0.008825,-0.079233,-0.018054,-0.304081875,1.009112889,0.026918518,-0.209263433,-0.11380374,0.058765262,0.006815085,-0.035309314,1.005571429,0.174131562,-0.044167386,0.014342355,51975.855538816,55405.674521732,51366.048722249,50617.393359675,0.978386481,0.375684546,0.842812234,-0.385413157,1.009362968,0.024728439,-0.114729436,-0.047892349,-0.005356112,0.803999279,7.004563308,-0.855729881,0.006546683,-0.061137427,-0.007024834,0.998083411,0.555715062,0.831361981,0.951597917,0.0,0.0,0.0,0.86058265,0.0,3.622924555
1772729829.8437648,0.995018,0.326596,0.841394,-0.00580454,-0.03899004,-0.00888121,0.99918327,-0.010941,-0.078099,-0.017349,-0.312726677,1.006283283,0.027380251,-0.210155969,-0.095877108,0.001699086,0.012629753,-0.036952429,1.008785905,0.186890852,-0.027612312,0.003921479,51817.080355602,54937.522095633,51566.008717418,51181.792162955,0.974132891,0.387269524,0.84313554,-0.397968974,1.00745954,0.024347506,-0.110998594,-0.051831975,0.001929029,0.920419512,7.022651674,-0.848640777,0.007563227,-0.061301602,-0.006899609,0.998070414,0.546067054,0.837738256,0.951983447,0.0,0.0,0.0,0.86058265,0.0,3.622367983
1772729829.8537643,0.991815,0.336629,0.841756,-0.00672356,-0.04152336,-0.0089934,0.99907443,-0.012732,-0.083187,-0.017473,-0.321479114,1.002962145,0.028517179,-0.187840057,-0.147168561,-0.011712565,0.008126385,-0.020067153,1.008534287,0.1857265,0.018135062,-0.006476382,51737.477126977,55030.980219467,51542.733561351,51135.44115719,0.969601422,0.399276499,0.843511638,-0.410970724,1.005001607,0.025071577,-0.116370854,-0.037370296,0.003741721,1.047145321,7.015831886,-0.847112601,0.008668268,-0.061249701,-0.006819165,0.998063179,0.535600209,0.844462668,0.95239814,0.0,0.0,0.0,0.86058265,0.0,3.621811464
1772729829.8637648,0.98861,0.346624,0.841994,-0.0079923,-0.0416478,-0.00930804,0.99905703,-0.015248,-0.083463,-0.017996,-0.328907656,0.997889627,0.029395211,-0.156917706,-0.17456282,0.005292766,0.01273642,-0.006594922,1.004274228,0.178789489,0.01521134,-0.003636838,51656.756782829,55066.406800916,51692.310334017,51031.156107561,0.96539193,0.409980598,0.843867596,-0.422652574,1.002701678,0.025501782,-0.110220255,-0.0263159,-0.003560083,1.167177131,6.98962111,-0.852865241,0.009712472,-0.06102902,-0.006807511,0.998064046,0.526186712,0.850356886,0.952768341,0.0,0.0,0.0,0.86058265,0.0,3.621254893
1772729829.8737648,0.985291,0.356598,0.842242,-0.00863622,-0.04217021,-0.009181,0.99903093,-0.016541,-0.084518,-0.01768,-0.337669611,0.993858776,0.02917833,-0.103438389,-0.194282172,0.004749707,0.006580877,-0.021408943,1.006029707,0.159511772,0.036449479,0.014991941,52020.447610095,54749.729505628,51457.044278931,51299.715694073,0.961356227,0.419851395,0.844202238,-0.433442024,1.000500616,0.0255407,-0.11412828,-0.037981363,0.000361034,1.260962623,6.962701411,-0.852486932,0.01053142,-0.060800064,-0.006756971,0.998069593,0.518073085,0.855325308,0.953085483,0.0,0.0,0.0,0.86058265,0.0,3.621472817
1772729829.8837652,0.981948,0.366445,0.842626,-0.00836936,-0.04228818,-0.00949433,0.99902529,-0.015977,-0.084754,-0.018329,-0.345378224,0.989656558,0.028423026,-0.014822955,-0.211234213,0.023594947,0.011220684,-0.027325392,1.013168713,0.166775482,0.029562354,0.0024149,52228.511347743,54787.814370699,51273.762228894,51232.673889935,0.957518078,0.429053696,0.844489256,-0.443383449,0.998228724,0.025746702,-0.113281669,-0.047516751,0.008731538,1.349860224,6.92767217,-0.848298638,0.011310395,-0.060499769,-0.006677073,0.998079487,0.510388716,0.859936694,0.953384213,0.0,0.0,0.0,0.86058265,0.0,3.621952057
1772729829.8937652,0.978264,0.376436,0.842869,-0.00892096,-0.04508672,-0.00866984,0.99890562,-0.017111,-0.090352,-0.016585,-0.355138528,0.986517219,0.029385906,0.064666842,-0.147610234,0.020275524,0.0136236,-0.033189654,1.015641479,0.181670912,0.032456029,-0.00329281,52371.92843093,54951.546819453,51099.805666336,51054.792402779,0.954383236,0.43644339,0.844698282,-0.451340584,0.996301295,0.026132196,-0.109204699,-0.054916691,0.009264978,1.426008939,6.898912988,-0.846349312,0.011976711,-0.060253506,-0.006623129,0.99808756,0.503325228,0.864095153,0.95365747,0.0,0.0,0.0,0.86058265,0.0,3.622431274
1772729829.9037652,0.974712,0.386261,0.843138,-0.00852308,-0.04471012,-0.00866443,0.99892607,-0.016319,-0.089592,-0.016616,-0.366317482,0.984090857,0.03167707,0.09075619,-0.018726007,-0.009198669,0.010809164,-0.040407447,1.013578444,0.194713272,0.027318657,-0.006439057,52145.618641162,54946.24859695,51299.624343589,51054.03551385,0.951204733,0.443767561,0.844924495,-0.459234792,0.994259505,0.02682684,-0.112105021,-0.065650694,0.00530404,1.504862378,6.872679348,-0.846448626,0.012665334,-0.060029574,-0.0065856,0.998092929,0.496378635,0.868095734,0.953924668,0.0,0.0,0.0,0.86058265,0.0,3.622910492
1772729829.913766,0.971095,0.396024,0.843469,-0.00754167,-0.04468373,-0.00893468,0.99893276,-0.014327,-0.089526,-0.017246,-0.376998961,0.982433008,0.031693678,0.09688727,0.19818483,-0.041276798,0.010326015,-0.038804824,1.010296302,0.200459722,-0.001717358,-0.002304292,51431.269868074,55019.568443272,51978.562216359,50904.929076517,0.946430692,0.45441991,0.845287908,-0.470803506,0.9911464,0.027858277,-0.110715881,-0.064723963,0.005878759,1.629100567,6.845291247,-0.849053457,0.013748046,-0.059798446,-0.006546664,0.998096496,0.487392222,0.873174001,0.95426874,0.0,0.0,0.0,0.86058265,0.0,3.623389743
1772729829.9237657,0.967306,0.405834,0.843798,-0.00639432,-0.04479883,-0.0089432,0.99893553,-0.012022,-0.089737,-0.017365,-0.387042288,0.981118457,0.030965278,0.139549415,0.324919338,-0.038290266,0.010107818,-0.02738689,1.008194853,0.19721624,-0.030736357,-0.000563394,51649.943725594,54781.417562005,51794.415810026,51093.502079156,0.9424395,0.463253085,0.845563286,-0.480071903,0.988264376,0.028605954,-0.111696452,-0.055550201,0.002960636,1.733935034,6.842734337,-0.850882498,0.01466038,-0.059782371,-0.006508229,0.998092543,0.479131466,0.87773216,0.954583249,0.0,0.0,0.0,0.86058265,0.0,3.623868949
1772729829.933766,0.963222,0.415725,0.844152,-0.00643784,-0.04079681,-0.0096879,0.99909975,-0.012114,-0.081736,-0.018897,-0.398871262,0.979847438,0.031744222,0.169590285,0.381632414,-0.032570406,0.007761289,-0.011851093,1.008298815,0.197881123,-0.044922268,-0.002376866,51447.122683586,54883.886613481,51964.259752497,50959.081789057,0.93844147,0.471779068,0.845886157,-0.489109499,0.985303312,0.028980832,-0.112944448,-0.040428602,0.001070736,1.829388022,6.840712837,-0.851462427,0.015491607,-0.059770251,-0.006463776,0.998080198,0.471300785,0.881959425,0.954879849,0.0,0.0,0.0,0.86058265,0.0,3.624348177
1772729829.9437668,0.959218,0.425479,0.844461,-0.00636119,-0.03778531,-0.00978372,0.99921774,-0.012008,-0.075708,-0.019127,-0.410152528,0.979310627,0.029970405,0.193673303,0.278682318,0.011134177,0.012010445,-0.004434185,1.008831359,0.208345055,-0.050710388,-0.000916608,51508.84401989,54840.083922184,51927.228474221,50935.457820815,0.934301983,0.480415325,0.846246943,-0.498216969,0.981979333,0.02929335,-0.10588363,-0.037836854,0.000434844,1.92640247,6.831415445,-0.855362844,0.01633523,-0.059695278,-0.006448532,0.998063276,0.463308727,0.886182853,0.955181161,0.0,0.0,0.0,0.86058265,0.0,3.62482744
1772729829.9537668,0.955112,0.435258,0.844682,-0.00435414,-0.03743555,-0.0092692,0.99924657,-0.00803,-0.074966,-0.018251,-0.419417455,0.97703479,0.029036644,0.211747701,0.192478778,0.03122572,0.019605502,-0.025184602,1.005262481,0.215691108,-0.046144041,-0.000221151,51466.960623622,54990.638498465,52006.599122086,50682.042252303,0.93006436,0.489077399,0.84657658,-0.507383101,0.978613358,0.029559477,-0.101609348,-0.052657564,0.000817339,2.036961648,6.842825214,-0.857445239,0.017296227,-0.059801156,-0.006407256,0.998042817,0.455265737,0.890341789,0.955482991,0.0,0.0,0.0,0.86058265,0.0,3.625306658
1772729829.9637675,0.950892,0.444999,0.845003,-0.00258559,-0.038805,-0.00859558,0.99920649,-0.004514,-0.077671,-0.017029,-0.426712392,0.971102869,0.031234082,0.210017155,0.10493647,0.014456508,0.011590713,-0.029387452,1.015196751,0.211943043,-0.032324434,-0.000416831,51615.814678163,54943.165209545,51831.447383196,50751.346942049,0.925890807,0.497427056,0.846873344,-0.516263801,0.97533096,0.029707499,-0.110784911,-0.062842044,0.005595255,2.129892832,6.852484849,-0.858069688,0.018104557,-0.059890558,-0.006362577,0.998022151,0.447357915,0.89434275,0.955778395,0.0,0.0,0.0,0.86058265,0.0,3.625785909
1772729829.9737675,0.94647,0.454726,0.845365,-0.00251336,-0.03746693,-0.00906001,0.99925364,-0.004356,-0.074994,-0.01797,-0.43507388,0.965830175,0.033712076,0.181288464,0.034087971,0.001419453,0.014313333,-0.036110678,1.013144038,0.212095121,-0.031811216,-6.5387e-05,51723.153501298,54969.523923131,51609.215793199,50771.941037674,0.921688117,0.505658762,0.847190757,-0.525062135,0.971860059,0.030076424,-0.107417296,-0.069772114,0.006777103,2.256743461,6.853899492,-0.86115243,0.019207616,-0.059910407,-0.006322899,0.998001263,0.439609494,0.898180389,0.956066622,0.0,0.0,0.0,0.86058265,0.0,3.626265126
1772729829.9837682,0.942217,0.464355,0.84562,-0.00115248,-0.03783101,-0.0087354,0.9992453,-0.001647,-0.075697,-0.017421,-0.446085721,0.9626772,0.035289214,0.120628938,0.084330446,-0.023357875,0.010172423,-0.032462444,1.012741223,0.21655369,-0.025413199,-0.007865883,51931.779837067,54880.043177189,51334.287169043,50863.777189409,0.917215362,0.514220511,0.847547072,-0.534298821,0.96796052,0.030885906,-0.110540469,-0.073089554,0.001140134,2.362699636,6.864465154,-0.866787152,0.020126638,-0.060009241,-0.006314591,0.997982193,0.432107081,0.901820964,0.956344602,0.0,0.0,0.0,0.86058265,0.0,3.62639308
1772729829.9937685,0.93761,0.473956,0.846064,-0.00114064,-0.03591482,-0.00939546,0.99931004,-0.001609,-0.071863,-0.018746,-0.455108515,0.957901477,0.037364527,0.077952778,0.121525171,-0.047387376,0.012095432,-0.031247142,1.014815551,0.216623419,0.009857633,-0.019145938,52056.924831925,54658.551502552,51196.42036342,51087.348354348,0.91257758,0.522877769,0.847855716,-0.54371114,0.963979914,0.031252403,-0.112016654,-0.069690284,0.009736939,2.478377593,6.850741923,-0.874607655,0.02113105,-0.059897523,-0.006324883,0.997965374,0.4234043,0.905940164,0.95666555,0.0,0.0,0.0,0.86058265,0.0,3.62639308
1772729830.0037692,0.933075,0.483404,0.846498,-0.00085605,-0.03552694,-0.00980734,0.99932023,-0.001017,-0.071082,-0.019591,-0.465554659,0.954419209,0.037234495,0.0972447,0.106869201,-0.050793866,0.010610534,-0.030200001,1.008999713,0.212984755,0.028416279,-0.025713001,51537.113614173,54775.725479754,51598.637890327,50984.25675028,0.907704677,0.531844007,0.848190005,-0.553413863,0.959556,0.032315821,-0.110060244,-0.072564062,0.003086067,2.591162737,6.8298345,-0.8846188,0.022109677,-0.059723585,-0.006357244,0.997954459,0.41452821,0.910034464,0.956991385,0.0,0.0,0.0,0.86058265,0.0,3.62639308
1772729830.0137691,0.928322,0.493055,0.846763,-0.00020533,-0.03589156,-0.00921407,0.99931319,0.000252,-0.071799,-0.018449,-0.477427534,0.952254735,0.036221383,0.138119446,0.042825936,-0.041566277,0.009135605,-0.01785258,1.004883962,0.199134728,0.033396935,-0.04077451,51534.593866147,54628.069499675,51487.106146849,51216.462196231,0.903358904,0.539758376,0.848528776,-0.561699636,0.955270457,0.032940823,-0.111534901,-0.063137564,-0.003723563,2.696919582,6.809425145,-0.897758925,0.023025484,-0.059554342,-0.006420892,0.997948356,0.406427958,0.913675593,0.957287427,0.0,0.0,0.0,0.86058265,0.0,3.62639308
1772729830.0237696,0.923498,0.502583,0.84711,0.00071307,-0.03525843,-0.00956761,0.99933217,0.002105,-0.070515,-0.019222,-0.486083136,0.948495271,0.035680356,0.150673851,0.025125839,-0.022376153,0.014176735,-0.012738664,1.0061364,0.200091758,0.050139557,-0.053811829,51918.230936866,54785.920051277,50935.303258199,51210.505779297,0.89783454,0.549396258,0.848926449,-0.57213166,0.950098305,0.032636463,-0.104416829,-0.06047927,-0.003514334,2.810993018,6.76518451,-0.918303141,0.024011874,-0.059179763,-0.006550146,0.997945084,0.397539213,0.917577504,0.957611023,0.0,0.0,0.0,0.86058265,0.0,3.62639308
1772729830.03377,0.918642,0.511951,0.847579,0.00162527,-0.03569227,-0.01012168,0.99931025,0.003981,-0.071363,-0.020399,-0.493393847,0.943685904,0.035233814,0.180761044,-0.005338348,0.018355842,0.01262448,-0.021578643,1.01208984,0.194625715,0.052531452,-0.053679644,51438.617211898,54835.957200635,51326.364767317,51273.943685046,0.892787629,0.558010202,0.849247029,-0.58142559,0.945289834,0.032397175,-0.10650928,-0.068149277,0.005043641,2.917451159,6.722760234,-0.944169622,0.024929205,-0.058822002,-0.006729986,0.997942943,0.388387532,0.921487649,0.957942731,0.0,0.0,0.0,0.86058265,0.0,3.62639308
1772729830.04377,0.913547,0.521438,0.847835,0.00258282,-0.03522492,-0.00982408,0.99932779,0.005869,-0.07041,-0.019867,-0.504134766,0.939151828,0.036096499,0.188045008,0.006664154,0.037826184,0.010994867,-0.026383784,1.014936869,0.197739978,0.03894777,-0.048522208,51709.724958147,54831.891183036,51041.690848214,51231.558012463,0.887141065,0.567526207,0.849624886,-0.591495304,0.939477252,0.032881902,-0.109334376,-0.07513255,0.006883339,3.037283634,6.671239725,-0.975734803,0.025961089,-0.058387507,-0.006955511,0.997938516,0.379332424,0.925251082,0.958269595,0.0,0.0,0.0,0.86058265,0.0,3.62639308
1772729830.0537703,0.908505,0.530809,0.848182,0.00351815,-0.03552103,-0.00950555,0.99931753,0.007726,-0.070986,-0.019298,-0.512097847,0.93251709,0.036839235,0.195574583,0.000572164,0.035557945,0.015523039,-0.028807194,1.011253216,0.216050272,0.037663277,-0.054390789,51673.353163134,55024.110047367,50995.740907996,51011.872190109,0.881968143,0.575969992,0.849963584,-0.600620291,0.934217611,0.033563564,-0.103140362,-0.084038359,0.00118854,3.149155277,6.613318885,-1.003952089,0.026926148,-0.05789651,-0.007158313,0.997933803,0.370316293,0.928896547,0.958593804,0.0,0.0,0.0,0.86058265,0.0,3.62639308
1772729830.06377,0.903519,0.540009,0.84862,0.00413057,-0.03520074,-0.00880461,0.99933294,0.008898,-0.07034,-0.017934,-0.521636356,0.927957878,0.03578362,0.215800568,-0.014325905,0.02763227,0.018058759,-0.03002774,1.012206024,0.222568805,0.042893253,-0.060097326,51548.766297367,54827.969914098,50967.961404143,51362.062299294,0.876895756,0.584070736,0.85031128,-0.609321246,0.929024571,0.033895389,-0.099667472,-0.08515774,0.005167955,3.263937272,6.576149355,-1.031469917,0.027915264,-0.057586676,-0.007349328,0.997924266,0.361898641,0.93220567,0.958895305,0.0,0.0,0.0,0.86058265,0.0,3.62639308
1772729830.0737703,0.898052,0.549339,0.848985,0.00549016,-0.03552,-0.00878541,0.99931527,0.011626,-0.070954,-0.017995,-0.531729761,0.922936175,0.036125268,0.23716441,0.002191152,-0.026240616,0.018811326,-0.029728918,1.014211471,0.215231379,0.041645578,-0.057569678,51191.835304283,55014.863498334,51288.958844587,51108.349932107,0.87139693,0.592671677,0.850672453,-0.618590985,0.923284824,0.034508614,-0.097587756,-0.086225374,0.008013591,3.390458378,6.534140582,-1.06661057,0.029003415,-0.057237823,-0.007602764,0.997911323,0.353103545,0.935571777,0.959209197,0.0,0.0,0.0,0.86058265,0.0,3.62639308
1772729830.0837708,0.892659,0.558578,0.849294,0.00683876,-0.03559401,-0.00922779,0.99930033,0.014362,-0.071072,-0.018979,-0.542097526,0.917458936,0.037058369,0.246897036,0.006570094,-0.093956222,0.016139097,-0.023339501,1.012268531,0.196118367,0.032353433,-0.049959376,51284.234944709,54494.913178222,51225.500269997,51596.889394971,0.86562907,0.601486168,0.85105582,-0.628103905,0.917098079,0.035303552,-0.099837066,-0.084012225,0.004493534,3.522584318,6.496393247,-1.099104063,0.03014149,-0.056926392,-0.007829995,0.997895222,0.34367856,0.939074453,0.959544348,0.0,0.0,0.0,0.86058265,0.0,3.62639308
1772729830.0937712,0.887333,0.567636,0.849677,0.00808322,-0.03546034,-0.0099932,0.99928843,0.016907,-0.070768,-0.020598,-0.553861892,0.913046714,0.036553357,0.256987133,0.026999271,-0.121303421,0.015100245,-0.016786064,1.008868913,0.179634646,0.023045627,-0.046060934,51522.90784506,54577.602181907,50874.046457465,51549.305663153,0.858618717,0.61198152,0.851516895,-0.639295805,0.909414115,0.035902146,-0.099600804,-0.077974381,0.000364701,3.641262764,6.466031421,-1.127106821,0.031164129,-0.056677716,-0.008023454,0.99788318,0.333449828,0.942756761,0.959906756,0.0,0.0,0.0,0.86058265,0.0,3.62639308
1772729830.103772,0.881677,0.576782,0.850037,0.00947593,-0.03526549,-0.01036691,0.99927928,0.019719,-0.070342,-0.021442,-0.563560405,0.90797944,0.036984282,0.245572168,0.038152705,-0.100418613,0.01890371,-0.023230902,1.010131411,0.186842523,0.017486162,-0.045483036,51548.122933599,54386.512891794,50770.177365618,51791.295482036,0.85273883,0.620561541,0.851898352,-0.648360926,0.902720076,0.036308906,-0.095655309,-0.085253938,-0.000185689,3.750787445,6.423354119,-1.155792164,0.032108118,-0.05632179,-0.008231477,0.997869476,0.32402421,0.946038113,0.960239439,0.0,0.0,0.0,0.86058265,0.0,3.62639308
1772729830.113772,0.875993,0.585835,0.85045,0.01050687,-0.03470413,-0.01107525,0.99928103,0.021821,-0.069181,-0.022921,-0.571031955,0.90042648,0.038306253,0.222639773,0.085846632,-0.061090687,0.020609551,-0.030516519,1.014258193,0.180116029,0.016269619,-0.036560339,50951.772743671,54714.95053371,51560.563886,51241.229187446,0.847062189,0.628671292,0.852257032,-0.656916269,0.89638993,0.036110901,-0.09441214,-0.096391411,0.003363433,3.850825905,6.380000263,-1.181226844,0.032971315,-0.055958754,-0.008416634,0.997854948,0.314922319,0.94910577,0.960559614,0.0,0.0,0.0,0.86058265,0.0,3.62639308
1772729830.1237724,0.870217,0.594825,0.850801,0.01155067,-0.03467002,-0.01117388,0.99926959,0.023919,-0.069086,-0.02319,-0.582254052,0.894849202,0.038361361,0.21281178,0.124725805,-0.025991936,0.022644155,-0.037422052,1.008610027,0.168644095,0.019876849,-0.028733228,51260.308652391,54694.639661547,51286.297709734,51127.394134141,0.841241874,0.636864434,0.852650686,-0.665505055,0.889622442,0.036806142,-0.091501519,-0.104694077,-0.000966244,3.950547596,6.362967232,-1.199096254,0.03383277,-0.055823009,-0.008528726,0.997832832,0.305717565,0.952110145,0.960882366,0.0,0.0,0.0,0.86058265,0.0,3.62639308
1772729830.1337724,0.86435,0.603723,0.851207,0.01286693,-0.03417265,-0.01074134,0.99927539,0.026514,-0.068072,-0.0224,-0.589227349,0.887167221,0.038774979,0.204137147,0.088680149,-0.013613678,0.017969008,-0.030314457,1.009482962,0.17759422,0.033977845,-0.024102202,51250.77907593,54537.034220532,51288.610462035,51327.677243922,0.834899775,0.645568919,0.853040596,-0.674762623,0.882519193,0.036888172,-0.096048381,-0.09773059,0.001129567,4.043873369,6.34454049,-1.211848937,0.034641216,-0.055673341,-0.008600085,0.997820482,0.296075596,0.955152024,0.961219373,0.0,0.0,0.0,0.86058265,0.0,3.62639308
1772729830.143772,0.858441,0.612575,0.851584,0.01349027,-0.03344885,-0.01060005,0.99929316,0.027736,-0.066614,-0.022138,-0.596251404,0.880473178,0.038726086,0.188106162,0.074928217,-0.010516868,0.017364639,-0.020355088,1.015007881,0.176168883,0.045221409,-0.013041722,51374.701883079,54588.678758331,51180.331216174,51196.374289932,0.828566449,0.654053615,0.853448961,-0.683789621,0.875197105,0.037149055,-0.094683559,-0.092204948,0.005228481,4.147237556,6.304897089,-1.222909573,0.035540247,-0.055339329,-0.00865888,0.997807351,0.286442673,0.958085953,0.961555036,0.0,0.0,0.0,0.86058265,0.0,3.62639308
1772729830.1537716,0.852454,0.621286,0.85197,0.01467097,-0.0322534,-0.01122839,0.99930896,0.030113,-0.064177,-0.023438,-0.605467128,0.874893783,0.039057283,0.183794919,0.076233697,-0.023225806,0.018999979,-0.022118096,1.009436671,0.169432133,0.050007724,-0.002332762,51755.860252606,54346.9036578,50908.173331933,51260.734737284,0.821668518,0.66308838,0.853892234,-0.693431984,0.867005493,0.037920222,-0.093553445,-0.091807954,0.003182948,4.260953529,6.254580761,-1.228832356,0.036533128,-0.054911678,-0.008672108,0.997794177,0.276306894,0.96105885,0.961907134,0.0,0.0,0.0,0.86058265,0.0,3.62639308
1772729830.1637716,0.8463,0.630067,0.852352,0.01563861,-0.03265254,-0.01118527,0.99928181,0.032058,-0.064954,-0.023427,-0.614261988,0.86810887,0.040445474,0.188894483,0.067720268,-0.049226741,0.014126481,-0.020812024,1.011218937,0.161470629,0.055571241,-0.007657505,51745.070404745,54232.466472623,50849.779394805,51442.284309957,0.814430333,0.672365742,0.854296734,-0.703314013,0.858609134,0.038005055,-0.096185012,-0.093030162,0.003400238,4.367606882,6.197718425,-1.228620145,0.037468218,-0.054424575,-0.008638324,0.997786002,0.265676581,0.964054531,0.962275326,0.0,0.0,0.0,0.86058265,0.0,3.62639308
1772729830.1737719,0.840236,0.638644,0.852806,0.0164129,-0.03389577,-0.01148386,0.99922461,0.033662,-0.067413,-0.02412,-0.624172293,0.862437458,0.039904836,0.194184699,0.070025534,-0.055653758,0.018320221,-0.028367525,1.010283231,0.1752438,0.066001101,-0.014543996,51798.376420916,54308.309840857,50745.279311465,51326.411497239,0.807265218,0.681316711,0.854736258,-0.712800806,0.849993284,0.038374177,-0.091827294,-0.103228807,0.001273792,4.46800273,6.136343378,-1.231453865,0.038347895,-0.053898698,-0.008636497,0.997781324,0.255084603,0.96691457,0.962641003,0.0,0.0,0.0,0.86058265,0.0,3.62639308
1772729830.1837723,0.833794,0.647373,0.853133,0.01720197,-0.03154327,-0.01135967,0.99928978,0.035172,-0.062692,-0.023837,-0.63418287,0.855968687,0.039497726,0.190491553,0.060374883,-0.055284038,0.020999436,-0.033639292,1.011997979,0.190740774,0.052144193,-0.003038847,51376.811757012,54505.81649812,51204.335567648,51019.221477451,0.801158012,0.688792424,0.855127525,-0.720616874,0.842513756,0.03877406,-0.090549463,-0.110226648,0.005531971,4.566210085,6.073361765,-1.234038312,0.039208841,-0.053358598,-0.008635006,0.997774714,0.246095873,0.969238223,0.962950472,0.0,0.0,0.0,0.86058265,0.0,3.62639308
1772729830.1937723,0.827477,0.655792,0.853597,0.01853579,-0.03136817,-0.01191523,0.99926497,0.037874,-0.062289,-0.025027,-0.642561297,0.848329461,0.039728437,0.168324897,0.0137776,-0.025342405,0.020824336,-0.025539227,1.009759812,0.19552641,0.043169806,0.00687279,51803.359211325,54299.946703738,50896.317839171,51083.201750436,0.794002342,0.697359829,0.855537494,-0.729544759,0.833726714,0.039289983,-0.087701043,-0.106051503,0.000427764,4.660116108,6.02464691,-1.232538081,0.040032652,-0.052940976,-0.00859563,0.997761345,0.236029901,0.971740005,0.963296229,0.0,0.0,0.0,0.86058265,0.0,3.62639308
1772729830.203773,0.821029,0.664203,0.853993,0.0195345,-0.03158981,-0.01195504,0.99923849,0.039883,-0.062706,-0.025178,-0.649859128,0.839129219,0.039456254,0.149895313,0.104834934,-0.001909539,0.020242963,-0.017689262,1.005197379,0.197895117,0.045066165,0.006006525,51775.435181015,54537.300961369,50944.774244709,50770.288351967,0.789144162,0.703037194,0.855825355,-0.735495488,0.82784134,0.039302464,-0.087405102,-0.098434103,-0.002199167,4.751659222,6.000108078,-1.226999546,0.040835027,-0.052732211,-0.008514093,0.997747265,0.228805042,0.973460089,0.963543808,0.0,0.0,0.0,0.86058265,0.0,3.62639308
1772729830.2137728,0.814428,0.672665,0.854298,0.01992742,-0.03082874,-0.01184765,0.99925578,0.040643,-0.061178,-0.024956,-0.657808533,0.831726279,0.038383409,0.129137665,0.26081144,0.048491918,0.020403648,-0.016679423,1.001743122,0.196216,0.048173693,0.002724312,51757.666466406,54181.050632489,50924.08300791,51160.199893194,0.784097445,0.708838372,0.856161669,-0.741644593,0.821590785,0.039464798,-0.086921968,-0.096924616,-0.003722962,4.827860962,5.970435423,-1.221378996,0.041504406,-0.052477484,-0.008441134,0.997732639,0.221811037,0.975078127,0.963783118,0.0,0.0,0.0,0.86058265,0.0,3.62639308
1772729830.2237735,0.80784,0.680878,0.854753,0.02033223,-0.03140872,-0.01187675,0.99922922,0.041472,-0.062326,-0.025064,-0.664181985,0.822400901,0.040080846,0.10809615,0.23273719,0.05916499,0.021398062,-0.023805709,0.998814267,0.16799461,0.068194645,0.006621127,51848.039258717,54018.344956515,50803.532796879,51338.63976266,0.778523817,0.715128581,0.85654744,-0.748401079,0.814630674,0.039552903,-0.08323171,-0.106888578,-0.008606868,4.911154314,5.930739147,-1.216365339,0.042236349,-0.052136154,-0.00837439,0.997719055,0.214370832,0.976748421,0.964037306,0.0,0.0,0.0,0.86058265,0.0,3.62639308
1772729830.233774,0.801194,0.689042,0.855195,0.0209792,-0.03044366,-0.01067161,0.99925931,0.042668,-0.060431,-0.022648,-0.674245495,0.814680691,0.041947651,0.101380309,0.091686193,0.033128623,0.015645092,-0.021844384,1.001167549,0.159118251,0.091974197,0.013038723,51921.379775385,54120.019740972,50785.724300695,51183.31518125,0.771657838,0.72271624,0.856967559,-0.756470199,0.805863918,0.038870012,-0.088165275,-0.108807802,-0.01200416,5.008111533,5.864741346,-1.210790619,0.043090409,-0.05156654,-0.008307265,0.997707995,0.204890642,0.978781715,0.964360461,0.0,0.0,0.0,0.86058265,0.0,3.62639308
1772729830.2437744,0.794401,0.697155,0.855535,0.02167538,-0.02542179,-0.01077987,0.99938366,0.043942,-0.050366,-0.022679,-0.683503488,0.805917901,0.044318438,0.13420911,-0.189743187,-0.015185446,0.016496488,-0.021443111,0.997821406,0.157538005,0.095096551,0.013668405,51735.472897582,54213.476685722,51106.200909154,51022.525587162,0.764508432,0.730476729,0.857362528,-0.763959044,0.795339685,0.037654588,-0.086179492,-0.107002623,-0.01080706,5.104545606,5.797975859,-1.200602881,0.043941997,-0.050988334,-0.008201295,0.997700912,0.195677895,0.980667889,0.96467396,0.0,0.0,0.0,0.86058265,0.0,3.62639308
1772729830.253775,0.787483,0.705235,0.855963,0.02234208,-0.02712503,-0.01060924,0.99932603,0.045311,-0.053765,-0.022451,-0.692015501,0.796638949,0.045928793,0.179446572,-0.497951867,-0.041067732,0.018568939,-0.019894174,1.011840167,0.15074736,0.084423144,0.010456722,51753.526493281,54301.837054826,51084.055924582,51004.477006796,0.757330459,0.738099834,0.857731341,-0.771769018,0.785590072,0.036807747,-0.086656861,-0.109146105,0.001278598,5.195507764,5.739413368,-1.188619156,0.044745739,-0.050480319,-0.008079905,0.997695259,0.185814051,0.982584049,0.96500886,0.0,0.0,0.0,0.86058265,0.0,3.62639308
1772729830.2637746,0.780544,0.713084,0.856548,0.02305766,-0.03558031,-0.0120828,0.99902772,0.047065,-0.070593,-0.02585,-0.704758462,0.79286719,0.042810783,0.204996435,-0.73729627,-0.078293187,0.027773624,-0.027917314,1.013860449,0.155696491,0.074613239,0.017894556,52098.861650659,54217.372959317,50845.037965633,51043.254653352,0.749758633,0.745977048,0.858043288,-0.780322598,0.776234567,0.03600922,-0.073843213,-0.118444314,0.006332174,5.286655422,5.669911518,-1.179790519,0.045550811,-0.049878145,-0.007991141,0.997686833,0.175536755,0.984469801,0.965357193,0.0,0.0,0.0,0.86058265,0.0,3.62639308
1772729830.2737756,0.773398,0.721004,0.856941,0.024184,-0.03934694,-0.01251596,0.9988545,0.049468,-0.078078,-0.026992,-0.715135822,0.786978567,0.040297746,0.216789317,-0.843720391,-0.102433361,0.02116498,-0.018910117,1.003535254,0.143026591,0.079783124,0.020320002,52158.726773556,53988.804597701,50741.516728897,51277.368841057,0.742427813,0.753446035,0.858439651,-0.788247544,0.76655986,0.036655787,-0.080349805,-0.112350887,-0.005210298,5.373299395,5.603751627,-1.168639822,0.04631721,-0.049303682,-0.007883639,0.997677881,0.165719075,0.986170608,0.965689315,0.0,0.0,0.0,0.86058265,0.0,3.62639308
1772729830.283776,0.766266,0.728833,0.857306,0.02566968,-0.04203078,-0.01228662,0.99871093,0.052513,-0.083419,-0.026796,-0.722330739,0.779431882,0.0377445,0.221571084,-0.697399901,-0.077304721,0.020633972,-0.019062687,1.003251423,0.14064676,0.081064498,0.013162613,51891.082203405,54110.87098485,50977.892605229,51170.121059982,0.735394158,0.760472,0.858825831,-0.795596785,0.757344003,0.036606145,-0.076980447,-0.114236449,-0.009029714,5.446857701,5.550868458,-1.15830757,0.046967796,-0.048844114,-0.00778415,0.997671155,0.156797924,0.987629069,0.965990646,0.0,0.0,0.0,0.86058265,0.0,3.62639308
1772729830.2937763,0.759044,0.736531,0.857693,0.02664865,-0.04406405,-0.01234868,0.99859688,0.054546,-0.087458,-0.027118,-0.727778899,0.770268392,0.036069537,0.211094306,-0.335234672,-0.041780355,0.021401265,-0.023253713,1.003590787,0.126219569,0.068187887,0.009474975,51707.192090795,53840.226262662,51218.136139445,51458.561599519,0.730437708,0.765325313,0.859099622,-0.80064928,0.750944265,0.036036897,-0.076966218,-0.11699066,-0.007426497,5.504879841,5.511709267,-1.150685181,0.047480417,-0.048503984,-0.00770957,0.99766508,0.149465084,0.988756209,0.966237944,0.0,0.0,0.0,0.86058265,0.0,3.62639308
1772729830.3037763,0.751501,0.744435,0.857893,0.02730217,-0.0455762,-0.01349597,0.9984965,0.05601,-0.090402,-0.029565,-0.732350737,0.759474403,0.036485505,0.190640291,-0.053943792,0.001677631,0.020673971,-0.025863168,1.002475368,0.102657937,0.051575954,0.008034364,51442.263020608,53940.80616352,51511.657257856,51347.45526784,0.725099102,0.770465589,0.859368166,-0.806050652,0.744054528,0.035636358,-0.077751038,-0.11854639,-0.005812882,5.551678201,5.483012954,-1.143073994,0.047894152,-0.048254135,-0.007635709,0.997662343,0.142227499,0.989821595,0.966481784,0.0,0.0,0.0,0.86058265,0.0,3.62639308
1772729830.3137767,0.744336,0.751781,0.858393,0.02827928,-0.04551582,-0.01327188,0.99847506,0.057949,-0.090265,-0.029201,-0.736231918,0.74709302,0.038621851,0.163984888,0.074334533,0.014070745,0.018603646,-0.024357059,1.001428079,0.083225243,0.044944556,0.003750636,51467.724983182,53869.428733602,51450.63834931,51496.587474773,0.719089781,0.776171665,0.859654252,-0.812064595,0.736338292,0.035270683,-0.077863287,-0.118795561,-0.005871435,5.592228638,5.440724752,-1.137987058,0.048253842,-0.04788654,-0.007592522,0.997658888,0.134570062,0.990895874,0.966739519,0.0,0.0,0.0,0.86058265,0.0,3.62639308
1772729830.3237772,0.73699,0.759172,0.858802,0.02923731,-0.04434711,-0.01255844,0.99850929,0.059768,-0.087941,-0.027784,-0.74153002,0.736015523,0.039594851,0.166615195,0.205959821,0.039490415,0.026326303,-0.018761464,1.005425457,0.077412133,0.030905798,-0.002842781,51512.265422184,53910.057738224,51382.991795094,51534.276579119,0.711865485,0.782903992,0.859988848,-0.819170508,0.727169731,0.034676076,-0.070985469,-0.120506717,-0.01208526,5.63121292,5.401031973,-1.135019918,0.048598714,-0.047542307,-0.007567544,0.997656629,0.125264149,0.99211771,0.967052402,0.0,0.0,0.0,0.86058265,0.0,3.62639308
1772729830.3337774,0.729511,0.766495,0.859226,0.02992973,-0.04318239,-0.01197606,0.99854698,0.061068,-0.085627,-0.026603,-0.748816798,0.726669477,0.039382128,0.15031271,0.28464354,0.097275277,0.033708702,-0.027198282,1.004421472,0.063571177,0.00339665,0.001566341,51602.333159739,54075.595303475,51386.87813654,51317.259918568,0.704085644,0.789974858,0.86034026,-0.826762111,0.717464006,0.033804717,-0.06477847,-0.125910251,-0.005402073,5.667174358,5.372332199,-1.13436766,0.048915128,-0.04729455,-0.007559417,0.99765342,0.115696315,0.993279701,0.967373696,0.0,0.0,0.0,0.86058265,0.0,3.62639308
1772729830.343778,0.721944,0.773738,0.859554,0.03065622,-0.04169233,-0.01187462,0.99858948,0.06247,-0.082633,-0.026365,-0.760911468,0.720530835,0.036934592,0.137891825,0.270037307,0.089881183,0.032544947,-0.032663433,1.002925812,0.072976578,0.009481104,0.013316821,51726.761808367,54182.762808017,51376.832233718,51120.365946919,0.69623176,0.796939934,0.860658012,-0.834509324,0.707879863,0.033445097,-0.063942552,-0.129366865,-0.005027187,5.705459171,5.363131191,-1.130131887,0.049251164,-0.047215145,-0.007510751,0.997645588,0.105856551,0.994376605,0.967703696,0.0,0.0,0.0,0.86058265,0.0,3.62639308
1772729830.353778,0.714302,0.780936,0.859899,0.0313072,-0.04038992,-0.01157834,0.99862628,0.063711,-0.080029,-0.025739,-0.776256218,0.717954298,0.032847215,0.113634118,0.248171615,0.041694322,0.020830477,-0.015709654,1.008222157,0.076732638,0.002001872,0.012453687,51748.766960521,54294.412035263,51404.854733614,50988.73042034,0.68779651,0.804254432,0.860992465,-0.842666808,0.697643544,0.032913304,-0.075239974,-0.115145698,1.6839e-05,5.744543769,5.346783557,-1.124528309,0.049595475,-0.047072969,-0.007453082,0.997634,0.09518744,0.995452367,0.968061154,0.0,0.0,0.0,0.86058265,0.0,3.62639308
1772729830.3637784,0.706535,0.788028,0.860273,0.03221461,-0.03946009,-0.01091016,0.99864212,0.065449,-0.07819,-0.02441,-0.78309793,0.708111689,0.032881888,0.096650952,0.166090086,0.004166547,0.022913733,-0.015233652,1.00528565,0.093274496,0.040268844,0.022683754,52119.82851735,54071.228012618,51154.557476341,51110.838359621,0.679534268,0.811270008,0.861368498,-0.850263508,0.687217025,0.032806362,-0.072665169,-0.112974611,-0.00211614,5.791107206,5.317794672,-1.114314432,0.050008094,-0.046819167,-0.007357922,0.997623508,0.085055239,0.996368462,0.968400284,0.0,0.0,0.0,0.86058265,0.0,3.62639308
1772729830.3737783,0.698581,0.795109,0.860573,0.03176616,-0.03886558,-0.01033816,0.99868589,0.064488,-0.077048,-0.023189,-0.788248129,0.697091652,0.034050149,0.097420757,0.091552758,-0.002649572,0.019934001,-0.02168782,1.00070987,0.07299248,0.065274988,0.035210713,52172.802513465,53733.384201077,51110.947935368,51490.942549372,0.670771444,0.818522506,0.861782086,-0.858078297,0.675969555,0.032645449,-0.073951785,-0.121496076,-0.00907838,5.838006384,5.270401833,-1.093967823,0.050429605,-0.046400647,-0.007182847,0.997622009,0.073899099,0.997255068,0.968773297,0.0,0.0,0.0,0.86058265,0.0,3.62639308
1772729830.3837783,0.690567,0.802103,0.860858,0.03306309,-0.03885952,-0.01183864,0.99862737,0.067205,-0.076905,-0.026295,-0.792459827,0.685261065,0.035726569,0.08627707,0.020201109,-0.00278985,0.022808844,-0.024805158,1.000761224,0.054972644,0.107232356,0.010917657,51970.58703373,53739.035125536,51308.598858574,51569.333025395,0.662656916,0.825071979,0.862128355,-0.865297758,0.665895582,0.031826764,-0.070800306,-0.12636047,-0.009348483,5.869541391,5.22547767,-1.076417655,0.050715841,-0.046003769,-0.007037507,0.997631364,0.063746199,0.997955181,0.969112551,0.0,0.0,0.0,0.86058265,0.0,3.62639308
1772729830.393778,0.682693,0.808868,0.861257,0.03306019,-0.03749827,-0.01127024,0.99868608,0.067114,-0.074221,-0.025062,-0.796524885,0.673131605,0.03567991,0.073702566,-0.000321006,0.004213472,0.023186033,-0.03005625,0.999651506,0.053960034,0.105773713,0.014692583,51942.107974619,53708.543898195,51373.387147804,51644.91376795,0.656003294,0.830336866,0.862385238,-0.871109749,0.657704925,0.030999988,-0.067391243,-0.127852192,-0.008011446,5.891443166,5.170446089,-1.064262096,0.05091696,-0.045520635,-0.00694775,0.997643713,0.055442544,0.998454929,0.969389867,0.0,0.0,0.0,0.86058265,0.0,3.62639308
1772729830.4037783,0.67491,0.815386,0.861677,0.03354973,-0.03958586,-0.01119285,0.99859005,0.068153,-0.078389,-0.02509,-0.801213507,0.662552555,0.034950674,0.058133963,0.006082068,0.018084309,0.024274024,-0.021362588,1.012292081,0.042207895,0.121794917,0.010680063,52216.987607836,53373.865378199,51126.331323578,52038.278680711,0.650039085,0.834978824,0.862599381,-0.876242262,0.650387588,0.030271823,-0.068979521,-0.121695774,0.006555165,5.90906789,5.106009401,-1.053529061,0.051081114,-0.04495595,-0.006876494,0.997659283,0.04811974,0.998836396,0.969634266,0.0,0.0,0.0,0.86058265,0.0,3.62639308
1772729830.4137778,0.666733,0.822043,0.862021,0.0341221,-0.03864506,-0.01054118,0.9986146,0.069222,-0.076538,-0.023762,-0.809205978,0.653508121,0.034090048,0.061063747,0.050891207,0.038994106,0.027018691,-0.019874251,1.013196447,0.013304171,0.135511073,0.008437059,51805.347715016,53371.559750213,51474.925631564,52098.086006245,0.64223596,0.84093638,0.862896186,-0.882894277,0.640836318,0.03048585,-0.061714725,-0.12583605,0.004226595,5.918478493,5.034655414,-1.043318727,0.051174135,-0.044330753,-0.006816238,0.997684669,0.039145923,0.99922448,0.969933688,0.0,0.0,0.0,0.86058265,0.0,3.62639308
1772729830.4237783,0.658571,0.828564,0.862317,0.03381573,-0.03849004,-0.01069018,0.99862943,0.068615,-0.076225,-0.024026,-0.818163892,0.645319788,0.033579228,0.030860049,0.124859225,0.032928041,0.026635813,-0.018161708,1.006656629,-0.002621743,0.133386002,0.00662191,51755.088224799,53747.116592328,51554.138180196,51616.941703836,0.633864796,0.847159279,0.863235012,-0.889912956,0.63058556,0.031060725,-0.061571049,-0.120270625,-0.002763226,5.916580453,4.956460389,-1.033781513,0.051168978,-0.0436456,-0.006769395,0.997715401,0.029928203,0.999542069,0.970241144,0.0,0.0,0.0,0.86058265,0.0,3.62639308
1772729830.4337783,0.650335,0.834976,0.862595,0.03411098,-0.03746296,-0.01047566,0.99866072,0.069161,-0.074179,-0.023546,-0.827820856,0.638022928,0.031496611,0.044451881,0.049137501,-0.019512593,0.026261492,-0.019271275,1.00525603,0.006048978,0.13063675,0.015933011,52015.127341659,53666.672836753,51346.481043711,51657.163581624,0.626181896,0.852755439,0.863553164,-0.895989474,0.621187264,0.031038196,-0.060326122,-0.120960022,-0.001656754,5.917866656,4.87412201,-1.022140021,0.051192586,-0.042923599,-0.006704875,0.997745118,0.019886552,0.999791731,0.970575983,0.0,0.0,0.0,0.86058265,0.0,3.62639308
1772729830.4437783,0.642037,0.841337,0.862934,0.03437214,-0.03734001,-0.01070441,0.99865394,0.069698,-0.073911,-0.024015,-0.834402525,0.628908137,0.03096961,0.045947677,-0.057322442,-0.029339065,0.026797728,-0.023668779,1.008248373,0.010917578,0.120724542,0.024803984,51628.05563431,53862.035701045,51885.221141474,51329.892722395,0.618409977,0.858298665,0.86380845,-0.902162268,0.611925277,0.030839264,-0.059266899,-0.126183153,1.739e-05,5.918299834,4.791941998,-1.006845174,0.051209936,-0.042201264,-0.006608794,0.997774167,0.010545655,0.999932897,0.970887381,0.0,0.0,0.0,0.86058265,0.0,3.62639308
1772729830.4537785,0.633632,0.847548,0.863295,0.03496411,-0.03675013,-0.01074001,0.99865489,0.07087,-0.072714,-0.024087,-0.838429685,0.617397617,0.031727866,0.046793118,-0.179748521,-0.022794019,0.024275535,-0.019305445,1.007738222,0.006584636,0.095691629,0.01843049,51802.067820393,53550.456033676,51760.495790458,51638.548643592,0.609695391,0.864377767,0.86412346,-0.908856287,0.601580511,0.030741803,-0.059796863,-0.122280645,-0.002248487,5.916921394,4.717994414,-0.988180963,0.051211749,-0.041548984,-0.006480292,0.997804525,0.000722086,0.999988338,0.971214835,0.0,0.0,0.0,0.86058265,0.0,3.62639308
1772729830.4637787,0.62531,0.853628,0.863647,0.03454545,-0.03774288,-0.01115689,0.99862786,0.070091,-0.074681,-0.024963,-0.846500496,0.608438906,0.031840454,0.035808207,-0.116346416,0.002195354,0.02485889,-0.017060368,1.008637465,0.006883554,0.084284493,0.01983937,52058.707945135,53764.777044513,51513.751854727,51396.346381125,0.601710656,0.869807821,0.864432104,-0.914760696,0.592141588,0.030686218,-0.058930049,-0.117704232,0.001566179,5.911697889,4.656985146,-0.973061459,0.051177396,-0.041010712,-0.006378152,0.997829178,-0.008814093,0.99994891,0.971532705,0.0,0.0,0.0,0.86058265,0.0,3.62639308
1772729830.4737787,0.616728,0.859731,0.863832,0.03531305,-0.04208696,-0.01113167,0.99842765,0.071763,-0.083352,-0.025291,-0.853011614,0.59889824,0.032309607,-0.005911703,0.083615857,0.015507464,0.024114812,-0.016172253,1.018701251,0.028140677,0.061907192,0.021485554,51918.287637901,53753.153067327,51574.695679967,51481.863614806,0.594010774,0.874931686,0.864720298,-0.920371325,0.583192464,0.030825129,-0.059501953,-0.119743092,0.009108419,5.911656626,4.596407523,-0.959448832,0.051187418,-0.040477151,-0.006287047,0.997846401,-0.017430745,0.999835669,0.971819945,0.0,0.0,0.0,0.86058265,0.0,3.62639308
1772729830.4837787,0.608205,0.865646,0.864215,0.03508181,-0.04000403,-0.01060129,0.99852719,0.071192,-0.079229,-0.024056,-0.859754608,0.588929991,0.031212753,-0.005547757,0.187445917,0.054446881,0.025541989,-0.01862054,1.019136069,0.039837704,0.050170692,0.009901356,51593.482275977,53884.743901821,51792.401845935,51380.874790811,0.585472284,0.880496597,0.865045647,-0.926390682,0.573210755,0.03149686,-0.058789091,-0.1224633,0.008472514,5.928556634,4.560974678,-0.947341898,0.05134205,-0.040164121,-0.006191736,0.997858156,-0.026851861,0.999627295,0.972134053,0.0,0.0,0.0,0.86058265,0.0,3.62639308
1772729830.4937787,0.599582,0.871464,0.864562,0.03476118,-0.03718909,-0.01024546,0.99865092,0.07044,-0.073632,-0.023113,-0.864953117,0.578741131,0.031596903,0.000838761,0.205480563,0.081294528,0.027694063,-0.016031834,1.009263301,0.037020055,0.034336835,0.002886744,51692.431501394,53794.389536041,51692.015855237,51439.489421545,0.576310753,0.886313464,0.865371801,-0.932721604,0.562474051,0.032147425,-0.054187912,-0.118560527,0.003760095,5.942535454,4.521153602,-0.941514564,0.051469381,-0.039815516,-0.006154203,0.997865927,-0.038027681,0.999264503,0.972506785,0.0,0.0,0.0,0.86058265,0.0,3.62639308
1772729830.5037792,0.590809,0.877265,0.864866,0.03469294,-0.03361881,-0.00994728,0.99878287,0.070183,-0.066515,-0.022254,-0.870915496,0.568495317,0.032489114,0.00970629,0.235372183,0.09448212,0.025714301,-0.012992601,1.014707242,0.042688757,0.047196691,0.009390679,51745.942076315,53829.042325541,51633.22692506,51348.389566861,0.567785522,0.891599328,0.8656963,-0.938499888,0.552558284,0.032738571,-0.054324454,-0.117578892,0.009065092,5.961689304,4.483669284,-0.934620867,0.051641901,-0.039487033,-0.006104617,0.997870664,-0.047748375,0.998846923,0.972831112,0.0,0.0,0.0,0.86058265,0.0,3.62639308
1772729830.5137792,0.58218,0.882846,0.865221,0.03471969,-0.03310875,-0.00957779,0.99880259,0.070199,-0.06552,-0.021479,-0.87581521,0.557730874,0.034171886,-0.002855172,0.205833161,0.093091652,0.032022383,-0.017786988,1.014466464,0.047521429,0.039202712,0.017192198,51759.997614689,53863.601431187,51631.750596328,51207.75536695,0.5585983,0.897158048,0.866070501,-0.944670305,0.542018488,0.033603715,-0.049357043,-0.121539013,0.007437368,5.972059565,4.43169932,-0.925747864,0.051739836,-0.039031034,-0.006047528,0.997877895,-0.057806712,0.998315321,0.973166877,0.0,0.0,0.0,0.86058265,0.0,3.62639308
1772729830.5237792,0.573344,0.888375,0.865457,0.03565474,-0.03771505,-0.00865133,0.99861478,0.072127,-0.074778,-0.020025,-0.883946783,0.549517366,0.033717573,0.032073546,0.091165757,0.045072237,0.025769271,-0.008347303,1.009171882,0.075068771,0.044234008,0.019714271,51565.163360858,53707.052779433,51851.876096025,51296.823571976,0.549834806,0.902319129,0.866436754,-0.950465777,0.53207891,0.034180615,-0.053048157,-0.115010823,0.001022857,6.002327367,4.402600155,-0.913844863,0.052009988,-0.038773839,-0.005946932,0.997875536,-0.06748731,0.997707697,0.973490224,0.0,0.0,0.0,0.86058265,0.0,3.62639308
1772729830.533779,0.564544,0.893816,0.865891,0.03513099,-0.03552851,-0.00871058,0.998713,0.071026,-0.070412,-0.019946,-0.891123713,0.540265628,0.035195002,0.053102561,0.081225386,0.006836934,0.028236045,-0.00647695,1.004769776,0.06906797,0.037420994,0.016576301,51483.884885522,53730.316782312,51998.364674178,51181.686294481,0.541701465,0.907007136,0.866761199,-0.955774651,0.522990909,0.034377791,-0.051859792,-0.111079239,-0.000878938,6.033023743,4.372738868,-0.9027763,0.052283614,-0.03851035,-0.005853955,0.997876077,-0.076276099,0.997075773,0.973783947,0.0,0.0,0.0,0.86058265,0.0,3.62639308
1772729830.543779,0.555514,0.899206,0.866237,0.03513068,-0.03210263,-0.00860278,0.99882994,0.070934,-0.063568,-0.019482,-0.898387395,0.531334248,0.036564196,0.054907144,0.13404852,-0.035233126,0.033655318,-0.015739185,1.006102243,0.056513267,0.033867057,0.013237028,51385.247440081,53704.962867109,52093.153707663,51197.635985147,0.532436842,0.912222679,0.867128048,-0.961679617,0.512659574,0.034370921,-0.045201973,-0.118897613,-0.001813566,6.069099649,4.339158361,-0.889732212,0.052605008,-0.038213794,-0.005743825,0.997873602,-0.086314494,0.996256507,0.974119682,0.0,0.0,0.0,0.86058265,0.0,3.62639308
1772729830.5537791,0.546521,0.904444,0.866642,0.03537121,-0.03160637,-0.0088398,0.99883521,0.071419,-0.062555,-0.019935,-0.905105486,0.522621808,0.037154581,0.035093307,0.210676947,-0.069320166,0.028126213,-0.009812612,1.010714381,0.054803142,0.047872239,0.01703291,51798.972513388,53724.422146646,51712.992792061,51117.422984188,0.522294948,0.917785209,0.867551112,-0.967923616,0.501311845,0.034333463,-0.047531814,-0.119214207,9.5909e-05,6.099850228,4.300492077,-0.878032665,0.052879943,-0.03787325,-0.005649721,0.997872551,-0.097371199,0.995235143,0.974489813,0.0,0.0,0.0,0.86058265,0.0,3.62639308
1772729830.5637789,0.537379,0.909692,0.866934,0.03659573,-0.03207955,-0.01009677,0.99876409,0.073965,-0.063383,-0.022564,-0.910860834,0.513572246,0.037569597,0.025634441,0.183088079,-0.059777747,0.035339416,-0.009503394,1.007024406,0.061588483,0.066873652,0.016842088,51833.874586831,53757.46163175,51635.159536775,51101.88792714,0.513084954,0.922712383,0.867929725,-0.973494256,0.491066562,0.034422497,-0.041515095,-0.118171705,0.000502618,6.128960175,4.258203391,-0.863891714,0.053141622,-0.037499887,-0.005536778,0.997873408,-0.107816205,0.994158526,0.974839831,0.0,0.0,0.0,0.86058265,0.0,3.62639308
1772729830.5737789,0.52833,0.914695,0.867359,0.03634973,-0.03191729,-0.00927947,0.9987862,0.073416,-0.063124,-0.0209,-0.91379553,0.502770254,0.037930903,0.037979575,0.006936568,-0.015295385,0.033720673,-0.00851175,1.010347761,0.067138573,0.074994752,0.020926928,51732.570307514,53515.517550287,51893.834400927,51168.048833526,0.503998848,0.927452825,0.868307831,-0.978939447,0.481002444,0.034712184,-0.041168581,-0.115577417,0.005109108,6.158894393,4.201251629,-0.85178983,0.053410918,-0.036999767,-0.005448419,0.997877575,-0.117307401,0.993083137,0.975158231,0.0,0.0,0.0,0.86058265,0.0,3.62639308
1772729830.5837796,0.519165,0.919706,0.867736,0.03599887,-0.03095223,-0.00962723,0.99882599,0.072709,-0.061177,-0.021502,-0.916601981,0.492602723,0.038917578,0.020862123,-0.052508562,0.023158749,0.030427433,-0.00973181,1.010253357,0.060244621,0.094801962,0.02982146,51785.814612488,53271.515463469,51892.40242018,51326.287853396,0.495055552,0.9320003,0.868692414,-0.984038855,0.470926079,0.035168806,-0.043532026,-0.117314748,0.00241095,6.189323229,4.148280736,-0.831367506,0.053686733,-0.036530384,-0.005285829,0.997881067,-0.126984122,0.991892682,0.975483213,0.0,0.0,0.0,0.86058265,0.0,3.62639308
1772729830.5937798,0.509956,0.924586,0.868109,0.03584425,-0.03069732,-0.00948949,0.99884074,0.072384,-0.06068,-0.021198,-0.921300354,0.482753296,0.038256136,0.006413048,-0.025736605,0.04855335,0.024992696,-0.005637316,1.004874986,0.05041832,0.121071312,0.02900492,52141.447279333,53053.512839567,51525.384526464,51568.841879283,0.485340366,0.936815898,0.869075261,-0.989469978,0.460105204,0.035211651,-0.046453222,-0.1143168,-0.00321283,6.211323482,4.059683587,-0.805179821,0.053893573,-0.03574759,-0.005092818,0.99789174,-0.137340535,0.990510981,0.975831485,0.0,0.0,0.0,0.86058265,0.0,3.62639308
1772729830.6037803,0.500656,0.929402,0.868511,0.03653748,-0.03142276,-0.00881269,0.99879926,0.07375,-0.062166,-0.01994,-0.926397834,0.473050393,0.037387856,0.013497619,-0.000939872,0.050996809,0.027138116,-0.00732146,1.003851046,0.054212216,0.13529749,0.026956338,52245.204282051,53371.011128205,51437.957025641,51243.375948718,0.475021786,0.941785306,0.869448352,-0.995141764,0.448782079,0.034832006,-0.043835326,-0.11398784,-0.001494538,6.235001554,3.957922623,-0.776285868,0.054116478,-0.034848853,-0.0048823,0.997911253,-0.148371851,0.988919736,0.976202993,0.0,0.0,0.0,0.86058265,0.0,3.62639308
1772729830.61378,0.491553,0.933975,0.868921,0.03674982,-0.032607,-0.00879121,0.9987537,0.074204,-0.064531,-0.02,-0.932526414,0.463789642,0.035681075,0.053753909,0.038395795,0.045409509,0.026845793,-0.014264407,1.009651367,0.046652906,0.1353738,0.021282983,51801.0955189,53100.184352836,51840.494986277,51605.364792522,0.464362775,0.946767684,0.869845926,-1.000743411,0.43708311,0.03459697,-0.043358085,-0.124944437,0.000274068,6.269404099,3.874580763,-0.750465106,0.054430022,-0.034112293,-0.004686894,0.997927224,-0.159355379,0.98721094,0.976573538,0.0,0.0,0.0,0.86058265,0.0,3.62639308
1772729830.6237803,0.48206,0.938655,0.869201,0.03663839,-0.03162207,-0.0085436,0.99879161,0.073941,-0.062583,-0.019423,-0.937673991,0.45363567,0.035233056,0.06169833,0.119464909,0.060362308,0.030403862,-0.014620026,1.007690961,0.013892392,0.1237191,0.013974692,51618.964329643,52973.18696187,51958.969249692,51795.881918819,0.453526997,0.951669206,0.870256422,-1.006170458,0.425114043,0.034632483,-0.037150658,-0.124371565,-2.8033e-05,6.281923711,3.774263102,-0.729788529,0.05455236,-0.033229362,-0.004551211,0.997950286,-0.169968838,0.985440595,0.976932207,0.0,0.0,0.0,0.86058265,0.0,3.62639308
1772729830.6337795,0.47267,0.94312,0.869543,0.03677426,-0.02993871,-0.00849867,0.99883888,0.07417,-0.059217,-0.019214,-0.942794197,0.443642439,0.034610814,0.04743522,0.223363335,0.049856262,0.027265941,-0.013445731,1.004082863,0.01850249,0.115771713,0.005397381,51938.135251261,53299.529422754,51600.586960583,51482.748365403,0.443158991,0.956217291,0.870642686,-1.011091105,0.413722777,0.034683508,-0.040700808,-0.12080006,-0.000150161,6.28325784,3.68564374,-0.715384034,0.054574359,-0.032450799,-0.00446791,0.997976365,-0.181367993,0.983412721,0.977318176,0.0,0.0,0.0,0.86058265,0.0,3.62639308
1772729830.64378,0.463211,0.947522,0.869919,0.03738284,-0.02891758,-0.00799065,0.99885056,0.075336,-0.057202,-0.018156,-0.947423262,0.433611525,0.034644419,0.035478166,0.269214649,0.040974016,0.027885233,-0.015263791,1.007992865,0.025806318,0.107026199,0.010090054,51671.790721882,53453.312271423,51936.063016936,51261.394109042,0.434709569,0.959811179,0.870952785,-1.014897501,0.404452843,0.034510737,-0.036888385,-0.122067769,0.003759165,6.291762876,3.606915502,-0.704223355,0.054657005,-0.031760177,-0.004406126,0.997994092,-0.190367548,0.981706117,0.977623508,0.0,0.0,0.0,0.86058265,0.0,3.62639308
1772729830.6537805,0.453732,0.951784,0.870282,0.0378425,-0.02775551,-0.007289,0.99887159,0.076193,-0.054924,-0.016688,-0.95118156,0.423451919,0.03587012,0.053383916,0.245010265,0.049889569,0.029213141,-0.014284879,1.009651634,0.01870293,0.134687014,0.01620025,52147.207485806,52932.720412326,51461.378645058,51797.797199713,0.423704893,0.964384049,0.87137135,-1.019707413,0.392527123,0.034576673,-0.0331108,-0.126432555,0.000496102,6.30128428,3.515088769,-0.687739934,0.054750651,-0.030952948,-0.004304091,0.998014307,-0.20106048,0.979576656,0.977986937,0.0,0.0,0.0,0.86058265,0.0,3.62639308
1772729830.6637807,0.444205,0.955985,0.870632,0.03766368,-0.02642428,-0.0074799,0.99891304,0.075817,-0.052251,-0.016958,-0.953798656,0.413648044,0.036535738,0.068484624,0.22214085,0.041659216,0.030759194,-0.004676788,1.011873209,0.033979233,0.126500538,0.01743273,52115.660432926,53416.418642321,51495.522014431,51262.383301428,0.412951476,0.968709671,0.871778633,-1.02423763,0.380963291,0.034709133,-0.033233332,-0.11131425,0.005911185,6.307286573,3.419313174,-0.669467255,0.054814127,-0.030110302,-0.004189441,0.998037559,-0.211997458,0.97726694,0.978359555,0.0,0.0,0.0,0.86058265,0.0,3.62639308
1772729830.6737812,0.434656,0.96004,0.870979,0.03775573,-0.0254332,-0.00732185,0.99893646,0.075973,-0.050281,-0.01657,-0.959596253,0.405461595,0.035864584,0.064389936,0.22126307,0.020981418,0.034217838,-0.011845434,1.005683516,0.048596155,0.11468237,0.009311316,52144.644749888,53064.859886852,51435.987421506,51646.005735171,0.403990092,0.972225098,0.872099703,-1.027937646,0.371439729,0.03502784,-0.024559207,-0.122012784,-0.001292183,6.315225616,3.335674611,-0.654613347,0.054892524,-0.029375036,-0.004098298,0.998055443,-0.221365232,0.975189535,0.97867939,0.0,0.0,0.0,0.86058265,0.0,3.62639308
1772729830.6837819,0.425037,0.964071,0.871361,0.03833609,-0.02507729,-0.00717455,0.99892442,0.077121,-0.049571,-0.016277,-0.965282816,0.396376272,0.035549121,0.045720993,0.208857652,-0.003836138,0.030153015,-0.010991181,1.007229192,0.040685021,0.10573557,0.007011294,51893.728211009,52844.139334862,51658.445527523,51898.428899083,0.397466323,0.974694856,0.872345443,-1.030499656,0.364459483,0.035060015,-0.029434975,-0.121703709,0.000475319,6.322439738,3.275363705,-0.645354161,0.054961538,-0.028845574,-0.004044899,0.998068161,-0.227876676,0.973679171,0.978902194,0.0,0.0,0.0,0.86058265,0.0,3.62639308
1772729830.693782,0.415374,0.967981,0.871735,0.03903996,-0.02380418,-0.0067644,0.99893117,0.078486,-0.047047,-0.015391,-0.969378683,0.386541589,0.036056794,0.039939215,0.159904082,-0.017114247,0.025522636,-0.006538023,1.011785905,0.02936264,0.092312564,0.007319548,51784.92851682,53165.384747706,51760.946292049,51543.398318043,0.390662681,0.977216693,0.872606545,-1.033084138,0.357198087,0.035061848,-0.031311768,-0.120796788,0.002662582,6.328888307,3.23527037,-0.640044831,0.055021537,-0.028494056,-0.004016393,0.998075386,-0.234688103,0.972058471,0.979135571,0.0,0.0,0.0,0.86058265,0.0,3.62639308
1772729830.7037828,0.405613,0.971854,0.872055,0.03910458,-0.02197771,-0.00711972,0.99896803,0.078596,-0.043367,-0.015959,-0.971727422,0.375628816,0.03763133,0.047928168,0.091706349,-0.025592685,0.032425049,-0.006736242,1.012642257,0.039986938,0.057761841,0.006027615,51680.54036716,53270.81992311,51832.079528652,51425.994108146,0.383042756,0.97998639,0.87290823,-1.035852093,0.349033172,0.035181386,-0.02636419,-0.120958979,0.003913665,6.336649381,3.18389291,-0.633035159,0.055094048,-0.028043477,-0.003978247,0.998083689,-0.242139123,0.970234365,0.97939127,0.0,0.0,0.0,0.86058265,0.0,3.62639308
1772729830.7137828,0.395875,0.975508,0.872441,0.03877949,-0.0224071,-0.00742805,0.99896892,0.077967,-0.044206,-0.016596,-0.974140206,0.3643864,0.038710041,0.025404327,-0.003073142,-0.022272761,0.029428338,-0.010195867,1.010945103,0.050885526,0.049557834,0.007107907,51501.736742116,53167.214460186,51994.005427998,51474.233729577,0.373166454,0.983473563,0.873319938,-1.039232142,0.338370167,0.035720957,-0.026985934,-0.121240156,0.004636201,6.352920735,3.138992404,-0.628224109,0.055239694,-0.027650651,-0.00395413,0.998088113,-0.251659839,0.967809011,0.979718803,0.0,0.0,0.0,0.86058265,0.0,3.62639308
1772729830.7237833,0.386101,0.979102,0.87283,0.03871633,-0.02283631,-0.00742473,0.99896167,0.077849,-0.045066,-0.01662,-0.978409791,0.353487925,0.039142092,0.00033484,-0.06571021,-0.003467172,0.033828441,-0.018451423,1.016264982,0.047973655,0.039163688,0.016185582,51570.340225726,53041.207116395,51968.06427156,51473.540880503,0.361750807,0.9873552,0.873785099,-1.043222145,0.326188222,0.036440868,-0.025314572,-0.128311675,0.007383301,6.373662212,3.100964214,-0.620761555,0.05542445,-0.027316542,-0.003902611,0.998087247,-0.262797594,0.964841115,0.980102982,0.0,0.0,0.0,0.86058265,0.0,3.62639308
1772729830.7337835,0.376414,0.982563,0.873256,0.03937076,-0.02331735,-0.0074934,0.99892447,0.079173,-0.046011,-0.016825,-0.982030268,0.343590693,0.039669385,0.002188813,-0.095516212,0.011955411,0.034419322,-0.015385717,1.001973388,0.03961203,0.088352143,0.022740619,51747.372720179,52735.931044572,51778.414805423,51772.566419585,0.350852795,0.990928133,0.874197337,-1.047110202,0.314755149,0.036823347,-0.020037347,-0.127378629,-0.00492549,6.39256112,3.04998674,-0.607453584,0.055595241,-0.026866728,-0.003807056,0.998089962,-0.273555323,0.961843699,0.980475247,0.0,0.0,0.0,0.86058265,0.0,3.62639308
1772729830.7437835,0.366559,0.985963,0.87368,0.03967105,-0.02381271,-0.00736744,0.99890184,0.079778,-0.047006,-0.016627,-0.986860828,0.335240491,0.039271755,0.015039171,-0.047771243,0.028373928,0.028524007,-0.008784706,1.002781732,0.024795668,0.114147994,0.01697396,52061.491227669,52943.192350802,51456.892444587,51583.408559599,0.341216191,0.993997002,0.874568049,-1.050331357,0.30475099,0.036510391,-0.024305465,-0.121238616,-0.005589742,6.397034659,2.972379819,-0.592613092,0.05564217,-0.026183725,-0.003714606,0.998098773,-0.282827324,0.959158613,0.980797036,0.0,0.0,0.0,0.86058265,0.0,3.62639308
1772729830.7537832,0.356583,0.989274,0.874009,0.03884144,-0.0242248,-0.00676166,0.99892882,0.078096,-0.047891,-0.015409,-0.992100888,0.327118552,0.038339625,0.02010687,0.061601245,0.033603861,0.033936275,-0.008512304,1.006649896,0.054647055,0.132965121,0.01431645,51695.272906988,52951.909953544,51873.930809529,51520.432193338,0.331483016,0.997008359,0.874939098,-1.053445294,0.294707519,0.036180173,-0.020239766,-0.118539384,0.001056201,6.414356149,2.90850824,-0.579520714,0.055799645,-0.025621591,-0.003627871,0.998110247,-0.291551414,0.956544334,0.981100616,0.0,0.0,0.0,0.86058265,0.0,3.62639308
1772729830.763784,0.34658,0.992528,0.874386,0.03904827,-0.02282294,-0.00692579,0.99895264,0.078491,-0.045072,-0.015636,-0.997424222,0.318577926,0.037776473,0.019697141,0.149502264,0.023158925,0.028111122,-0.00469448,1.007760883,0.034598949,0.116889182,0.013510938,51513.342503358,52828.131499328,52005.220434789,51690.898549227,0.323146196,0.999506804,0.875251135,-1.056100744,0.286141401,0.036171245,-0.022983717,-0.117026507,-0.00094709,6.422535747,2.851923847,-0.567989423,0.055876588,-0.025123375,-0.003553317,0.998120025,-0.29934066,0.954141213,0.981372339,0.0,0.0,0.0,0.86058265,0.0,3.62639308
1772729830.7737846,0.336725,0.995646,0.874788,0.03964126,-0.02232392,-0.00703825,0.99893978,0.079674,-0.044057,-0.015848,-1.002587611,0.310793284,0.036765983,0.03592395,0.251419629,0.019240684,0.030755759,0.000324575,1.004439982,0.039387448,0.124096618,-0.004404835,51744.106462557,52785.085738228,51645.050788914,51866.715970405,0.316795521,1.001356755,0.875492813,-1.05803462,0.279592083,0.036078553,-0.019615993,-0.11003778,-0.002923777,6.431858792,2.790030837,-0.55946114,0.055963059,-0.024580407,-0.003507359,0.998128795,-0.30601612,0.952018311,0.981605814,0.0,0.0,0.0,0.86058265,0.0,3.62639308
1772729830.7837846,0.326631,0.998735,0.875147,0.03976902,-0.02090826,-0.00663156,0.99896811,0.079886,-0.041258,-0.014926,-1.00392858,0.300930707,0.037026512,0.063396094,0.27414627,0.009795105,0.033624548,-0.004419263,1.000301472,0.056784646,0.140825742,-0.018794876,51926.698413996,52859.665549379,51289.296517332,51999.588047744,0.308578744,1.003695471,0.875789414,-1.060497835,0.271305706,0.035740281,-0.016320745,-0.115641681,-0.006240248,6.447092722,2.716227718,-0.556937816,0.056100297,-0.023936805,-0.003518385,0.99813678,-0.313714631,0.949504319,0.98187577,0.0,0.0,0.0,0.86058265,0.0,3.62639308
1772729830.793785,0.316594,1.001641,0.87554,0.04005251,-0.019281,-0.00633609,0.99899144,0.080413,-0.038025,-0.014215,-1.006693112,0.290934465,0.037224336,0.072633467,0.254319914,0.016142685,0.033182969,-0.015091491,1.001643184,0.074058159,0.146754175,-0.016586166,52086.50219394,53129.987481024,51263.293676045,51645.301183272,0.299732785,1.006141501,0.876099675,-1.062980102,0.262397128,0.035141662,-0.013697357,-0.123698153,-0.002763359,6.463490478,2.637217666,-0.56109461,0.056246534,-0.02325115,-0.003590094,0.99814486,-0.322002122,0.946726011,0.982167132,0.0,0.0,0.0,0.86058265,0.0,3.62639308
1772729830.8037858,0.306444,1.00456,0.875887,0.04036892,-0.018009,-0.00657138,0.99900092,0.081033,-0.035459,-0.014593,-1.009652031,0.279923324,0.037473831,0.056718964,0.231228442,0.027375461,0.035846462,-0.008639361,1.013938953,0.092255848,0.125045427,-0.005786061,52200.308683673,53319.963025509,51193.694160519,51387.381210559,0.290323454,1.008632238,0.876450843,-1.065355554,0.252695613,0.035059596,-0.011930649,-0.122624092,0.008341529,6.494841053,2.538213545,-0.559157416,0.056525311,-0.022388825,-0.003615905,0.99814376,-0.330551436,0.943775548,0.982468612,0.0,0.0,0.0,0.86058265,0.0,3.62639308
1772729830.8137865,0.296349,1.007322,0.876233,0.04082983,-0.01649785,-0.00610298,0.99901126,0.081915,-0.03247,-0.013549,-1.012072741,0.269209173,0.038182729,0.053249299,0.199563447,0.00615522,0.034837672,-0.008046239,1.014025181,0.119766977,0.106144396,-0.007324433,51958.162312634,53174.085337541,51440.94419024,51489.380953454,0.280710351,1.011072721,0.876819056,-1.067688035,0.242681063,0.035649212,-0.010665499,-0.122308743,0.006862169,6.546313803,2.464142705,-0.555300165,0.056978339,-0.021743356,-0.003609225,0.99813805,-0.339598357,0.940558059,0.982788707,0.0,0.0,0.0,0.86058265,0.0,3.62639308
1772729830.8237867,0.286346,1.009872,0.87667,0.04093244,-0.01714534,-0.0062198,0.99899544,0.082135,-0.033753,-0.013839,-1.010572506,0.257077751,0.038818452,0.055460252,0.175024236,0.019897831,0.030311528,0.002183444,1.009212223,0.105051553,0.087709279,-0.013526071,51757.495542915,53136.873673487,51466.450802275,51644.089990661,0.270035614,1.013668465,0.877234797,-1.070126587,0.231528458,0.036345393,-0.011985568,-0.114144378,0.001938607,6.602123328,2.385543916,-0.551538976,0.057469305,-0.021058625,-0.003605411,0.998126041,-0.349830903,0.936800054,0.983152073,0.0,0.0,0.0,0.86058265,0.0,3.62639308
1772729830.8337874,0.276107,1.012448,0.877035,0.04118097,-0.01543516,-0.00580236,0.99901562,0.082592,-0.030367,-0.012871,-1.01121396,0.246178343,0.03866311,0.056552807,0.175432683,0.042249008,0.031988681,-0.002023245,1.004555507,0.097717117,0.073103165,-0.024855919,51660.697892272,53228.259953162,51513.737704918,51559.878220141,0.258586326,1.016324467,0.877677175,-1.072440935,0.219499337,0.036683754,-0.010294185,-0.116996907,-0.000528329,6.653720576,2.310824896,-0.557843835,0.057921509,-0.020412633,-0.003688731,0.998112729,-0.359662995,0.933068879,0.983502623,0.0,0.0,0.0,0.86058265,0.0,3.62639308
1772729830.843788,0.266011,1.01483,0.877461,0.04155188,-0.01420493,-0.00592552,0.99901779,0.083319,-0.027893,-0.013025,-1.01323226,0.235568232,0.038622259,0.05047394,0.162559112,0.045360275,0.031012686,0.004609229,1.003227285,0.083785013,0.066206615,-0.025876697,51585.090812904,53268.724724792,51465.986875577,51625.645618064,0.248812053,1.01847591,0.878040657,-1.074141653,0.209125616,0.036604745,-0.009005448,-0.112300153,-0.000905368,6.691480717,2.235850408,-0.56284264,0.058253481,-0.01976337,-0.003763778,0.998099173,-0.368863068,0.929470343,0.98383193,0.0,0.0,0.0,0.86058265,0.0,3.62639308
1772729830.8537877,0.255866,1.017169,0.877814,0.04179299,-0.01420049,-0.00590431,0.99900792,0.083801,-0.027883,-0.012989,-1.017356545,0.227003655,0.038293685,0.05520405,0.128278924,0.026906945,0.031209564,0.009455816,1.00616518,0.061414776,0.063375071,-0.039935024,51445.720269118,53263.46929783,51384.366957263,51858.967355254,0.238868782,1.020578937,0.878407526,-1.075912308,0.198693535,0.036293596,-0.008206586,-0.108903148,-0.001761177,6.72038713,2.185604497,-0.575264545,0.0585058,-0.019333023,-0.003892722,0.998092004,-0.378266095,0.925683482,0.984169818,0.0,0.0,0.0,0.86058265,0.0,3.62639308
1772729830.8637874,0.245797,1.019327,0.878182,0.04210567,-0.01273019,-0.00462265,0.99902136,0.084373,-0.025049,-0.010312,-1.021236658,0.218805298,0.037982942,0.073808242,0.089222387,0.005644518,0.033864374,-0.002167299,1.000554085,0.050213974,0.07154159,-0.052828234,51292.586459803,53651.707827927,51483.330042313,51510.626163611,0.228609927,1.022653899,0.878794855,-1.077835263,0.188040547,0.035972714,-0.005736146,-0.118310724,-0.003350077,6.748055956,2.13094713,-0.59854528,0.058745878,-0.018869841,-0.00411894,0.998085831,-0.387463051,0.921871667,0.984501674,0.0,0.0,0.0,0.86058265,0.0,3.62639308
1772729830.8737874,0.235466,1.021525,0.878564,0.04253045,-0.01277612,-0.00532623,0.99899928,0.085242,-0.025076,-0.011733,-1.024372772,0.209637302,0.03891445,0.084298908,0.008293498,-0.039673488,0.03019799,-0.008239952,1.007953208,0.038736324,0.069954,-0.053936418,51250.756161396,53423.506361323,51464.416357688,51823.238967648,0.218259727,1.024651131,0.879192932,-1.079707482,0.177296819,0.035872885,-0.008162607,-0.125091405,0.001443056,6.768799242,2.07710102,-0.623511836,0.058925492,-0.018414438,-0.00436076,0.99808234,-0.395446013,0.918476407,0.984790844,0.0,0.0,0.0,0.86058265,0.0,3.62639308
1772729830.883787,0.225162,1.023566,0.878977,0.04262492,-0.0132793,-0.0058789,0.99898559,0.085452,-0.026033,-0.012883,-1.028969785,0.201021909,0.039290675,0.08727648,-0.007153614,-0.107655526,0.034441019,-0.013696019,1.002625993,0.034049231,0.06822728,-0.047400446,51338.694882854,53362.7840182,51323.913108046,51934.649130291,0.210118344,1.026154536,0.879504508,-1.081094424,0.16883671,0.035929673,-0.002887731,-0.131335204,-0.002601636,6.773707257,2.030010601,-0.642204925,0.058967994,-0.018014094,-0.004547104,0.998085268,-0.402323739,0.91549228,0.985040744,0.0,0.0,0.0,0.86058265,0.0,3.62639308
1772729830.8937871,0.214884,1.025541,0.879378,0.04349626,-0.01317153,-0.00623186,0.99894732,0.087205,-0.025776,-0.013601,-1.029817571,0.190107602,0.040547785,0.082635703,0.006999293,-0.131966455,0.032492829,-0.003793017,1.001282766,0.047569134,0.078253518,-0.054791596,51275.006529783,53474.534160439,51311.893903117,51888.78270333,0.20289066,1.027440888,0.879780898,-1.082269645,0.161321449,0.035945774,-0.00447949,-0.123225182,-0.007971735,6.787677362,1.989823204,-0.662127755,0.059088929,-0.017674905,-0.004739239,0.998087697,-0.410128772,0.91202589,0.985325438,0.0,0.0,0.0,0.86058265,0.0,3.62639308
1772729830.9037879,0.204601,1.027401,0.879764,0.04402835,-0.01285097,-0.00684291,0.99892419,0.08828,-0.025074,-0.014808,-1.029936919,0.179279231,0.040132362,0.082283545,0.037048271,-0.101128264,0.037742295,0.002297754,1.00336519,0.034607351,0.081297666,-0.064204611,50912.450382098,53459.064532033,51503.513352872,52089.356213536,0.192013956,1.029248347,0.880206689,-1.083904949,0.150027894,0.035497345,0.002011687,-0.114271885,-0.001326575,6.799974883,1.930303912,-0.68987742,0.059195429,-0.017171338,-0.005009879,0.998088328,-0.419499687,0.907755403,0.985668678,0.0,0.0,0.0,0.86058265,0.0,3.62639308
1772729830.9137871,0.194296,1.029117,0.880184,0.04414006,-0.0129158,-0.00771345,0.99891208,0.088527,-0.025125,-0.016556,-1.029687229,0.167931648,0.039996911,0.065863458,0.090830602,-0.033998069,0.025364373,0.00740332,1.008438017,0.034374405,0.106150265,-0.063209648,51144.833333333,53195.321428571,51181.744047619,52444.357142857,0.181023202,1.030952575,0.880630228,-1.085410562,0.138547024,0.035425155,-0.006886391,-0.11491279,-0.000420251,6.80923731,1.850747849,-0.725119812,0.059275875,-0.016497057,-0.005356751,0.998089535,-0.430054667,0.902795716,0.986057437,0.0,0.0,0.0,0.86058265,0.0,3.62639308
1772729830.923788,0.18398,1.030746,0.880569,0.04431942,-0.01190909,-0.00823032,0.99891252,0.088879,-0.023065,-0.017504,-1.032220643,0.15839986,0.040118181,0.046664225,0.124191885,-0.017313262,0.024754796,0.013936088,1.01404275,0.004119656,0.122896401,-0.068808866,51244.341892786,53512.572909773,51046.390999338,52112.231016987,0.171925995,1.032274548,0.880989408,-1.086504398,0.128990173,0.035500024,-0.009861666,-0.106832355,0.006403994,6.818095898,1.787710453,-0.753295363,0.0593531,-0.015963013,-0.005633643,0.998094763,-0.437641624,0.899149396,0.986338052,0.0,0.0,0.0,0.86058265,0.0,3.626600753
1772729830.9337876,0.173724,1.032238,0.880997,0.04463248,-0.01123634,-0.00673132,0.9989176,0.08946,-0.021849,-0.014455,-1.035435137,0.149345344,0.040713889,0.034517559,0.093654567,-0.026047463,0.033000763,0.001455176,1.009150696,0.022931949,0.158339767,-0.075225753,51652.95567266,53745.881897086,50537.871047737,51900.592064476,0.162153819,1.033633724,0.88135136,-1.087785576,0.118867111,0.036018619,-0.000596106,-0.115302003,0.001890255,6.827836218,1.715477793,-0.779349754,0.059439171,-0.01534787,-0.005896829,0.998102108,-0.445914699,0.895071782,0.986645507,0.0,0.0,0.0,0.86058265,0.0,3.626980342
1772729830.9437876,0.163291,1.033738,0.881348,0.04510826,-0.01070378,-0.00689604,0.99890096,0.090408,-0.020763,-0.014746,-1.037716938,0.141024513,0.040660082,0.034482604,0.113089446,-0.012986945,0.035783802,-0.005148663,1.011038571,0.060540869,0.159996025,-0.067837345,51483.105009193,53702.123927835,50685.596259205,51909.04010528,0.152283456,1.034913098,0.881755156,-1.088984499,0.108682012,0.036727242,0.002496251,-0.123382781,0.003808651,6.839051382,1.640051473,-0.800128591,0.059539215,-0.014702284,-0.006115634,0.998103838,-0.45328594,0.891354844,0.986920664,0.0,0.0,0.0,0.86058265,0.0,3.627359948
1772729830.9537878,0.152896,1.035092,0.881809,0.04475376,-0.01044336,-0.00759151,0.99891461,0.089707,-0.020186,-0.016105,-1.03913784,0.13159931,0.040714025,0.030458674,0.144383175,-0.009814888,0.034792984,-0.005682764,1.017942288,0.097952624,0.142129895,-0.05394407,51262.703564395,53430.830497559,50943.970954705,52152.93015876,0.148696489,1.035348248,0.881898931,-1.089363158,0.105013307,0.036868576,0.003831629,-0.129943664,0.007242978,6.847891446,1.585067839,-0.811327485,0.059618583,-0.014229679,-0.006240753,0.998101822,-0.457652785,0.889120537,0.987084176,0.0,0.0,0.0,0.86058265,0.0,3.627739564
1772729830.963788,0.142497,1.036373,0.882212,0.04513791,-0.00957281,-0.00835583,0.99889995,0.090475,-0.018371,-0.017561,-1.039259111,0.120994366,0.041075661,0.016692856,0.166772006,-0.045108844,0.036184253,-0.004815861,1.015371366,0.093635862,0.146037245,-0.04892572,51042.302119597,53159.537067284,51202.345650206,52396.82021224,0.145109523,1.035783398,0.882042707,-1.089741818,0.101344601,0.037009909,0.006904053,-0.127416067,0.006018502,6.857905227,1.532499977,-0.821169341,0.059708211,-0.013777486,-0.006352704,0.99809989,-0.460772811,0.887504534,0.987201312,0.0,0.0,0.0,0.86058265,0.0,3.628119179
1772729830.9737887,0.132097,1.037536,0.882619,0.04541481,-0.00972556,-0.00832085,0.99888622,0.091032,-0.018675,-0.01751,-1.038583547,0.110078718,0.041164919,0.013535891,0.17416181,-0.067905631,0.038185064,-0.003590457,1.010376157,0.078642312,0.155515703,-0.046177854,51020.73900919,52803.980310552,51179.829428541,52757.454441745,0.14125745,1.036243136,0.882196994,-1.090135218,0.097397839,0.037208881,0.009976623,-0.12488835,0.004793968,6.870316404,1.484863008,-0.828240373,0.059818799,-0.013366954,-0.006437771,0.998098455,-0.463892986,0.885888453,0.987318454,0.0,0.0,0.0,0.86058265,0.0,3.628498813
1772729830.9837885,0.121753,1.038574,0.883001,0.04524213,-0.00686088,-0.00724751,0.9989262,0.090618,-0.013052,-0.015102,-1.037141121,0.098692072,0.042219854,0.007528405,0.175278422,-0.04195543,0.036030412,0.006058949,1.007205321,0.046866414,0.175324084,-0.046150153,51119.978557093,52397.275377628,50986.666737087,53188.969261646,0.135764665,1.036855007,0.882416338,-1.090619782,0.091730186,0.037764825,0.008212397,-0.114550251,0.003904054,6.881755565,1.432622264,-0.835553624,0.059921227,-0.012916397,-0.006527486,0.99809702,-0.468704183,0.883341024,0.987499919,0.0,0.0,0.0,0.86058265,0.0,3.62887841
1772729830.9937885,0.111362,1.039471,0.883447,0.04540398,-0.00666654,-0.00812093,0.99891345,0.09095,-0.012581,-0.016832,-1.03997133,0.089153368,0.041070377,0.03862326,0.109957605,-0.075834459,0.031043766,0.021449876,1.00527745,0.00365111,0.202173706,-0.047976147,51196.535705361,52462.385656344,50822.215866059,53161.683428484,0.130046279,1.037475196,0.882642628,-1.09107353,0.085829258,0.038188232,0.004588235,-0.101208304,0.003142753,6.885393854,1.34335004,-0.844818814,0.059958185,-0.012143893,-0.00665463,0.998101353,-0.473849796,0.880601771,0.987694226,0.0,0.0,0.0,0.86058265,0.0,3.629258017
1772729831.0037885,0.100981,1.04033,0.88386,0.04553122,-0.00651812,-0.00934539,0.99889794,0.091217,-0.012171,-0.019266,-1.042534541,0.07936954,0.040658683,0.069253761,0.032766316,-0.123480886,0.033689576,0.011263071,0.99728902,0.022405288,0.172517316,-0.051910399,51186.638615581,53264.713607726,50777.67496238,52405.888958709,0.123631999,1.03812101,0.882890344,-1.091432136,0.079208763,0.038202536,0.009400602,-0.108379834,-0.008872918,6.889993565,1.273223979,-0.855056905,0.060002151,-0.011538723,-0.006780145,0.998108896,-0.479280752,0.877649538,0.987900267,0.0,0.0,0.0,0.86058265,0.0,3.629637623
1772729831.0137887,0.090538,1.041093,0.884276,0.04598561,-0.00683349,-0.00937297,0.99887475,0.092134,-0.01279,-0.019356,-1.045130095,0.070305098,0.040053904,0.106598737,-0.033091619,-0.1412412,0.036774047,-0.001126613,0.990427517,0.044661486,0.132665636,-0.05310799,50846.775205464,53479.035635738,51224.352587105,52140.240619781,0.115135357,1.038900725,0.883230216,-1.091775254,0.070478398,0.037549695,0.013038602,-0.115655904,-0.016077768,6.895165828,1.214496095,-0.865874515,0.060050292,-0.011033172,-0.006904693,0.998115093,-0.485791215,0.874060816,0.988148064,0.0,0.0,0.0,0.86058265,0.0,3.630017239
1772729831.0237892,0.080076,1.041738,0.884698,0.04624823,-0.00634501,-0.00982703,0.99886149,0.092655,-0.011767,-0.020221,-1.046866655,0.060672183,0.040067676,0.117440259,-0.053176696,-0.111180795,0.035930858,-0.003688261,0.993223373,0.043147106,0.08677475,-0.041846367,50712.10296258,54045.267618198,51439.966852904,51532.180196253,0.105211264,1.039732578,0.883627322,-1.092002509,0.060363205,0.036382293,0.013619993,-0.121938831,-0.012834238,6.911071653,1.136506268,-0.882966403,0.060192848,-0.010363816,-0.007093112,0.998108795,-0.493825371,0.869547908,0.988455235,0.0,0.0,0.0,0.86058265,0.0,3.630396863
1772729831.0337887,0.069498,1.042328,0.88499,0.04780305,-0.00760408,-0.01131349,0.99876376,0.095816,-0.014108,-0.02333,-1.04674012,0.050960402,0.040373912,0.117219102,0.028000409,-0.083566534,0.034039341,-0.004620805,0.998602055,0.092458874,0.008525329,-0.03571606,50573.048053749,53661.224912019,51610.90587608,51987.345099712,0.095416018,1.040476408,0.8840132,-1.092148077,0.050426927,0.035340781,0.012440442,-0.125301255,-0.0115202,6.936615054,1.098184473,-0.898325089,0.060416746,-0.010039718,-0.007244832,0.998101931,-0.502247342,0.86471121,0.988778985,0.0,0.0,0.0,0.86058265,0.0,3.630776452
1772729831.0437891,0.059151,1.042741,0.885452,0.04787721,-0.00670266,-0.01093734,0.99877086,0.095938,-0.012342,-0.022493,-1.044380794,0.040041025,0.039922027,0.073716246,0.087183568,-0.025823927,0.027824338,0.001216606,0.990642123,0.04691021,0.02194689,-0.037380519,50634.678094021,53440.841081695,51564.046253578,52305.054297679,0.085530312,1.041133225,0.884399281,-1.091454084,0.040145126,0.034306935,0.008842062,-0.12122489,-0.015183302,6.967389624,1.07984986,-0.916938509,0.060684529,-0.009891833,-0.007413986,0.998089017,-0.510185057,0.86005365,0.989085757,0.0,0.0,0.0,0.86058265,0.0,3.631156076
1772729831.0537887,0.048682,1.043116,0.885875,0.04790344,-0.00640341,-0.01057244,0.99877549,0.095979,-0.011778,-0.021736,-1.041706763,0.029464092,0.03946989,-0.004572599,0.103775872,0.0352113,0.032733352,0.014174132,1.003467322,0.069210189,0.013193936,-0.028713126,50595.974013969,53543.722637634,51650.63253903,52232.543426459,0.075605422,1.041708205,0.884763902,-1.090139307,0.029648987,0.03319234,0.011601259,-0.106343241,-0.003482106,6.986062657,1.043518166,-0.934039572,0.060848456,-0.009585674,-0.00758066,0.998079716,-0.518679754,0.854958032,0.989415939,0.0,0.0,0.0,0.86058265,0.0,3.631535665
1772729831.0637891,0.038262,1.043346,0.88629,0.04778765,-0.00507318,-0.01076089,0.99878667,0.095719,-0.009106,-0.021983,-1.040896933,0.019839646,0.038644442,-0.069764533,0.129083413,0.074451536,0.03422679,0.003663127,0.993948992,0.032533551,0.008669355,-0.021742263,50591.490834533,53462.147038004,51703.850350265,52337.166784642,0.066029043,1.042188614,0.885093645,-1.089621146,0.019750753,0.032321167,0.015614795,-0.12073436,-0.014855497,7.001165231,1.018875994,-0.947016051,0.060980799,-0.009378954,-0.007705562,0.998068963,-0.526365611,0.850251098,0.989716369,0.0,0.0,0.0,0.86058265,0.0,3.63141019
1772729831.0737891,0.027871,1.043526,0.886646,0.04798817,-0.00436156,-0.01101967,0.99877759,0.096106,-0.007655,-0.022434,-1.042303053,0.010824389,0.037378843,-0.095073401,0.153794643,0.081756281,0.034055027,0.010792705,0.991399048,0.03747285,0.023623239,-0.028097754,50936.932395672,53465.986479134,51330.626654845,52431.376931912,0.056096105,1.042582186,0.885477213,-1.089288913,0.009523876,0.031429286,0.013355938,-0.108937224,-0.011746557,7.009721389,0.992734811,-0.958991551,0.061056367,-0.009158226,-0.007823123,0.998064281,-0.534368131,0.845247537,0.990030972,0.0,0.0,0.0,0.86058265,0.0,3.631002764
1772729831.0837896,0.017506,1.043533,0.886942,0.04647166,-0.00429976,-0.0087351,0.99887216,0.093051,-0.007778,-0.017852,-1.043966924,0.002056373,0.035201782,-0.067179175,0.132182086,0.031123993,0.033744501,0.012798143,0.995472805,0.03908992,0.051576458,-0.03028166,51077.869474324,53443.861783674,51115.847187908,52584.001203644,0.047655382,1.042860113,0.885806494,-1.089207857,0.000940299,0.030647794,0.013901229,-0.109308134,-0.012888621,7.013435084,0.958585301,-0.969898425,0.061090546,-0.008866868,-0.007936082,0.998064403,-0.538545955,0.842581821,0.990196184,0.0,0.0,0.0,0.86058265,0.0,3.630595317
1772729831.0937896,0.006996,1.043527,0.887362,0.04614331,-0.00429996,-0.00946518,0.99888073,0.092399,-0.007717,-0.019308,-1.044001442,-0.007358068,0.035569847,-0.056465963,0.184413031,-0.014673441,0.033462727,0.012917031,1.000875876,0.038359734,0.081921168,-0.030968231,51149.610513512,53230.76432653,50984.056241844,52904.975927123,0.042390948,1.042980024,0.886011616,-1.089166277,-0.004405356,0.030090288,0.014664984,-0.110627128,-0.014361853,7.016699624,0.922027393,-0.980055111,0.061121108,-0.008554108,-0.008043846,0.998057684,-0.543031035,0.839706434,0.990373788,0.0,0.0,0.0,0.86058265,0.0,3.630187891
1772729831.1037896,-0.003496,1.043448,0.887694,0.04662124,-0.00211648,-0.01027415,0.99885756,0.093315,-0.00327,-0.020724,-1.045914304,-0.016336496,0.034674334,0.005221508,0.147602762,-0.068907878,0.033180954,0.013035919,1.006278947,0.037629549,0.112265878,-0.031654803,51157.678601081,53042.476591491,50964.787196909,53128.579307657,0.036799689,1.043099634,0.886226939,-1.089118201,-0.01009668,0.029647568,0.014472077,-0.109381893,-0.000956377,7.019964164,0.885469486,-0.990211797,0.061151671,-0.008241348,-0.00815161,0.998056017,-0.549199949,0.83568205,0.990619295,0.0,0.0,0.0,0.86058265,0.0,3.629780464
1772729831.1137896,-0.01394,1.043223,0.888046,0.04702667,-0.0016078,-0.01016142,0.99884065,0.094116,-0.002256,-0.020452,-1.045856417,-0.026082717,0.033838999,0.072855719,0.119031879,-0.13902185,0.033707342,0.012558323,1.00853879,0.018233822,0.150580791,-0.033249795,51041.835555857,52902.469966281,51164.492078554,53162.692597048,0.028935586,1.04321715,0.886513199,-1.089024945,-0.018191884,0.030003103,0.016892202,-0.111652579,0.003486384,7.024143335,0.844785203,-0.999480149,0.061190608,-0.007892243,-0.008253795,0.998060151,-0.556417948,0.830890493,0.990908095,0.0,0.0,0.0,0.86058265,0.0,3.629373037
1772729831.1237895,-0.024301,1.042885,0.888391,0.04704321,-0.00097866,-0.01127046,0.99882879,0.094137,-0.000895,-0.022609,-1.044063195,-0.036600365,0.033266718,0.131604582,0.114083516,-0.17807098,0.033983313,0.015263168,1.006027788,-0.011386859,0.185202344,-0.035180652,50981.808361473,53350.777263226,51128.952436083,52790.855121402,0.021786882,1.043254938,0.886751873,-1.088853382,-0.025591024,0.030162259,0.018429027,-0.110017074,-0.000156872,7.032934001,0.783296074,-1.004269593,0.061271769,-0.00735989,-0.00832785,0.998063859,-0.562253554,0.826950065,0.991142808,0.0,0.0,0.0,0.86058265,0.0,3.62896561
1772729831.1337903,-0.034801,1.042478,0.88874,0.04732458,0.00027319,-0.01173084,0.99881064,0.094672,0.001656,-0.02341,-1.042756395,-0.047526852,0.032768757,0.136738866,0.092515485,-0.12239531,0.031065951,0.027503574,1.002179489,-0.005591366,0.1854027,-0.035000507,51123.370814521,53541.968322196,50917.068918187,52665.383059418,0.014502715,1.043257451,0.886998577,-1.088679954,-0.033076261,0.030188183,0.016814538,-0.100707615,-0.005317522,7.02169477,0.700014001,-1.009759462,0.061180209,-0.00663663,-0.008420866,0.998073914,-0.567333584,0.823486742,0.99134774,0.0,0.0,0.0,0.86058265,0.0,3.628558154
1772729831.1437912,-0.045282,1.041969,0.888971,0.04921019,-0.00203627,-0.0125076,0.99870805,0.098504,-0.002836,-0.025186,-1.041490407,-0.058142519,0.034121284,0.141821173,0.031725406,-0.081253059,0.032732259,0.02916029,1.001616559,0.032082765,0.177414972,-0.036082536,51448.470911087,53424.091108672,50558.613611416,52826.24039517,0.006543227,1.043225471,0.887287891,-1.088543473,-0.041119358,0.03002983,0.019584813,-0.089998902,0.002165798,7.008090519,0.598246759,-1.016167299,0.061069518,-0.005752673,-0.008531818,0.99808397,-0.574232351,0.818685341,0.991627919,0.0,0.0,0.0,0.86058265,0.0,3.628150689
1772729831.1537914,-0.055604,1.041325,0.88937,0.04936027,9.55e-05,-0.01316905,0.99869421,0.09875,0.001491,-0.026297,-1.041888814,-0.067436389,0.03431804,0.147418199,0.072542448,-0.042903037,0.037705675,0.012105247,1.002114837,0.072390895,0.156316348,-0.040525048,51383.415690192,53676.36747474,50533.852356986,52654.841868685,-0.003216755,1.043120764,0.887618572,-1.088267591,-0.050852948,0.030066883,0.025752268,-0.109148738,-0.002214357,7.01328754,0.494105727,-1.024926716,0.061122729,-0.004850694,-0.008663547,0.99808306,-0.581399167,0.813607144,0.991920708,0.0,0.0,0.0,0.86058265,0.0,3.627743252
1772729831.1637917,-0.066026,1.040577,0.889749,0.05001871,0.00140046,-0.01291503,0.99866379,0.100035,0.004089,-0.025658,-1.041554412,-0.077046499,0.033958249,0.123842782,0.09246537,0.017084324,0.038522989,-0.000741653,1.001901152,0.098670706,0.132096303,-0.04417412,51328.626954551,53666.698874332,50638.595528065,52652.424718583,-0.011959656,1.042942997,0.887913915,-1.087841866,-0.059574845,0.029814521,0.027965635,-0.123416697,-0.003350304,7.047735746,0.418827131,-1.036645135,0.061428353,-0.004203919,-0.008804529,0.998072782,-0.588605987,0.808405918,0.992216941,0.0,0.0,0.0,0.86058265,0.0,3.627335816
1772729831.1737916,-0.076484,1.03979,0.890075,0.05039998,0.00064129,-0.01218837,0.99865453,0.10082,0.002509,-0.024282,-1.040800721,-0.086314282,0.033201799,0.080156896,0.111203904,0.04471982,0.034737448,0.006448938,1.000904674,0.113974159,0.105210514,-0.04322997,50822.551608299,53894.246810846,51117.011812493,52437.176001757,-0.02112339,1.042676451,0.888221596,-1.087172913,-0.068835595,0.029856041,0.027252951,-0.118312125,-0.003081283,7.084832373,0.343552336,-1.047403762,0.061757178,-0.003556953,-0.008937457,0.998053593,-0.595857362,0.803074824,0.99251694,0.0,0.0,0.0,0.86058265,0.0,3.626928389
1772729831.1837912,-0.086812,1.038849,0.890414,0.05091058,0.000304,-0.01223392,0.99862824,0.10185,0.001853,-0.024406,-1.039938618,-0.095765068,0.031810364,0.022479493,0.135716676,0.03599725,0.034379654,0.029382374,0.999269563,0.116759866,0.059020955,-0.037617718,50744.279448148,54148.970276957,51160.841248024,52251.411019861,-0.029091638,1.042385566,0.888487062,-1.086542812,-0.076847025,0.029451147,0.026881272,-0.100178811,-0.00753507,7.131007429,0.289767752,-1.061592665,0.062163324,-0.003099833,-0.009088824,0.99803098,-0.602132113,0.798382542,0.99277813,0.0,0.0,0.0,0.86058265,0.0,3.626520982
1772729831.193792,-0.09733,1.037902,0.890669,0.0511254,0.00296478,-0.01235283,0.99861144,0.102216,0.007184,-0.024371,-1.0389061,-0.104497283,0.029402942,-0.001242464,0.10703052,-0.008478086,0.030297497,0.036412799,1.002302232,0.115864933,0.034574565,-0.045201207,50789.043911652,54213.806673312,51073.315513352,52283.843449976,-0.036297306,1.042084681,0.888719355,-1.085988596,-0.084054694,0.028763818,0.024220892,-0.088003798,0.001123535,7.167949792,0.26154328,-1.076101331,0.062487021,-0.002864876,-0.009229583,0.998008999,-0.607382936,0.794407775,0.992997674,0.0,0.0,0.0,0.86058265,0.0,3.626226896
1772729831.2037923,-0.107639,1.036768,0.890969,0.05073636,0.00241618,-0.01192904,0.99863791,0.101453,0.006036,-0.023583,-1.037267131,-0.113493834,0.028778058,-0.047756833,0.126303203,-0.058863477,0.028700014,0.031769313,1.001175403,0.108141192,0.022405196,-0.046385344,50717.893954497,53942.409929525,51079.917055768,52671.133938408,-0.044214988,1.041692672,0.88893408,-1.085405139,-0.092107421,0.028556072,0.024654321,-0.095831298,-0.00274935,7.205112412,0.239541,-1.091903609,0.062812126,-0.002684907,-0.009378329,0.997987232,-0.613557589,0.789638699,0.993257729,0.0,0.0,0.0,0.86058265,0.0,3.6259847
1772729831.2137923,-0.117999,1.035589,0.891281,0.05054636,0.00324221,-0.01232903,0.99864035,0.10105,0.007722,-0.0243,-1.033928472,-0.124168281,0.029328874,-0.078508871,0.187272999,-0.050776779,0.028911888,0.018624452,0.997019488,0.095444318,0.019175929,-0.042909341,50592.591833798,54112.57546542,51243.890997392,52512.853961687,-0.050794808,1.041307441,0.889141753,-1.084756708,-0.098863771,0.02820003,0.025943828,-0.108365757,-0.009391158,7.251621479,0.217083254,-1.112015438,0.063218623,-0.002504221,-0.009564776,0.997960234,-0.618299966,0.785927394,0.993458465,0.0,0.0,0.0,0.86058265,0.0,3.625742509
1772729831.2237923,-0.128283,1.034278,0.891561,0.04975934,0.0043044,-0.01309837,0.99866607,0.099442,0.009901,-0.025738,-1.031592301,-0.134418252,0.028499794,-0.084421603,0.114678253,0.011424274,0.029123762,0.005479591,0.992863572,0.082747444,0.015946662,-0.039433339,50467.271342761,54244.880007568,51364.016222863,52413.994229769,-0.056993853,1.040918713,0.889346614,-1.084104473,-0.105256416,0.027822546,0.026459152,-0.11305291,-0.010498872,7.282351195,0.202619468,-1.127547963,0.06348715,-0.002389443,-0.009707395,0.997937366,-0.622417605,0.782679169,0.993633292,0.0,0.0,0.0,0.86058265,0.0,3.625500318
1772729831.233793,-0.138675,1.032953,0.89184,0.04981616,0.00461508,-0.01300595,0.99866305,0.099549,0.010514,-0.025521,-1.029556129,-0.144391202,0.027651114,-0.067387144,0.035169669,0.041555534,0.030210458,0.002956151,0.993384573,0.066046701,0.017213359,-0.040403136,50342.284444024,54354.987513598,51460.732275458,52349.020881616,-0.062776922,1.040504299,0.88954517,-1.083507215,-0.111272953,0.02750524,0.026974513,-0.117740398,-0.011606665,7.305145901,0.189816181,-1.141484183,0.063686483,-0.002287604,-0.009835388,0.997919056,-0.627054181,0.778959592,0.993831436,0.0,0.0,0.0,0.86058265,0.0,3.62525811
1772729831.2437935,-0.148974,1.031429,0.892129,0.04926571,0.0047785,-0.01235131,0.9986979,0.09845,0.010762,-0.024203,-1.028130526,-0.154186064,0.026920286,-0.051308329,0.024293831,0.083652944,0.031756223,0.00600736,0.996360153,0.047245612,0.020839617,-0.043706186,50322.393761983,54187.001505462,51487.333389091,52554.952880322,-0.068715417,1.040062932,0.889744543,-1.082919522,-0.117422195,0.027047015,0.027489862,-0.122427775,-0.012714432,7.31290242,0.178614916,-1.152856308,0.063754802,-0.002197056,-0.009940505,0.997917481,-0.631807982,0.775119325,0.994035145,0.0,0.0,0.0,0.86058265,0.0,3.625015908
1772729831.253794,-0.15911,1.029765,0.892421,0.04906044,0.00630674,-0.0110085,0.99871523,0.098022,0.013678,-0.021374,-1.027008361,-0.164388094,0.027409661,-0.043860568,-0.011103456,0.13350846,0.030922107,0.012327311,0.998024619,0.024469507,0.03694397,-0.046479154,50360.173784372,53866.411029762,51475.459667769,52909.545376173,-0.0749243,1.039574703,0.889945344,-1.08234843,-0.123802342,0.026343845,0.025261675,-0.113603618,-0.008727061,7.319619961,0.16527763,-1.164844675,0.063814258,-0.002088159,-0.010052198,0.997915905,-0.636472508,0.771285818,0.994236397,0.0,0.0,0.0,0.86058265,0.0,3.624773706
1772729831.263794,-0.169502,1.028147,0.892604,0.0491729,0.00316801,-0.01069905,0.99872795,0.098314,0.00738,-0.021061,-1.029326215,-0.172219706,0.027765081,-0.020249166,0.05120666,0.11414914,0.027420466,0.021437086,0.997680389,-0.008329941,0.071086844,-0.045049813,50184.383462022,53467.848132519,51578.990034117,53415.17063207,-0.083539813,1.038820913,0.890223109,-1.08144087,-0.132791775,0.025834224,0.023590056,-0.106288491,-0.005171979,7.315152307,0.128946138,-1.183466485,0.063778298,-0.001781742,-0.010234676,0.997916777,-0.642718275,0.766086292,0.994507293,0.0,0.0,0.0,0.86058265,0.0,3.624531515
1772729831.2737951,-0.179761,1.026386,0.892934,0.04894948,0.00481745,-0.01117581,0.99872711,0.097828,0.010717,-0.021855,-1.027955215,-0.181439781,0.029040335,-0.029695895,0.190808882,0.107467878,0.028498374,0.018201953,0.996876271,-0.052074289,0.094246355,-0.030139298,50273.840056617,53026.52967344,51606.478364169,53829.269487413,-0.0940121,1.037843171,0.890530748,-1.080425349,-0.143583292,0.025108628,0.025092529,-0.109634109,-0.008844178,7.268686528,0.055206019,-1.203800104,0.063380123,-0.001146661,-0.01045326,0.997931272,-0.650585489,0.759416769,0.994851105,0.0,0.0,0.0,0.86058265,0.0,3.624289296
1772729831.283795,-0.189971,1.024477,0.89326,0.04874596,0.00614777,-0.00968587,0.99874532,0.097413,0.013225,-0.018751,-1.028703603,-0.189457484,0.028829301,0.020792542,0.256366298,0.070953723,0.029573349,0.013287435,0.99592558,-0.079659018,0.123662691,-0.017571069,50393.264140898,53165.936664111,51694.739010989,53609.460452338,-0.102373993,1.036988189,0.890764364,-1.079533857,-0.152154349,0.0243677,0.02740065,-0.11079786,-0.00997892,7.235312218,0.001374684,-1.209235706,0.063094375,-0.000677803,-0.010530567,0.997948816,-0.656847665,0.754007769,0.995126939,0.0,0.0,0.0,0.86058265,0.0,3.624047105
1772729831.2937963,-0.200386,1.02257,0.893548,0.04895054,0.00739645,-0.00940759,0.99872951,0.097805,0.015696,-0.01807,-1.027135051,-0.198856794,0.02881108,0.0667727,0.239688309,0.033998505,0.034628641,0.01198359,1.00118388,-0.07854386,0.154528158,-0.014895443,50394.252933847,53231.647250274,51813.255054027,53484.0,-0.110180577,1.036129335,0.890984804,-1.078577628,-0.160166222,0.023785926,0.030417834,-0.113375706,-0.003808528,7.222676648,-0.010922853,-1.209684659,0.062985456,-0.000569794,-0.010541323,0.997980124,-0.662161897,0.749328124,0.995362983,0.0,0.0,0.0,0.86058265,0.0,3.623804886
1772729831.303797,-0.210679,1.020589,0.893803,0.04952681,0.00997848,-0.00973294,0.99867552,0.098911,0.020896,-0.018457,-1.022941166,-0.209740488,0.029650533,0.107921201,0.162844896,0.00813556,0.035092941,0.018103231,1.005227171,-0.068095665,0.159748375,0.006160749,50687.726755709,53083.056785868,51689.497457992,53560.069883671,-0.124650222,1.034366577,0.8913936,-1.07652605,-0.174829225,0.023404615,0.034119441,-0.113677612,-0.002232023,7.16350507,-0.13758419,-1.187134372,0.062480923,0.000550889,-0.010412838,0.998015109,-0.67329365,0.73889748,0.995871555,0.0,0.0,0.0,0.86058265,0.0,3.623562678
1772729831.3137972,-0.220663,1.018324,0.894145,0.04945976,0.01063656,-0.00834894,0.99868458,0.098796,0.022073,-0.015628,-1.020789979,-0.219988574,0.029871027,0.126636824,0.018400301,-0.018723916,0.03408704,0.014763524,1.006516453,-0.00888505,0.128636238,0.023917229,50956.356039604,53536.108039604,51847.083485149,52814.764277228,-0.147652659,1.030937321,0.891972845,-1.074042527,-0.198938381,0.022706649,0.037883812,-0.113770262,-0.001077935,7.056265236,-0.381357323,-1.142470965,0.061567692,0.002707832,-0.0101544,0.998063267,-0.684424871,0.728467333,0.996380102,0.0,0.0,0.0,0.86058265,0.0,3.623320481
1772729831.3237975,-0.23106,1.016169,0.894342,0.05158692,0.00826639,-0.01023051,0.99858189,0.103057,0.017566,-0.019583,-1.018133333,-0.230195227,0.030727846,0.120703117,-0.012264197,-0.030687424,0.033022204,0.008485327,1.006857416,0.059414596,0.089934053,0.03735235,51052.702653465,53565.344253465,51869.67510495,52750.976174257,-0.163687763,1.028701615,0.892456119,-1.069320247,-0.213859482,0.022576936,0.040145399,-0.113213988,-0.000193126,7.020485688,-0.527034504,-1.105183666,0.061267659,0.003999904,-0.009907789,0.998061781,-0.695556093,0.718037187,0.99688865,0.0,0.0,0.0,0.86058265,0.0,3.623078285
1772729831.333798,-0.241138,1.013783,0.894735,0.0513625,0.00802051,-0.00998848,0.99859791,0.102616,0.017045,-0.019129,-1.014966566,-0.240650812,0.032287443,0.100644212,0.01380574,0.004087102,0.032042894,0.014441483,1.007874042,0.064304701,0.080805221,0.047777007,51036.641662956,53592.024847185,52005.990665101,52649.391377565,-0.171735008,1.027301473,0.892635549,-1.067977186,-0.222032381,0.022430997,0.03866094,-0.11104008,2.0452e-05,7.036551118,-0.572832751,-1.077310052,0.061410186,0.004412392,-0.009690142,0.998055649,-0.705844397,0.708362175,0.997359491,0.0,0.0,0.0,0.86058265,0.0,3.622836083
1772729831.343798,-0.251279,1.011296,0.895101,0.05149172,0.00869304,-0.0097052,0.99858843,0.102868,0.018362,-0.018492,-1.014134339,-0.249801481,0.031877595,0.032638272,0.053423152,0.042068559,0.031063631,0.020397355,1.00889062,0.069194572,0.071676825,0.058201168,50907.60195118,53616.134898595,52256.599368498,52509.824741934,-0.178505824,1.025868443,0.892778345,-1.067509337,-0.229710152,0.022592354,0.037176552,-0.108866275,0.000234018,7.055036557,-0.602709307,-1.051470178,0.06157246,0.004684946,-0.009481852,0.998046364,-0.710040921,0.704144638,0.997557825,0.0,0.0,0.0,0.86058265,0.0,3.622593892
1772729831.3537986,-0.261456,1.008774,0.895377,0.05148528,0.01032118,-0.00909392,0.99857901,0.102842,0.021551,-0.017104,-1.011823168,-0.258487931,0.031368153,-0.04175533,0.079377664,0.08376899,0.029595105,0.024810422,1.00960706,0.073035693,0.061812758,0.067369009,50778.553009756,53640.246674493,52507.225996842,52370.24812371,-0.186031912,1.024653506,0.89302547,-1.065233528,-0.236672427,0.023099249,0.035692058,-0.106692315,0.000447601,7.073523317,-0.632588001,-1.025628455,0.061734747,0.00495752,-0.009273547,0.998037078,-0.714878685,0.699232101,0.99778766,0.0,0.0,0.0,0.86058265,0.0,3.622351684
1772729831.3637984,-0.271552,1.006169,0.895659,0.05175685,0.010867,-0.00851613,0.99856428,0.10339,0.022586,-0.015888,-1.007302379,-0.268126693,0.031025496,-0.099720057,0.082928744,0.120660283,0.026286953,0.023419254,1.009194393,0.072930967,0.049185357,0.071808381,51116.542026206,53552.485778204,52272.467561521,52383.247043784,-0.194483082,1.02325823,0.893306449,-1.06271398,-0.244370327,0.02347252,0.034577292,-0.104974219,0.000779724,7.095551803,-0.663392509,-0.987696226,0.061927193,0.005244521,-0.008960738,0.998032107,-0.720796308,0.693135244,0.998070882,0.0,0.0,0.0,0.86058265,0.0,3.622109499
1772729831.3737984,-0.281571,1.003419,0.896014,0.05125723,0.01091319,-0.00827513,0.99859157,0.102395,0.022646,-0.015413,-1.006751912,-0.276048845,0.029522891,-0.094649418,0.089700738,0.084061167,0.031643609,0.012138446,1.00684419,0.069594101,0.055030928,0.077987963,51353.075783511,53446.322305562,52136.45569699,52433.882605583,-0.205084237,1.021225195,0.89360468,-1.060544273,-0.254730518,0.023520034,0.037590016,-0.108344832,0.002435948,7.088856631,-0.679895466,-0.973999638,0.061869447,0.005396156,-0.008850022,0.998021066,-0.728215847,0.685333096,0.998429777,0.0,0.0,0.0,0.86058265,0.0,3.621867308
1772729831.3837984,-0.291658,1.000613,0.896242,0.04962541,0.00998337,-0.00749077,0.99868991,0.099155,0.020686,-0.013974,-1.003758805,-0.285220241,0.030846824,-0.090430252,0.106445203,0.074735978,0.02951776,0.024773745,1.013250451,0.058389795,0.075358726,0.066315417,51290.071386474,53216.716737881,52259.285742351,52620.681891852,-0.216731084,1.018825727,0.893940095,-1.057735277,-0.26638031,0.023827422,0.040327882,-0.103131732,0.006412277,7.113209349,-0.715705843,-0.930063392,0.062081879,0.00572997,-0.008487887,0.998007761,-0.736256673,0.676684011,0.998823422,0.0,0.0,0.0,0.86058265,0.0,3.621625118
1772729831.3937984,-0.301669,0.997719,0.896624,0.04976868,0.01015799,-0.0071384,0.9986836,0.099447,0.021001,-0.01325,-1.002770245,-0.29465708,0.031663686,-0.060201763,0.184410407,0.07415167,0.029702694,0.035365555,1.018358958,0.042924619,0.080980305,0.058456194,51129.420962803,52981.265950504,52343.607148236,52918.275086592,-0.227253439,1.016544498,0.894227799,-1.055194007,-0.277017485,0.024421904,0.0425705,-0.094842074,0.010433789,7.135066147,-0.758340814,-0.884291266,0.06227266,0.006124546,-0.008113471,0.997998111,-0.743222489,0.66902486,0.999168534,0.0,0.0,0.0,0.86058265,0.0,3.621382927
1772729831.4037983,-0.311692,0.994731,0.896914,0.04987719,0.01308575,-0.00720691,0.99864363,0.099631,0.026858,-0.013094,-1.00132881,-0.304573756,0.032631908,-0.01001718,0.248887736,0.069220597,0.029785172,0.020204098,1.013797868,0.031576717,0.103297524,0.057733749,51126.252604587,52825.301526409,52375.931836537,53000.235765628,-0.236754903,1.0144005,0.894505823,-1.052905744,-0.286653971,0.025264058,0.042335232,-0.104285477,0.007728032,7.173793347,-0.861018078,-0.802806365,0.062611445,0.007060554,-0.00746189,0.997993333,-0.749932737,0.661457963,0.999505655,0.0,0.0,0.0,0.86058265,0.0,3.621140737
1772729831.4137983,-0.32172,0.991643,0.897233,0.04997354,0.01525531,-0.00660984,0.99861215,0.099821,0.031134,-0.011683,-0.999307266,-0.313938975,0.032970991,0.05042227,0.296376607,0.06922777,0.027628225,0.020405726,1.012850623,0.018489847,0.111041209,0.071726557,50763.851119014,52804.350838258,52832.948554774,52842.141313939,-0.246761161,1.012013851,0.894843499,-1.050290716,-0.296926758,0.026178623,0.039163256,-0.107703593,0.005645827,7.176297511,-0.923915122,-0.762643746,0.062634137,0.007630119,-0.007146585,0.997989279,-0.756151561,0.654333778,0.999820864,0.0,0.0,0.0,0.86058265,0.0,3.621706268
1772729831.4237983,-0.331666,0.988449,0.897605,0.05034885,0.01461785,-0.00588415,0.99860737,0.1006,0.029792,-0.010285,-0.996086439,-0.323675658,0.033767534,0.08668625,0.265492758,0.064126705,0.025929205,0.031548779,1.012860659,-0.009306327,0.076492417,0.062908167,50903.769695561,53006.531360549,52766.009657345,52599.736075606,-0.263493324,1.007724644,0.895382527,-1.045650645,-0.313911996,0.026791109,0.037504703,-0.10753023,0.004069353,7.15630075,-0.997669285,-0.702171863,0.062459515,0.008306635,-0.006658686,0.997999342,-0.765891923,0.642893262,1.000321764,0.0,0.0,0.0,0.86058265,0.0,3.622369962
1772729831.433798,-0.341672,0.985156,0.897893,0.05055819,0.01669082,-0.00545675,0.99856673,0.101019,0.033892,-0.009216,-0.992890749,-0.333679903,0.033916582,0.085451309,0.139341859,0.071340978,0.025269488,0.034470458,1.010386333,-0.03991026,0.057942611,0.057351943,50888.46075148,52737.629169152,52847.166490801,52784.801302932,-0.282891186,1.002636386,0.89598335,-1.040161966,-0.333489851,0.027183638,0.035846189,-0.10735687,0.002492916,7.117720876,-1.053033512,-0.655618511,0.062122537,0.008816247,-0.006280334,0.998025001,-0.777155286,0.629292465,1.000910417,0.0,0.0,0.0,0.86058265,0.0,3.623033641
1772729831.443798,-0.351501,0.981742,0.898291,0.05116534,0.0164067,-0.00559523,0.99853974,0.102232,0.033344,-0.009501,-0.988285694,-0.343632418,0.034373285,0.090968967,0.017668398,0.060702161,0.01723725,0.019881836,1.007315159,-0.045680459,0.071021375,0.063707115,50764.138273868,52406.425186857,53073.427407982,52963.438266817,-0.292556819,0.999916539,0.896254553,-1.037314328,-0.343146143,0.027432992,0.034187636,-0.107183506,0.000916441,7.06615896,-1.120016949,-0.592299745,0.061671136,0.00943644,-0.005760789,0.998047081,-0.785145625,0.619229392,1.001338755,0.0,0.0,0.0,0.86058265,0.0,3.623697335
1772729831.4537983,-0.361421,0.978324,0.898575,0.05170755,0.01775998,-0.00502562,0.99849169,0.103331,0.035994,-0.008205,-0.983505658,-0.353521141,0.034102907,0.082733818,-0.072451325,0.039346513,0.029913216,0.008751799,1.010186105,-0.014693579,0.075666897,0.07564851,50890.428194408,52925.997334727,53081.702351712,52259.911288215,-0.306173425,0.995924464,0.89669925,-1.033149922,-0.356595259,0.027951034,0.037137772,-0.106771429,0.000218623,6.996957505,-1.202787975,-0.506200705,0.061064262,0.010206883,-0.005049395,0.998064977,-0.792752642,0.609529951,1.001749681,0.0,0.0,0.0,0.86058265,0.0,3.624361045
1772729831.4637988,-0.371225,0.974721,0.898954,0.05213718,0.01636363,-0.00498151,0.99849343,0.1042,0.033204,-0.008246,-0.981086678,-0.362253473,0.033527402,0.05638185,-0.083864754,0.024060861,0.024825565,0.015588288,1.005586523,0.026946351,0.058754667,0.066111918,50861.50905267,53182.307287857,53058.406181419,52049.385424287,-0.316564521,0.992767901,0.897026677,-1.029909746,-0.366759158,0.028294491,0.04058514,-0.106333592,-0.000384423,6.986866287,-1.237306737,-0.466170002,0.060973845,0.010529312,-0.004718207,0.998077231,-0.79911896,0.601155769,1.002100318,0.0,0.0,0.0,0.86058265,0.0,3.625024771
1772729831.4737988,-0.381011,0.971015,0.899297,0.0522515,0.01520434,-0.00476197,0.99850685,0.104442,0.030866,-0.007925,-0.978399651,-0.37088157,0.033149138,0.036497318,-0.085598999,0.022985614,0.023109048,0.044986988,1.006050455,0.050517399,0.064909987,0.053049474,50801.425621232,53408.032371668,53062.610103116,51883.321800868,-0.327226211,0.989412548,0.897380492,-1.026513774,-0.377124066,0.028292506,0.044032343,-0.105895776,-0.000987441,6.990160551,-1.276181848,-0.423568007,0.060999666,0.010890456,-0.004368126,0.998077005,-0.80575416,0.592230332,1.002471005,0.0,0.0,0.0,0.86058265,0.0,3.625688465
1772729831.4837987,-0.390741,0.967269,0.899586,0.05228999,0.01511694,-0.0048685,0.99850565,0.104516,0.030703,-0.008145,-0.975948211,-0.379427013,0.032215396,0.02014878,0.001861566,0.014812979,0.029146614,0.041812364,1.009020123,0.06195341,0.082517702,0.037302511,50767.633776282,53499.976311889,53099.90371524,51801.083674546,-0.338226193,0.98582611,0.897743578,-1.022983677,-0.387855778,0.02832481,0.047479546,-0.105457959,-0.001590459,7.009150443,-1.321121887,-0.391001707,0.061163029,0.011298532,-0.004110246,0.998069244,-0.810518744,0.585679736,1.002741021,0.0,0.0,0.0,0.86058265,0.0,3.62635216
1772729831.4937987,-0.400503,0.963435,0.899939,0.05241822,0.01483678,-0.00478127,0.99850355,0.104777,0.030135,-0.007997,-0.971944536,-0.388898467,0.032467591,0.018911569,0.086921382,0.004297527,0.027524324,0.029274772,1.007377117,0.056052451,0.08704341,0.036582631,50801.99806605,53602.674443118,53049.24279778,51707.925299022,-0.344061693,0.983869238,0.897938502,-1.021065035,-0.393587741,0.02834338,0.049953878,-0.10507261,-0.001376892,7.018027997,-1.338564168,-0.380771777,0.061239714,0.011455606,-0.004031351,0.998061103,-0.813102997,0.582043643,1.002889713,0.0,0.0,0.0,0.86058265,0.0,3.626086966
1772729831.5037985,-0.410309,0.959555,0.900235,0.05239733,0.01744321,-0.00476677,0.99846258,0.104724,0.03534,-0.007696,-0.968245737,-0.39819498,0.03205343,0.031943976,0.182622484,0.008556268,0.025902073,0.016737479,1.00573415,0.050151632,0.091569011,0.035862769,50856.80462754,53760.151963133,52969.955972158,51557.755320539,-0.347340138,0.982740598,0.898057448,-1.019927317,-0.396843619,0.028382159,0.051467521,-0.104739078,-0.000357017,7.02690534,-1.356006032,-0.370542091,0.061316396,0.011612677,-0.003952458,0.998052961,-0.815687188,0.578407637,1.003038401,0.0,0.0,0.0,0.86058265,0.0,3.625760747
1772729831.5137982,-0.419884,0.955493,0.900569,0.05287366,0.01736875,-0.00444533,0.99844025,0.10569,0.035161,-0.007045,-0.963943596,-0.40765946,0.032494339,0.055439576,0.209341146,0.022362586,0.025884879,0.015270524,1.005995381,0.050754931,0.098013516,0.035518492,50915.667327223,53894.538766411,52888.401659648,51430.630914045,-0.350618584,0.981611958,0.898176394,-1.018789598,-0.400099498,0.028420937,0.052981164,-0.104405545,0.000662857,7.03749454,-1.379219425,-0.358602783,0.061407897,0.011820886,-0.00386197,0.99804452,-0.818271379,0.57477163,1.00318709,0.0,0.0,0.0,0.86058265,0.0,3.625434528
1772729831.523798,-0.42949,0.951361,0.900897,0.05302285,0.01844026,-0.00444044,0.99841315,0.105986,0.037302,-0.006916,-0.959040231,-0.41786351,0.0328173,0.05825982,0.176837154,0.029750404,0.026326625,0.016968947,1.006801086,0.053217974,0.105006699,0.035281607,51108.44838026,53266.557372086,52731.983499849,52064.384196185,-0.356087655,0.979705178,0.898358482,-1.016905093,-0.4054969,0.028522485,0.054494807,-0.104072013,0.001682732,7.050975545,-1.412182542,-0.343775447,0.06152443,0.012115483,-0.003751898,0.998034637,-0.82085557,0.571135623,1.003335778,0.0,0.0,0.0,0.86058265,0.0,3.625108309
1772729831.5337985,-0.439066,0.947098,0.901236,0.05330091,0.01935274,-0.00420627,0.99838209,0.106549,0.039101,-0.006341,-0.95659996,-0.426385818,0.032542921,0.054190755,0.198176639,0.035064698,0.026768402,0.018667492,1.007606848,0.055681193,0.112000383,0.035044705,51250.924126012,52916.682102259,52633.011863056,52400.715601492,-0.362352921,0.977503604,0.898564074,-1.014739391,-0.411682231,0.02866051,0.056008558,-0.103738456,0.002702679,7.053529131,-1.439341002,-0.333291919,0.06154605,0.012357557,-0.00367541,0.998025056,-0.825411131,0.564518151,1.003603641,0.0,0.0,0.0,0.86058265,0.0,3.624782066
1772729831.5437987,-0.448615,0.942814,0.901546,0.05378578,0.02015498,-0.00393658,0.99834131,0.10753,0.040678,-0.005697,-0.954113225,-0.434843752,0.032441309,0.051209214,0.215796462,0.04773485,0.027210169,0.020365996,1.008412591,0.058144353,0.1189939,0.03480781,51274.243986415,53225.459530971,52670.098869962,52032.655154166,-0.366336478,0.976052228,0.898706681,-1.013302344,-0.415685203,0.028801942,0.056847141,-0.103449302,0.002739654,7.051369608,-1.463994443,-0.324682438,0.061526732,0.012576965,-0.003613411,0.998015807,-0.8284163,0.56009208,1.003781965,0.0,0.0,0.0,0.86058265,0.0,3.624455832
1772729831.5537992,-0.458155,0.938464,0.901873,0.05403757,0.02130873,-0.00347312,0.99830547,0.108054,0.042934,-0.004636,-0.950682686,-0.443621907,0.032315008,0.040335478,0.264484655,0.058118092,0.027651946,0.022064541,1.009218353,0.060607572,0.125987584,0.034570908,51297.564402795,53534.244321341,52707.186761071,51664.585931796,-0.37032013,0.974600818,0.898849293,-1.011865263,-0.41968827,0.028943378,0.057313962,-0.103184588,0.00223534,7.049210034,-1.488648472,-0.316072751,0.061507414,0.012796378,-0.00355141,0.998006898,-0.830922653,0.556371181,1.003931477,0.0,0.0,0.0,0.86058265,0.0,3.624129589
1772729831.5637996,-0.467626,0.933932,0.902206,0.05377458,0.02202467,-0.00356254,0.99830382,0.107522,0.044372,-0.004749,-0.945614441,-0.453359582,0.032882898,0.030315205,0.2396481,0.053486757,0.028093723,0.023763085,1.010024115,0.063070791,0.132981267,0.034334007,51320.884819174,53843.029111711,52744.27465218,51296.516709425,-0.37381582,0.973297662,0.898973333,-1.010581761,-0.42318428,0.028729142,0.057780784,-0.102919875,0.001731026,7.050843496,-1.517138581,-0.304928747,0.061520853,0.01305046,-0.00346986,0.99800023,-0.834096413,0.551439706,1.00412699,0.0,0.0,0.0,0.86058265,0.0,3.623803347
1772729831.5737991,-0.477176,0.929416,0.902519,0.05422143,0.02496379,-0.00279529,0.99821292,0.108458,0.050163,-0.002877,-0.940648663,-0.463099606,0.033085055,0.015159187,0.194025047,0.045078931,0.028535458,0.025461468,1.0108298,0.065533775,0.139974284,0.034097128,51347.057951195,53426.12318403,52712.510265336,51767.392729016,-0.377101035,0.972058476,0.899089363,-1.00936452,-0.426461593,0.028361757,0.05824756,-0.102655186,0.001226759,7.074396706,-1.567794628,-0.279140019,0.061723593,0.01350487,-0.003275339,0.997990988,-0.838014396,0.545158241,1.004373802,0.0,0.0,0.0,0.86058265,0.0,3.623477135
1772729831.5837996,-0.486408,0.924675,0.902852,0.05443208,0.0246677,-0.00247954,0.99820965,0.108895,0.049537,-0.002268,-0.93509217,-0.473104705,0.033839834,0.00138991,0.10221202,0.040956626,0.028977236,0.027160013,1.011635562,0.067996994,0.146967968,0.033860226,51374.248525912,52751.200973253,52656.266747771,52536.550767236,-0.380386563,0.970819171,0.899205405,-1.008147163,-0.429739219,0.027994337,0.058714381,-0.102390473,0.000722445,7.097952163,-1.618455505,-0.253348832,0.061926352,0.013959323,-0.003080799,0.997981536,-0.841932753,0.538876178,1.004620637,0.0,0.0,0.0,0.86058265,0.0,3.623150893
1772729831.5937996,-0.495728,0.919887,0.903218,0.05424888,0.02507852,-0.00241464,0.99820955,0.108533,0.05035,-0.002102,-0.931611572,-0.481486765,0.034302053,-0.006101333,0.043545209,0.034186632,0.029418992,0.028858476,1.012441286,0.070460095,0.153961318,0.033623336,51403.769092363,52136.111105558,52601.558876449,53242.357731907,-0.389937509,0.967133699,0.899513861,-1.00444503,-0.439264026,0.026909254,0.05918118,-0.102125771,0.000218154,7.117067412,-1.688467023,-0.228438503,0.062090304,0.014581992,-0.002904094,0.997970413,-0.845850923,0.532594414,1.00486746,0.0,0.0,0.0,0.86058265,0.0,3.622824666
1772729831.6037998,-0.505089,0.915053,0.903555,0.05413702,0.02492213,-0.0026952,0.99821882,0.108294,0.050068,-0.002686,-0.926021979,-0.490367367,0.034594885,-0.007838478,0.00863257,0.028718205,0.029860758,0.030556981,1.013247029,0.072923256,0.160954835,0.03338644,51475.045381847,52592.069722111,52574.306177529,52814.175904638,-0.395275456,0.964821863,0.899660247,-1.002847371,-0.445475256,0.026370239,0.05964799,-0.101861064,-0.000286148,7.128768924,-1.790803837,-0.204996742,0.062189461,0.015485665,-0.002757155,0.997953561,-0.849769187,0.5263125,1.005114289,0.0,0.0,0.0,0.86058265,0.0,3.622498431
1772729831.6138,-0.514318,0.910113,0.903873,0.05414153,0.02477683,-0.00207592,0.99822367,0.108333,0.049711,-0.001463,-0.9207542,-0.499637617,0.034713592,-0.011004913,0.011139389,0.016547739,0.030302525,0.032255485,1.014052772,0.075386416,0.167948352,0.033149544,51487.325665304,52858.740117612,52588.050612977,52576.708501944,-0.399934404,0.962747447,0.899782444,-1.001563248,-0.451099997,0.025915479,0.0601148,-0.101596357,-0.00079045,7.140470435,-1.893140652,-0.181554982,0.062288618,0.016389339,-0.002610217,0.99793172,-0.85368745,0.520030587,1.005361118,0.0,0.0,0.0,0.86058265,0.0,3.622172196
1772729831.6237998,-0.523498,0.905073,0.904259,0.05402943,0.02473307,-0.00203898,0.9982309,0.10811,0.049619,-0.0014,-0.916309518,-0.508261207,0.034417127,0.001554239,0.090928295,0.011396017,0.031093631,0.035492255,1.015640787,0.066052317,0.192575523,0.023096644,51151.22113027,52007.609727898,52843.891378451,53465.462533639,-0.411345636,0.958135419,0.900181417,-0.996402688,-0.462283588,0.026525795,0.060581588,-0.101331662,-0.001294729,7.152171389,-1.995472586,-0.158114339,0.06238777,0.01729297,-0.002463285,0.997905357,-0.857605527,0.513748972,1.005607935,0.0,0.0,0.0,0.86058265,0.0,3.621845977
1772729831.633799,-0.532703,0.899965,0.904586,0.05413057,0.02639778,-0.00202127,0.99818283,0.108321,0.052943,-0.001179,-0.91026229,-0.5177165,0.03437041,0.012255704,0.119618567,0.005851543,0.040635373,0.031993945,1.009946859,0.041189287,0.183828006,0.026827872,50898.849339533,52494.87760569,53153.413892909,52845.254610955,-0.424943537,0.952701619,0.900670023,-0.989986733,-0.475267307,0.027481065,0.061048353,-0.10106698,-0.001798983,7.161848068,-2.080101013,-0.138728946,0.062469769,0.018040271,-0.002341773,0.997879501,-0.861523417,0.507467658,1.005854741,0.0,0.0,0.0,0.86058265,0.0,3.621519774
1772729831.643799,-0.541594,0.894673,0.904923,0.05434355,0.026311,-0.00196239,0.99817366,0.108751,0.052764,-0.001059,-0.905561916,-0.526770491,0.033955957,0.015902011,0.146607141,0.008466159,0.03770906,0.02364929,1.009162376,0.024930199,0.166854317,0.031969979,50966.887040942,52415.818087773,53254.741336092,52775.366251542,-0.435024068,0.948439774,0.901028017,-0.985200244,-0.485338083,0.027728336,0.063555837,-0.102513845,-0.001690319,7.161848068,-2.080101013,-0.138728946,0.062469769,0.018040271,-0.002341773,0.997865871,-0.865781703,0.500399016,1.006129873,0.0,0.0,0.0,0.86058265,0.0,3.621193547
1772729831.6537988,-0.550736,0.889401,0.90527,0.05426112,0.02725652,-0.001976,0.99815275,0.108589,0.054654,-0.000988,-0.900758804,-0.53607285,0.033958812,0.003498099,0.133229723,0.001594118,0.034139872,0.016948143,1.00789828,0.011214043,0.153480817,0.037566275,51279.722461105,52455.888828082,52972.5796263,52755.506997107,-0.443983554,0.944421333,0.901336379,-0.980843985,-0.494631297,0.027653545,0.071767189,-0.109205,-0.000574451,7.165134238,-2.171835487,-0.113326668,0.062494219,0.018852893,-0.002171088,0.997852402,-0.870679613,0.491827287,1.006458954,0.0,0.0,0.0,0.86058265,0.0,3.621114492
1772729831.6637988,-0.559735,0.884002,0.905606,0.05425762,0.02833206,-0.00202796,0.99812288,0.108585,0.056808,-0.000975,-0.896047727,-0.544515613,0.033323167,-0.021604769,0.180134722,0.008521558,0.027894396,0.021622955,1.004147198,0.011249581,0.158231268,0.042500426,50797.827334186,52504.169011511,53384.327608259,52767.500639503,-0.455232062,0.939280306,0.90171839,-0.975225509,-0.506191236,0.02758968,0.071900235,-0.109464596,-0.003748835,7.15781203,-2.360258076,-0.047538711,0.062417796,0.02052961,-0.001699551,0.997836905,-0.87636807,0.481560039,1.006850231,0.0,0.0,0.0,0.86058265,0.0,3.621114492
1772729831.6737983,-0.568692,0.878529,0.905948,0.05423483,0.02861064,-0.00168657,0.99811681,0.10856,0.057328,-0.000264,-0.891076957,-0.552674731,0.034111357,-0.04040587,0.221185098,0.012962754,0.029128424,0.03379222,1.003097985,0.000298987,0.139529962,0.027170185,50611.464957466,52578.471153563,53545.967165102,52766.389529921,-0.469111947,0.932718313,0.902195358,-0.968063993,-0.520434454,0.026955711,0.072161134,-0.106932768,-0.005827783,7.144594245,-2.498276047,-0.002242977,0.062293483,0.021756283,-0.00137781,0.997822836,-0.883064504,0.469240258,1.007317625,0.0,0.0,0.0,0.86058265,0.0,3.621114492
1772729831.6837978,-0.577533,0.872932,0.906264,0.05405876,0.0296752,-0.00136863,0.99809577,0.108232,0.05942,0.000477,-0.884561197,-0.561542183,0.035465593,-0.069257411,0.296530036,0.012002907,0.02709236,0.019459714,0.998577262,0.005366632,0.124903366,0.020972165,50516.798979513,52768.247506474,53635.523114792,52638.826312146,-0.478653195,0.928102823,0.902516564,-0.963065052,-0.530131057,0.026659893,0.072422034,-0.10440094,-0.007906731,7.127219286,-2.575079654,0.017814515,0.062137361,0.022436149,-0.001241513,0.997822902,-0.888010919,0.459821436,1.007672274,0.0,0.0,0.0,0.86058265,0.0,3.621114492
1772729831.6937978,-0.586302,0.867241,0.906659,0.05344328,0.03090296,-0.00173376,0.99809109,0.106984,0.061913,-0.000158,-0.877313832,-0.570614686,0.035871052,-0.038482375,0.238137262,-0.000436778,0.030535752,0.021497584,1.01613872,-0.00445834,0.103889823,0.014176835,50462.164516651,52931.125222648,53702.338694878,52496.972688509,-0.488199034,0.923278158,0.902851217,-0.957551246,-0.540058052,0.026191611,0.073754542,-0.098964119,-0.006394472,7.109373268,-2.613858258,0.026571283,0.061979727,0.022778755,-0.001182766,0.997813376,-0.892641799,0.450764237,1.008011381,0.0,0.0,0.0,0.86058265,0.0,3.621114492
1772729831.703798,-0.595126,0.861562,0.906971,0.05326803,0.03399173,-0.00142322,0.99800053,0.106675,0.068052,0.000782,-0.871518353,-0.579458342,0.036931601,-0.007094498,0.163604624,-0.003006985,0.031279969,0.022100767,1.016460158,0.001121946,0.114103518,0.00918822,50833.088008449,52902.788715717,53326.383556821,52474.624731974,-0.502889166,0.91539967,0.903370849,-0.949242084,-0.556322698,0.027236714,0.075189472,-0.093249611,-0.004539032,7.086689607,-2.718546601,0.053460536,0.061775069,0.023705062,-0.00100055,0.997799559,-0.898169084,0.439566697,1.008427673,0.0,0.0,0.0,0.86058265,0.0,3.621114492
1772729831.7137976,-0.603775,0.855701,0.907406,0.05347149,0.0334257,-0.0013024,0.99800893,0.107087,0.066907,0.000977,-0.866792357,-0.58797896,0.036736632,0.055287953,0.015473559,-0.027241791,0.031334147,0.021551307,1.013062805,0.009968793,0.129708855,0.004613279,51217.400617675,52801.813351283,52923.704109914,52584.682016155,-0.523351621,0.90458757,0.904168962,-0.936723337,-0.576802346,0.028785085,0.076624298,-0.087535511,-0.002683724,7.067630703,-2.877549377,0.087582925,0.061598682,0.025108053,-0.000784902,0.997780756,-0.907471711,0.41995251,1.009151274,0.0,0.0,0.0,0.86058265,0.0,3.621114492
1772729831.723797,-0.612363,0.849739,0.907779,0.05330684,0.03379339,-0.00156026,0.99800499,0.106742,0.06767,0.00049,-0.860540817,-0.597108728,0.036773248,0.100621467,-0.117550514,-0.04059265,0.031388325,0.021001848,1.009665452,0.018815641,0.145314191,3.8337e-05,51195.812361419,52335.174889135,52780.059174058,53213.232400222,-0.531123901,0.900270475,0.904464409,-0.931944477,-0.584668553,0.02860432,0.081210669,-0.093578841,-0.001436357,7.048473936,-3.013729992,0.112116698,0.061423725,0.026307129,-0.000640231,0.997775044,-0.912824923,0.408237398,1.009580678,0.0,0.0,0.0,0.86058265,0.0,3.621114492
1772729831.7337976,-0.621036,0.843767,0.908077,0.05514123,0.03107625,-0.00204492,0.99799275,0.110372,0.062294,-0.000656,-0.852855786,-0.606748228,0.037156193,0.112199308,-0.160335049,-0.03081336,0.028544177,0.023406146,1.013034068,0.001969478,0.148168784,-9.3686e-05,50687.535013452,52564.407474144,53263.083750895,52986.211290203,-0.540229157,0.894996647,0.9048085,-0.925847283,-0.594261885,0.028530102,0.082034918,-0.099994535,0.004878743,7.029993534,-3.10279409,0.118997088,0.061259161,0.027086403,-0.00062377,0.997755939,-0.916828222,0.3992221,1.009909528,0.0,0.0,0.0,0.86058265,0.0,3.621114492
1772729831.743797,-0.629449,0.837616,0.908514,0.05472169,0.03167074,-0.00176689,0.99799769,0.109551,0.063451,-6.1e-05,-0.845905022,-0.61598699,0.038743685,0.074670768,-0.085837162,-0.01011593,0.027767213,0.030395813,1.013086302,-0.019983118,0.143656974,0.002642447,50843.587524843,52807.47067217,53169.443917852,52640.805254039,-0.549782738,0.889390334,0.905172886,-0.919489894,-0.604304548,0.02921861,0.084158205,-0.094374437,0.005548615,7.023516443,-3.17610392,0.127385503,0.06119901,0.027729227,-0.000588393,0.997745053,-0.920953107,0.389650394,1.010256972,0.0,0.0,0.0,0.86058265,0.0,3.621114492
1772729831.753797,-0.637965,0.83146,0.908835,0.05568472,0.03026967,-0.00276221,0.99798564,0.111413,0.060762,-0.002146,-0.838073293,-0.624751897,0.039760294,0.014768887,0.08388225,0.021580301,0.021621033,0.038760196,1.008800053,-0.03108173,0.130558111,0.010406186,50265.218574674,52719.209023044,53585.102332267,52771.837807762,-0.559582002,0.883517587,0.905547932,-0.912847415,-0.614591277,0.030059726,0.079570942,-0.082635491,0.003859789,6.985045947,-3.23648896,0.134294415,0.060860787,0.028258844,-0.000550848,0.997740444,-0.924982962,0.379988039,1.010605906,0.0,0.0,0.0,0.86058265,0.0,3.621114492
1772729831.7637968,-0.64619,0.825121,0.909296,0.0550815,0.03214777,-0.002025,0.99796215,0.11026,0.064432,-0.000501,-0.830171868,-0.633367756,0.041132188,-0.034334022,0.192984124,0.049784775,0.020654408,0.039567789,1.010615672,-0.026460829,0.114942985,0.00960338,50614.723896286,52791.0,53351.096856542,52618.302382621,-0.568064044,0.878319956,0.90587549,-0.906993272,-0.623391325,0.030238341,0.079007311,-0.079400024,0.007167117,6.942409515,-3.336833,0.14794834,0.060483605,0.029139975,-0.000474662,0.99774249,-0.928672693,0.370877954,1.010933495,0.0,0.0,0.0,0.86058265,0.0,3.621114492
1772729831.7737968,-0.654502,0.818762,0.909717,0.05481553,0.03359552,-0.00115719,0.99793049,0.109794,0.067229,0.001377,-0.823338062,-0.641798553,0.040893357,-0.084906312,0.284777285,0.054992106,0.027541103,0.033412058,1.012100305,-0.010294823,0.111656835,0.000622622,50943.51973053,52787.740655303,53036.462937634,52628.789935695,-0.576641668,0.872924824,0.906197105,-0.900832029,-0.63235398,0.030503752,0.086915978,-0.08658573,0.006758216,6.933503973,-3.356289723,0.151041436,0.060404741,0.029311046,-0.000455702,0.997740449,-0.932241307,0.361812771,1.011258293,0.0,0.0,0.0,0.86058265,0.0,3.621114492
1772729831.7837968,-0.662756,0.812313,0.910129,0.0542277,0.03526017,-0.00082598,0.9979055,0.108653,0.070521,0.002181,-0.818701985,-0.648730184,0.039451359,-0.086820353,0.291249548,0.047775166,0.029411845,0.024444098,1.010660251,0.001120091,0.115065981,-0.00274047,50723.465611922,52750.922261917,53211.13624579,52671.602021027,-0.584812085,0.867652907,0.906532965,-0.894751487,-0.640919327,0.03078275,0.090477053,-0.096973291,0.002611191,6.907522082,-3.417115143,0.160104417,0.060174519,0.029845516,-0.000402146,0.997733769,-0.935570213,0.353110532,1.011568895,0.0,0.0,0.0,0.86058265,0.0,3.621114492
1772729831.7937963,-0.670798,0.805756,0.910495,0.05392493,0.03620575,-0.00090575,0.99788798,0.108049,0.07242,0.002103,-0.812231466,-0.65649103,0.038536206,-0.097576776,0.279485818,0.041267373,0.024906216,0.031444956,1.012946046,0.010527423,0.124986007,0.001836998,50498.250409883,52403.831151137,53359.636000462,53069.100080822,-0.593013386,0.862241982,0.906875356,-0.888525554,-0.649430571,0.031176218,0.088411032,-0.090353025,0.006473557,6.883772551,-3.500008882,0.1689686,0.059963026,0.030571983,-0.000362185,0.997725259,-0.939166371,0.343434273,1.011912942,0.0,0.0,0.0,0.86058265,0.0,3.621114492
1772729831.8037963,-0.678988,0.799201,0.910864,0.05381477,0.03693647,-0.00070894,0.99786731,0.10785,0.073859,0.002568,-0.807062133,-0.663368659,0.037261807,-0.08006542,0.205241278,0.016603847,0.022714209,0.047150317,1.012553473,0.014367665,0.135692101,0.009191689,50592.753963915,52458.129032258,53307.569163477,52924.741935484,-0.60123851,0.856789419,0.907218927,-0.882257408,-0.657943545,0.031599276,0.089458535,-0.085168645,0.005260252,6.85318963,-3.642465387,0.18510613,0.059688132,0.031820828,-0.000287908,0.997713379,-0.942142067,0.335177777,1.012205509,0.0,0.0,0.0,0.86058265,0.0,3.621114492
1772729831.8137963,-0.687016,0.7925,0.911237,0.0528962,0.03860746,-0.00055636,0.99785327,0.106036,0.077185,0.002983,-0.799503715,-0.671449941,0.037890615,-0.077639711,0.167261181,0.018069138,0.024169794,0.042888337,1.007567398,0.011743304,0.131374672,0.014625797,50647.206901977,52738.904389783,53369.232495935,52482.550532333,-0.610406466,0.850525954,0.907621089,-0.874993752,-0.667563434,0.032065096,0.092268821,-0.087858392,-0.002360965,6.860199545,-3.714837963,0.199153732,0.059742962,0.032458247,-0.000205335,0.997695251,-0.945056886,0.326791719,1.012501467,0.0,0.0,0.0,0.86058265,0.0,3.621114492
1772729831.823796,-0.694983,0.785773,0.911631,0.05278823,0.03940232,-0.00022232,0.99782805,0.105855,0.078738,0.003728,-0.792812236,-0.679115158,0.039100406,-0.062861486,0.119830837,0.040807488,0.025578531,0.032350793,1.011057782,0.012625959,0.116851785,0.016669885,50673.61207158,52821.731614599,53370.955171368,52409.664078455,-0.61816586,0.845124196,0.907938863,-0.868909814,-0.675616159,0.031844012,0.095535936,-0.088147547,-0.002113949,6.848250093,-3.776051696,0.212420426,0.059633142,0.032998124,-0.000118371,0.997683923,-0.948158212,0.317671939,1.012822527,0.0,0.0,0.0,0.86058265,0.0,3.621114492
1772729831.8337955,-0.702824,0.778902,0.912018,0.05256608,0.03932188,0.00012688,0.99784296,0.105435,0.078542,0.004401,-0.785928469,-0.687612466,0.04034761,-0.061024815,0.079437191,0.05560627,0.028317618,0.026896594,1.013946948,0.011704074,0.105230966,0.021240774,50873.926556789,52912.939176609,53292.744960118,52204.232075949,-0.625927918,0.839588528,0.908276324,-0.862605605,-0.683777933,0.031799574,0.099051531,-0.087130769,0.002413406,6.832033985,-3.777369361,0.210651143,0.059492422,0.033008689,-0.000129791,0.997671121,-0.951173503,0.308618488,1.013140625,0.0,0.0,0.0,0.86058265,0.0,3.621114492
1772729831.8437955,-0.710689,0.772016,0.912435,0.05217666,0.0397174,0.00025457,0.99784771,0.104668,0.07932,0.004667,-0.77734031,-0.697223781,0.04096622,-0.046366371,-0.01223227,0.057794136,0.034856504,0.035959812,1.015119365,0.005628311,0.101897115,0.033028742,50808.326400417,52620.752888715,53396.609575888,52420.429254956,-0.632874889,0.834541503,0.908582795,-0.856849085,-0.691152728,0.032108933,0.101550785,-0.085608683,0.005907595,6.825910385,-3.822487431,0.221799944,0.059434342,0.033407291,-5.4406e-05,0.997661224,-0.953808098,0.300383308,1.013428885,0.0,0.0,0.0,0.86058265,0.0,3.621114492
1772729831.8537955,-0.718409,0.764988,0.912848,0.05221105,0.03965754,0.00048274,0.99784821,0.104755,0.079177,0.005121,-0.770898093,-0.705938358,0.039765636,0.011103643,-0.069808816,0.084397607,0.026454704,0.039269141,1.011316714,-0.036368964,0.127786704,0.02917362,51392.618488335,53077.376797699,53153.407238734,51473.172738894,-0.645266232,0.824710863,0.909070212,-0.846861836,-0.706522462,0.031491509,0.097562955,-0.080862173,0.002807016,6.727010146,-4.039802149,0.284273318,0.058545113,0.035330664,0.000409205,0.997639376,-0.956107944,0.29300687,1.013686455,0.0,0.0,0.0,0.86058265,0.0,3.621114492
1772729831.863796,-0.726104,0.757909,0.913262,0.05217974,0.03940825,0.00114652,0.99785918,0.104741,0.078609,0.006421,-0.76510104,-0.714186617,0.040404545,0.031121258,-0.045941467,0.080099542,0.01786238,0.042505408,1.007450573,-0.078825349,0.154049401,0.025119253,50803.746195778,50366.298044746,53631.424641677,54428.890493128,-0.667370776,0.806788105,0.910078525,-0.811368598,-0.721862676,0.02970908,0.093574934,-0.076115437,-0.000293711,6.577515334,-4.346423932,0.373564306,0.057203055,0.03804485,0.001076921,0.997624131,-0.963607882,0.266584031,1.01460207,0.0,0.0,0.0,0.86058265,0.0,3.621114492
1772729831.873796,-0.733716,0.75069,0.913655,0.05193818,0.03907363,0.0012788,0.99788478,0.104261,0.077928,0.006631,-0.760050472,-0.720947735,0.041760141,0.030565043,0.012352073,0.04830102,0.01801853,0.041224979,1.00791565,-0.067943451,0.080991878,0.029044099,50658.26148767,50622.19274132,53750.589633023,54305.37804878,-0.681670882,0.795552895,0.910838882,-0.777807316,-0.72294179,0.029229658,0.091907292,-0.073179453,-0.003359814,6.468563524,-4.485937271,0.417837256,0.056232125,0.039279745,0.001431121,0.997630095,-0.970175379,0.242293771,1.015440951,0.0,0.0,0.0,0.86058265,0.0,3.621114492
1772729831.8837955,-0.741235,0.743416,0.914049,0.05266675,0.03797581,0.0014931,0.99788868,0.105724,0.075706,0.007,-0.753330672,-0.728240011,0.043018184,0.000701868,0.076545518,0.001082267,0.022922361,0.036980658,1.008628045,-0.007241498,-0.063235604,0.036243364,50764.230191349,51928.669114675,53695.956879127,53026.68902439,-0.696687791,0.782900023,0.911630821,-0.750085456,-0.729034631,0.028868864,0.091326066,-0.071091316,-0.006409629,6.359616908,-4.625443957,0.462108095,0.055261241,0.040514581,0.001785304,0.997677585,-0.975388285,0.220311596,1.016193983,0.0,0.0,0.0,0.86058265,0.0,3.621114492
1772729831.8937953,-0.74878,0.73614,0.914428,0.053503,0.03969919,0.0021015,0.99777602,0.107477,0.079079,0.008468,-0.746144845,-0.735539144,0.043715426,-0.051980537,0.136973502,-0.063190341,0.017042247,0.036120857,0.992785466,0.095010205,-0.151430393,0.029700422,50431.100504576,52256.019478996,53943.50140812,52644.040718141,-0.712616481,0.768445307,0.912462943,-0.729778731,-0.741496632,0.028658726,0.090744826,-0.069003129,-0.009459517,6.256856264,-4.595226913,0.516504127,0.054349354,0.040275818,0.002309088,0.997729427,-0.980342863,0.197048765,1.016986866,0.0,0.0,0.0,0.86058265,0.0,3.621114492
1772729831.9037952,-0.756256,0.728773,0.915016,0.05190403,0.0411101,0.000874,0.99780517,0.10419,0.082041,0.006032,-0.738082347,-0.74350067,0.043097166,-0.084801762,0.16466052,-0.103939851,0.016288103,0.037376725,0.990728547,0.102144386,-0.111278618,0.039792475,50405.775079823,52016.502342122,54181.273961341,52901.004473931,-0.72854555,0.753990247,0.913295085,-0.709471522,-0.75395893,0.028448583,0.090163573,-0.066914892,-0.012509477,6.330406054,-4.412091712,0.565447414,0.054983948,0.038706418,0.002798124,0.997746588,-0.984160685,0.176708952,1.01767674,0.0,0.0,0.0,0.86058265,0.0,3.621114492
1772729831.9137948,-0.763586,0.721303,0.915397,0.05130388,0.04174293,0.00033483,0.99781027,0.10295,0.083365,0.004969,-0.729360253,-0.752422105,0.040887821,-0.088985358,0.194630898,-0.115993194,0.015533995,0.038632532,0.988671726,0.109278228,-0.071128758,0.049884047,50585.040086346,52364.466739884,54207.470779446,52382.28362778,-0.742281801,0.741499643,0.914017533,-0.692829607,-0.765128692,0.028261122,0.089582346,-0.064826755,-0.015559293,6.348612343,-4.363715924,0.574282485,0.055142356,0.038289856,0.002892084,0.997742864,-0.98706119,0.160099708,1.01823879,0.0,0.0,0.0,0.86058265,0.0,3.621114492
1772729831.9237947,-0.770762,0.713688,0.915779,0.05093722,0.04205566,4.798e-05,0.99781597,0.102194,0.084022,0.004396,-0.721824057,-0.761169704,0.039318938,-0.066205351,0.120382356,-0.10313104,0.014788179,0.039882529,0.986634243,0.116371086,-0.031053853,0.059928676,50920.19651209,52403.383007328,53982.97421623,52237.472755045,-0.745315849,0.738596659,0.914204619,-0.694078189,-0.769991006,0.028184351,0.091039712,-0.065722311,-0.015782636,6.347796963,-4.35425616,0.572428558,0.055136462,0.03820658,0.002880797,0.997732172,-0.987944374,0.154659795,1.018422518,0.0,0.0,0.0,0.86058265,0.0,3.621114492
1772729831.9337947,-0.777956,0.706031,0.916137,0.0507715,0.04223385,-0.00041931,0.99781681,0.101824,0.084426,0.003464,-0.714955907,-0.769089739,0.038205747,0.021275019,-0.023284782,-0.029817122,0.01598547,0.039762815,0.989131556,0.113822608,-0.008914271,0.058908467,51255.352937835,52442.299274772,53758.477653014,52092.66188231,-0.748349896,0.735693675,0.914391706,-0.695326772,-0.77485332,0.02810758,0.093577628,-0.068199399,-0.014507757,6.346981584,-4.344796397,0.570574631,0.055130568,0.038123304,0.00286951,0.997721479,-0.98840975,0.151533183,1.018527891,0.0,0.0,0.0,0.86058265,0.0,3.621114492
1772729831.9437945,-0.785103,0.698318,0.916495,0.05143756,0.04249894,-0.00016721,0.99777151,0.103186,0.084928,0.004053,-0.710029582,-0.775431412,0.03876142,0.11925866,-0.215006242,0.080159247,0.017182732,0.039643103,0.991628809,0.111274191,0.013224784,0.057888282,51590.50137282,52481.21461438,53533.986442218,51947.854462139,-0.751383872,0.732790759,0.914578788,-0.696575325,-0.779715518,0.028030811,0.096115484,-0.070676428,-0.013232908,6.361637154,-4.334402945,0.574063473,0.055257667,0.038038196,0.002954317,0.997710786,-0.988875114,0.148406645,1.018633261,0.0,0.0,0.0,0.86058265,0.0,3.621114492
1772729831.9537945,-0.792141,0.690495,0.916879,0.05198363,0.0425938,-0.00011609,0.99773917,0.104288,0.08511,0.004212,-0.704296845,-0.783034896,0.039656739,0.143889612,-0.321123126,0.135155001,0.018380023,0.039523389,0.994126122,0.108725713,0.035364367,0.056868073,51503.237955089,52450.92080359,53619.101708971,51974.369729589,-0.754430198,0.729866533,0.914765863,-0.69769974,-0.784578757,0.027941009,0.098653401,-0.073153516,-0.01195803,6.384985668,-4.323484511,0.580554296,0.055459493,0.037952057,0.003093118,0.997700094,-0.98934049,0.145280032,1.018738634,0.0,0.0,0.0,0.86058265,0.0,3.621114492
1772729831.9637945,-0.799226,0.682693,0.917361,0.05254853,0.03888977,0.00054864,0.99786068,0.105427,0.077633,0.005198,-0.696343729,-0.792066762,0.036458388,0.139250449,-0.229074198,0.148870509,0.019577314,0.039403675,0.996623434,0.106177235,0.05750395,0.055847864,51232.479552513,52390.56282216,53838.709279826,52075.307370852,-0.757736298,0.72649289,0.914952698,-0.696197154,-0.789461588,0.027575511,0.10109761,-0.075582112,-0.010620015,6.408334182,-4.312566078,0.587045119,0.05566132,0.037865918,0.003231918,0.997689401,-0.989805865,0.142153419,1.018844007,0.0,0.0,0.0,0.86058265,0.0,3.621114492
1772729831.9737942,-0.806121,0.674723,0.91771,0.0538596,0.03715739,0.00199515,0.99785495,0.108143,0.074008,0.008006,-0.687844964,-0.801231359,0.03387781,0.09116575,-0.075588642,0.13690539,0.020774576,0.039283963,0.999120688,0.103628818,0.079643005,0.05482768,50961.727605327,52330.206279777,54058.311614823,52176.242605571,-0.76104232,0.723119328,0.915139528,-0.694694604,-0.794344302,0.027210021,0.099899497,-0.076125829,-0.006828019,6.441379212,-4.300394501,0.597385794,0.055946391,0.037766628,0.003329444,0.99767791,-0.990271229,0.139026881,1.018949377,0.0,0.0,0.0,0.86058265,0.0,3.621114492
1772729831.9837942,-0.81297,0.666668,0.918059,0.05407995,0.03527577,0.00257479,0.99790999,0.108596,0.070183,0.008976,-0.680996531,-0.809551219,0.032182004,0.012432601,0.098145722,0.100555283,0.020615072,0.040114341,1.000752267,0.103286474,0.096142225,0.053685832,50823.239445319,52589.483054731,54216.709509673,51868.369847184,-0.766368027,0.717568248,0.915433412,-0.691448666,-0.802038422,0.026922406,0.095237835,-0.074250554,-0.005645376,6.503884779,-4.28441479,0.619423055,0.056484381,0.037627376,0.003301588,0.997658164,-0.991043501,0.133454945,1.019136901,0.0,0.0,0.0,0.86058265,0.0,3.621114492
1772729831.993794,-0.819668,0.658442,0.918245,0.05357026,0.03966198,0.00237261,0.99777328,0.107633,0.078975,0.009012,-0.672368221,-0.817922614,0.031929556,-0.059519912,0.207539928,0.063507232,0.010612438,0.047837327,0.996103177,0.11894897,0.071721928,0.051661563,50795.717706385,52942.887924125,54339.053032327,51404.943561314,-0.772363002,0.711232504,0.915755502,-0.687228294,-0.81049635,0.026556792,0.085062287,-0.06809675,-0.009208349,6.594036682,-4.32289423,0.668535152,0.057250396,0.037987767,0.003651083,0.997628911,-0.992101755,0.125367626,1.019408798,0.0,0.0,0.0,0.86058265,0.0,3.621114492
1772729832.003794,-0.826366,0.650246,0.918537,0.05316866,0.04307369,0.00249449,0.99765301,0.106898,0.085785,0.009593,-0.665237095,-0.825562753,0.033570972,-0.126777801,0.185928128,0.028445299,0.012191005,0.047294256,0.999464141,0.131031097,0.054658044,0.059434978,50791.832464618,53060.931091754,54438.191971306,51196.236443628,-0.777411815,0.705841392,0.916018746,-0.683350139,-0.817436482,0.026030478,0.086492835,-0.067809958,-0.007124198,6.62071228,-4.336238384,0.683618724,0.05747674,0.038112268,0.003766899,0.99759715,-0.992864633,0.119188015,1.019616359,0.0,0.0,0.0,0.86058265,0.0,3.621114492
1772729832.0137937,-0.833072,0.642029,0.919024,0.05230527,0.04098199,0.00311563,0.99778501,0.105177,0.081547,0.01054,-0.659605369,-0.832533389,0.036446325,-0.174692954,0.033608859,0.020510663,0.014906029,0.041797175,1.001409871,0.095220304,0.067854113,0.060826023,50605.084333092,51754.435235083,54475.245172006,52689.480431825,-0.782794926,0.700003956,0.916292588,-0.678851659,-0.824707956,0.025595663,0.091012668,-0.072398965,-0.006552226,6.628718324,-4.338219571,0.687454371,0.057545016,0.038131721,0.003796615,0.997567846,-0.993732148,0.111681067,1.019868272,0.0,0.0,0.0,0.86058265,0.0,3.621114492
1772729832.023794,-0.839629,0.633656,0.919395,0.05142498,0.04045399,0.00332277,0.99785165,0.103416,0.080479,0.010827,-0.651637879,-0.840953677,0.036704658,-0.172792412,-0.190780895,0.031180392,0.019157564,0.033927171,1.001619161,0.018246886,0.11804153,0.050872339,50971.08556604,51586.840025713,54194.414606148,52851.235071286,-0.789011965,0.693153848,0.916616322,-0.673415984,-0.83316586,0.025262179,0.09751263,-0.080113036,-0.006949334,6.692482678,-4.354559889,0.718218996,0.058088682,0.038291652,0.004034876,0.99754019,-0.994659098,0.103094603,1.020156143,0.0,0.0,0.0,0.86058265,0.0,3.621114492
1772729832.0337934,-0.845988,0.625168,0.91976,0.05073791,0.03891911,0.00333944,0.9979478,0.102009,0.077417,0.010647,-0.64704139,-0.847282626,0.037974959,-0.171220716,-0.219548314,0.035499856,0.023678842,0.032598239,1.00210191,-0.03344194,0.168426829,0.034807351,51120.94211751,52593.401271503,54132.841519156,51813.556012632,-0.795509275,0.6859187,0.916987809,-0.667640649,-0.841920692,0.025110554,0.100711892,-0.08296785,-0.007045112,6.715334347,-4.397333222,0.743423707,0.058275927,0.038677622,0.004224705,0.997512492,-0.995530784,0.094318049,1.020450109,0.0,0.0,0.0,0.86058265,0.0,3.621114492
1772729832.0437937,-0.852548,0.616674,0.920121,0.04964021,0.03831458,0.00334484,0.99802638,0.099796,0.07622,0.010511,-0.640688898,-0.854819988,0.040231177,-0.183393778,0.077189272,-0.010197173,0.019984077,0.043597523,1.002966053,-0.043860422,0.162133463,0.027218581,51207.291683641,52720.749636268,54053.044404353,51706.770238026,-0.801407297,0.679252045,0.91733269,-0.662273316,-0.849837286,0.024943588,0.095672759,-0.072636742,-0.006012855,6.713736818,-4.45685761,0.767830139,0.058249113,0.039208117,0.004407199,0.997502698,-0.996294248,0.085921863,1.020731126,0.0,0.0,0.0,0.86058265,0.0,3.621114492
1772729832.0537932,-0.858863,0.608041,0.920467,0.0486814,0.03937782,0.00324354,0.99803256,0.097883,0.078365,0.01034,-0.634312746,-0.862082407,0.042204527,-0.208188271,0.431371316,-0.063625065,0.016289576,0.05459602,1.003830134,-0.054278159,0.155840548,0.019630354,50966.726650039,51966.261102632,54126.831962178,52589.384022633,-0.806823907,0.673005887,0.917631947,-0.657146269,-0.857173211,0.024686018,0.097754297,-0.059646546,-0.000957017,6.698169197,-4.516396397,0.789569529,0.058101387,0.039736802,0.004571331,0.997502418,-0.997031662,0.076940596,1.021031518,0.0,0.0,0.0,0.86058265,0.0,3.621114492
1772729832.0637932,-0.865126,0.599393,0.920852,0.04802244,0.03988479,0.00305482,0.99804495,0.096554,0.079404,0.00996,-0.627057455,-0.869774392,0.043664999,-0.258651372,0.637706417,-0.102544139,0.015850546,0.057725685,1.004600472,-0.144002864,0.185046568,-0.002973422,50228.402686689,51221.195599077,54522.589963363,53578.784906599,-0.812454707,0.666392825,0.917932072,-0.651652795,-0.864848321,0.024548292,0.098235053,-0.062544661,0.001439877,6.673143547,-4.580492223,0.810282899,0.057871136,0.040304195,0.004727643,0.997504649,-0.997609664,0.069024453,1.021296093,0.0,0.0,0.0,0.86058265,0.0,3.621114492
1772729832.0737927,-0.871561,0.590798,0.921471,0.04642024,0.04767456,0.00322897,0.99777847,0.093499,0.09498,0.010919,-0.617666168,-0.879053461,0.042486793,-0.307564742,0.720697777,-0.144276735,0.020622736,0.044560612,1.008037771,-0.149804145,0.163305778,-0.006925253,50495.00993571,52355.851548802,54342.390414962,52526.822910579,-0.818576518,0.658966951,0.918182096,-0.645254704,-0.873407054,0.024184193,0.098637103,-0.066223574,0.003705959,6.61306945,-4.66705579,0.825321632,0.05733574,0.041062751,0.004836082,0.997510361,-0.998181308,0.060134805,1.021593042,0.0,0.0,0.0,0.86058265,0.0,3.621114492
1772729832.0837934,-0.877517,0.581849,0.921945,0.0445859,0.05167229,0.00198808,0.99766634,0.089766,0.103109,0.00862,-0.60699073,-0.888383073,0.04000402,-0.326644353,0.630529817,-0.158861242,0.016111611,0.041329537,1.011678064,-0.143294286,0.134525689,-0.004600602,50457.313052996,51259.869333212,54485.386025723,53444.762884247,-0.826247995,0.649526282,0.918506355,-0.636933277,-0.883919192,0.024157094,0.099039201,-0.069902926,0.005972311,6.506612166,-4.769727838,0.829469128,0.056398977,0.041954029,0.004859234,0.997530062,-0.998799469,0.04889125,1.021968359,0.0,0.0,0.0,0.86058265,0.0,3.621114492
1772729832.0937932,-0.883561,0.572904,0.922161,0.04275047,0.05285572,0.00147509,0.99768557,0.086043,0.105536,0.007504,-0.598013274,-0.896660121,0.037319169,-0.322594368,0.432722269,-0.146851548,0.015250167,0.052854205,1.011053781,-0.143565305,0.121273077,0.00560855,50328.127566962,51540.545413407,54547.063417157,53156.511668498,-0.832433276,0.641844979,0.918866842,-0.630191409,-0.892091549,0.024886772,0.101288532,-0.057712849,0.007056328,6.406780419,-4.852897265,0.833907845,0.055521327,0.04267591,0.00489365,0.99755033,-0.999218112,0.039351682,1.022286741,0.0,0.0,0.0,0.86058265,0.0,3.621114492
1772729832.1037931,-0.889473,0.563888,0.922481,0.04101282,0.05369357,0.00099225,0.99771437,0.082512,0.107266,0.006421,-0.587982398,-0.904721725,0.034412562,-0.279926564,0.222441631,-0.12536151,0.018630971,0.057659993,1.008392908,-0.131568586,0.088468134,0.006412427,50083.195703234,52356.683689961,54701.614519361,52351.219083328,-0.838547816,0.634071173,0.919223147,-0.623296379,-0.900128116,0.025517718,0.1058377,-0.050151122,0.005297061,6.314331261,-4.918755078,0.840121068,0.054708665,0.043248211,0.004950311,0.997575183,-0.999529385,0.030367247,1.022586383,0.0,0.0,0.0,0.86058265,0.0,3.621114492
1772729832.1137931,-0.895339,0.554825,0.922862,0.0399132,0.05430288,0.00050572,0.99772635,0.080258,0.108531,0.005376,-0.579321648,-0.91022816,0.032913862,-0.206784933,0.048715866,-0.07997955,0.018104109,0.047930511,1.006433704,-0.11353214,0.06575907,-0.000590081,50418.512385142,52059.811622505,54338.999301087,52694.32931116,-0.844235656,0.626609594,0.919556194,-0.616526662,-0.907636043,0.02584017,0.105724161,-0.058841299,0.000869302,6.206379947,-4.976468947,0.84608255,0.053761761,0.043748754,0.00501563,0.997599397,-0.999760412,0.021368826,1.022886398,0.0,0.0,0.0,0.86058265,0.0,3.621163423
1772729832.1237931,-0.901118,0.545735,0.923248,0.03929877,0.05483839,0.00057881,0.99772142,0.079038,0.109601,0.005498,-0.573600974,-0.914680029,0.035028219,-0.152247185,0.06023486,-0.040073058,0.015899405,0.034411235,1.007834432,-0.110632955,0.089317186,-0.01352912,49843.203430455,51668.535540409,54747.02771328,53120.44753202,-0.850699001,0.618081862,0.919927833,-0.60906958,-0.91590157,0.025925514,0.104248491,-0.071609224,-0.000130325,6.057360172,-5.045992374,0.847040713,0.052458186,0.04434789,0.005048479,0.997624285,-0.999925032,0.011290523,1.02322238,0.0,0.0,0.0,0.86058265,0.0,3.621875033
1772729832.1337929,-0.906773,0.536539,0.923619,0.03844208,0.05530626,0.00032266,0.99772908,0.077294,0.110562,0.004926,-0.563823828,-0.921064748,0.035681386,-0.109175346,0.083828357,-0.019139076,0.018081756,0.046307045,1.010719251,-0.072304192,0.09649246,-0.013712414,50513.648714138,53444.135177048,54183.448597829,51287.075633239,-0.857931551,0.608319438,0.920337126,-0.600507199,-0.925125202,0.026206234,0.108472018,-0.057797579,0.005142578,6.030333768,-5.058442618,0.843855273,0.052223081,0.044453648,0.005015325,0.997639582,-0.999991537,2.217e-05,1.023598073,0.0,0.0,0.0,0.86058265,0.0,3.622586627
1772729832.143793,-0.912371,0.527279,0.923916,0.03802811,0.05600157,6.33e-05,0.99770621,0.076442,0.111975,0.004413,-0.555016361,-0.927239074,0.034661494,-0.098003371,0.08930867,-0.000424489,0.018981278,0.057267843,1.010202182,-0.042603327,0.111459238,-0.004717534,50069.03258049,52583.144449784,54458.90629505,52175.310427679,-0.866359297,0.596689224,0.920868534,-0.590264077,-0.935631122,0.026951315,0.106375662,-0.046336489,0.002681322,5.946812886,-5.116445576,0.835153742,0.051494459,0.044951024,0.004945521,0.997650041,-0.999911265,-0.013003962,1.024032273,0.0,0.0,0.0,0.86058265,0.0,3.623298254
1772729832.153794,-0.9179,0.518011,0.92425,0.03763192,0.0559802,0.0004977,0.99772231,0.075693,0.111901,0.005239,-0.546593528,-0.93377354,0.03419032,-0.104692339,0.101540412,0.002571723,0.018660298,0.056199856,1.008716843,-0.071622727,0.156850737,-0.011882476,50792.637396868,53053.930122916,53738.880170624,51652.470393444,-0.874386038,0.585411026,0.921509565,-0.58037808,-0.945392973,0.027510084,0.111326386,-0.050891212,-0.002761897,5.833772857,-5.241898801,0.816451155,0.050507331,0.046030076,0.004781229,0.997650468,-0.999635855,-0.026493894,1.024481996,0.0,0.0,0.0,0.86058265,0.0,3.624009932
1772729832.1637938,-0.923343,0.508603,0.924624,0.03694485,0.05650803,0.00034112,0.9977183,0.074301,0.112973,0.004887,-0.538598221,-0.939743787,0.033998653,-0.096163862,0.110800784,-0.000777716,0.018339356,0.055131995,1.007231682,-0.100638669,0.202236827,-0.019046564,50289.152216556,51577.694520727,54092.133908722,53203.761736629,-0.884226123,0.570875943,0.922143449,-0.567154871,-0.957874629,0.027708454,0.11374274,-0.049351404,0.001476854,5.797631132,-5.30459206,0.810096005,0.0501901,0.046571583,0.00471263,0.997627622,-0.999112256,-0.042104865,1.025002742,0.0,0.0,0.0,0.86058265,0.0,3.624721526
1772729832.1737943,-0.928609,0.499209,0.924943,0.0366246,0.05753124,0.00065455,0.99767147,0.073707,0.115,0.005557,-0.5308264,-0.945079747,0.034641913,-0.100442721,0.128607991,-0.008347701,0.017044565,0.05165501,1.005654163,-0.127185813,0.23654591,-0.026130664,50477.497981477,53364.347660888,54001.651745429,51293.950961767,-0.893057162,0.557336342,0.922661119,-0.554614068,-0.969069753,0.027729085,0.114473747,-0.056872021,-0.00528669,5.695192546,-5.464134218,0.796616414,0.049290839,0.047950525,0.004567586,0.997610419,-0.998314847,-0.057381789,1.025512655,0.0,0.0,0.0,0.86058265,0.0,3.62543317
1772729832.1837947,-0.933905,0.489709,0.925335,0.03572927,0.05796923,0.00035104,0.99767874,0.071877,0.115904,0.004876,-0.519999311,-0.951909125,0.034393273,-0.114400438,0.118061071,-0.038652574,0.01181055,0.038433172,1.00370348,-0.143738023,0.226034216,-0.032889135,50288.705997926,52037.279075479,54049.142389347,52813.444004803,-0.902550795,0.542301879,0.923261422,-0.540458391,-0.980765002,0.027052359,0.109509336,-0.060667283,-0.005729918,5.582844257,-5.646746159,0.785155654,0.048302837,0.049530942,0.004436494,0.99758211,-0.99728237,-0.073589444,1.026053992,0.0,0.0,0.0,0.86058265,0.0,3.626144814
1772729832.1937945,-0.939105,0.480158,0.92563,0.03538678,0.05858948,0.00015885,0.99765476,0.071174,0.117161,0.004494,-0.509799224,-0.95812807,0.032729324,-0.117862846,0.092496877,-0.060472367,0.017729031,0.050573761,1.005660286,-0.13286441,0.161154072,-0.0289639,49941.497388232,52264.911507144,54302.751920418,52641.087263789,-0.910093804,0.529942434,0.923730143,-0.528531178,-0.990080775,0.026913241,0.121640721,-0.043908056,-0.00498653,5.495250293,-5.761627967,0.774413914,0.04753576,0.050523181,0.004332528,0.997575263,-0.996150725,-0.087223525,1.026510017,0.0,0.0,0.0,0.86058265,0.0,3.625624317
1772729832.2037947,-0.944148,0.47058,0.925946,0.0350853,0.05899761,2.814e-05,0.99764137,0.070557,0.117988,0.004225,-0.499847951,-0.963778677,0.030957566,-0.128975318,0.060182824,-0.073853654,0.014833255,0.041064989,0.993999449,-0.113805801,0.118934373,-0.032768773,50168.76019436,53301.8515625,54065.315334413,51689.365925114,-0.918370052,0.516052473,0.924236543,-0.515032823,-1.000069292,0.026486838,0.124067501,-0.03993883,-0.003663878,5.355138,-5.903278608,0.756848197,0.046312648,0.051743908,0.004183494,0.997578517,-0.994872179,-0.101046592,1.026972827,0.0,0.0,0.0,0.86058265,0.0,3.624443572
1772729832.2137954,-0.949092,0.460907,0.926301,0.03375678,0.0595461,-0.00043811,0.99765452,0.067835,0.119124,0.003168,-0.490733879,-0.96854667,0.030006264,-0.137189122,0.05528321,-0.074920447,0.01574835,0.043686763,1.001460087,-0.160700049,0.130315738,-0.040989705,49897.972704876,53032.702184907,54244.046842583,52135.297004668,-0.92384428,0.506367529,0.924578017,-0.505553053,-1.006986975,0.025371983,0.12127069,-0.042853922,-0.002029398,5.063520101,-6.079321295,0.715699217,0.043780747,0.053252546,0.00389788,0.997595989,-0.993725271,-0.111831741,1.027334331,0.0,0.0,0.0,0.86058265,0.0,3.623262771
1772729832.2237954,-0.953827,0.451136,0.926547,0.03317124,0.05909362,-0.00097282,0.99770069,0.066589,0.118255,0.001993,-0.482159201,-0.971400208,0.028667141,-0.175185618,0.075545906,-0.077570375,0.013732468,0.04050209,1.001772703,-0.217579779,0.13640802,-0.05884161,49756.500352945,52876.165690185,54369.700984717,52418.085324533,-0.932134228,0.490468178,0.925043435,-0.489380402,-1.019105007,0.024348607,0.128686279,-0.030436615,-0.004336087,4.597154661,-6.32386967,0.643778545,0.039738156,0.055342228,0.003408588,0.997631969,-0.98886715,-0.143555154,1.028404393,0.0,0.0,0.0,0.86058265,0.0,3.622082054
1772729832.2337956,-0.958721,0.441453,0.926827,0.03245974,0.059657,-0.00098833,0.99769055,0.065161,0.119386,0.001914,-0.471804859,-0.976676728,0.027444529,-0.24129906,0.044757051,-0.112377558,0.010531958,0.035232885,0.997781425,-0.264904069,0.132324738,-0.077745835,49132.51432958,52505.327021494,54516.259979529,53616.464176049,-0.952958825,0.449402407,0.926305657,-0.443601718,-1.032616119,0.019585527,0.131062992,-0.015738951,-0.003413171,4.130778102,-6.568423876,0.571856158,0.035695468,0.05743196,0.002919284,0.99767328,-0.983870977,-0.176064155,1.029501036,0.0,0.0,0.0,0.86058265,0.0,3.621114492
1772729832.2437956,-0.963402,0.431665,0.927115,0.03121772,0.06048295,-0.00157066,0.99767971,0.062599,0.121079,0.000647,-0.464815303,-0.978802526,0.027159777,-0.258338041,0.076058008,-0.112521156,0.012691864,0.057536163,1.001505711,-0.203935694,0.084798018,-0.061323908,48398.043870566,53022.912207011,55118.086185439,53374.813627878,-0.964494469,0.426676232,0.927063497,-0.409401188,-1.014561072,0.017042324,0.132285697,0.001395622,-0.000517542,3.812488207,-6.708492671,0.461671503,0.032971233,0.058610235,0.002073493,0.99772631,-0.980495114,-0.196482437,1.030191135,0.0,0.0,0.0,0.86058265,0.0,3.621114492
1772729832.2537963,-0.968039,0.421907,0.927414,0.03015051,0.0611011,-0.00161024,0.9976748,0.060452,0.12232,0.000475,-0.457561917,-0.981739942,0.029061353,-0.23178697,0.124707932,-0.09314517,0.012742156,0.072760948,1.00451205,-0.132844467,0.036058516,-0.048603014,48080.131762909,53758.902132409,55415.460083417,52804.960523997,-0.971740676,0.411989022,0.92752819,-0.387429974,-1.006556519,0.016001251,0.128756538,0.004491184,-0.000979435,3.709654812,-6.721279616,0.432675907,0.032090062,0.058711766,0.001870053,0.997734789,-0.978357132,-0.206869256,1.030544656,0.0,0.0,0.0,0.86058265,0.0,3.621114492
1772729832.2637968,-0.972522,0.412038,0.927653,0.0279271,0.06139382,-0.00264517,0.99771934,0.055853,0.122965,-0.001863,-0.44878753,-0.985062109,0.029917705,-0.156506202,0.211082993,-0.044079581,0.006936173,0.068332521,1.005524708,-0.033668113,-0.016036812,-0.04615898,48049.768293102,53824.49809429,55346.367544552,52945.788586341,-0.97680741,0.400606859,0.927854681,-0.37357518,-1.0089054,0.015527196,0.130805999,-0.011719585,-0.000948033,3.61030972,-6.732113612,0.405584069,0.031238406,0.05879695,0.001682012,0.997769783,-0.975571797,-0.219251254,1.030967747,0.0,0.0,0.0,0.86058265,0.0,3.621114492
1772729832.2737963,-0.976808,0.402043,0.927938,0.02731201,0.06123921,-0.00310548,0.99774454,0.054557,0.122679,-0.002873,-0.437933265,-0.990681578,0.030504128,-0.036165589,0.261485214,0.010238514,0.001178307,0.063787561,1.006386694,0.063041,-0.063873128,-0.043320618,48922.476337616,54366.895722882,54759.654252724,52167.541356318,-0.98408955,0.383138002,0.928373537,-0.361091139,-1.02190262,0.01619334,0.118884721,-0.004728031,0.000325759,3.607121986,-6.69282017,0.369626123,0.031230698,0.058444768,0.001381465,0.997807355,-0.97255136,-0.232321149,1.031414892,0.0,0.0,0.0,0.86058265,0.0,3.621114492
1772729832.2837963,-0.981424,0.392338,0.928341,0.0283758,0.06462969,-0.00188387,0.99750402,0.056872,0.129405,-9.1e-05,-0.428796679,-0.995645511,0.030550884,0.083183063,0.290361509,0.061597314,-0.003531289,0.056664019,1.003929192,0.105571535,-0.01792894,-0.031783825,49618.959716459,54794.151328789,54339.444477376,51564.767832444,-0.990194158,0.368075516,0.92878058,-0.350653672,-1.034507687,0.017026061,0.120781129,-0.015448844,0.007700047,3.646116246,-6.631533322,0.329775577,0.031593212,0.057900692,0.001031538,0.997820891,-0.969590165,-0.244680897,1.031838556,0.0,0.0,0.0,0.86058265,0.0,3.621114492
1772729832.2937963,-0.985562,0.382218,0.928653,0.02899966,0.06554684,-0.00177511,0.99742643,0.05815,0.131236,0.000263,-0.417547795,-1.00287042,0.030634217,0.165892253,0.237078978,0.064293748,-0.008240885,0.049540477,1.00147169,0.148102069,0.028015248,-0.020247032,49855.851243421,54159.305761895,54219.157022773,52101.191283399,-0.99652931,0.351631688,0.929264603,-0.338146593,-1.048090119,0.018643985,0.124145032,-0.019385601,0.008135512,3.776780261,-6.567532088,0.293216153,0.032751915,0.057334068,0.000665682,0.997819801,-0.966087158,-0.258199854,1.032304077,0.0,0.0,0.0,0.86058265,0.0,3.621114492
1772729832.3037963,-0.989634,0.37222,0.928839,0.03035392,0.06729945,-0.00107214,0.99727041,0.060988,0.134704,0.001965,-0.406587567,-1.009080197,0.030262189,0.20303624,0.130561918,0.033868738,0.004704073,0.043628307,1.009434674,0.091786762,0.078531437,-0.013258123,49989.116363922,53334.087131098,54147.398880965,52815.843797736,-1.002145393,0.336436264,0.929705905,-0.324941257,-1.05811521,0.018751022,0.127247909,-0.008794003,0.002841499,3.910802315,-6.558663629,0.272119782,0.033929796,0.057251361,0.000417529,0.99779214,-0.962182305,-0.272363438,1.032793834,0.0,0.0,0.0,0.86058265,0.0,3.621114492
1772729832.313796,-0.993638,0.362025,0.929224,0.03087605,0.06691035,-0.0014879,0.99728003,0.06198,0.133949,0.001175,-0.395981147,-1.014784223,0.02928643,0.1804208,0.009528195,-0.019445476,0.011329927,0.062579055,1.002536234,-0.039384458,0.14851939,-0.019503674,50080.786338364,52542.799287554,54102.14576263,53510.913736251,-1.007386879,0.321771942,0.930134918,-0.311541042,-1.066817421,0.019077927,0.130350712,0.001797342,-0.002452388,3.990640715,-6.616977193,0.260587201,0.034628561,0.057755895,0.000259464,0.997701305,-0.958408329,-0.285365849,1.033245145,0.0,0.0,0.0,0.86058265,0.0,3.620836796
1772729832.323796,-0.997578,0.351899,0.929475,0.03157446,0.06656922,-0.00178306,0.99728051,0.063344,0.133283,0.000653,-0.385916161,-1.01927943,0.028914111,0.162100962,-0.068882854,-0.049218531,0.011991232,0.059591079,0.994803865,-0.145834001,0.175577219,-0.033116435,49016.078923218,52785.49923524,54792.224439372,53581.460879591,-1.011170774,0.310886099,0.930440369,-0.301438851,-1.0727623,0.01858764,0.128861809,-0.005401978,-0.009950572,3.987314824,-6.690781945,0.251849172,0.034601305,0.05839585,0.000162691,0.99770283,-0.955176183,-0.29601511,1.03361616,0.0,0.0,0.0,0.86058265,0.0,3.620465328
1772729832.3337963,-1.001356,0.341622,0.929801,0.03232223,0.0653877,-0.00254696,0.99733306,0.064738,0.130965,-0.000861,-0.37953828,-1.020019834,0.029333128,0.159080239,-0.052619083,-0.037310028,0.010583416,0.054424682,0.992960457,-0.191000666,0.179336762,-0.038732879,49474.096862217,53797.693072835,54478.52644429,52591.716094235,-1.013186279,0.304864607,0.930598778,-0.295751323,-1.075880504,0.017929018,0.127947877,-0.011199203,-0.011024934,3.943642981,-6.758119663,0.241997909,0.034223658,0.058979109,7.8889e-05,0.997678429,-0.954108885,-0.299433557,1.033735526,0.0,0.0,0.0,0.86058265,0.0,3.62009385
1772729832.3437967,-1.005153,0.331485,0.930076,0.03314622,0.06589913,-0.00260588,0.9972722,0.066394,0.131994,-0.000836,-0.370317486,-1.022883726,0.029052767,0.128550654,-0.009634859,-0.031960199,0.009981788,0.055349175,0.994784587,-0.209183201,0.184062663,-0.037282181,49374.36540088,53477.972303044,54565.317358071,52925.492976026,-1.014967751,0.299508112,0.93073831,-0.290672845,-1.078630099,0.017340633,0.12795213,-0.013753195,-0.009318581,3.919381594,-6.779167689,0.237586706,0.034013972,0.059161052,4.6783e-05,0.997674962,-0.953400095,-0.301668418,1.033813656,0.0,0.0,0.0,0.86058265,0.0,3.619722364
1772729832.3537967,-1.008832,0.32125,0.930364,0.03378249,0.0664022,-0.00219448,0.99721847,0.067735,0.132975,0.000111,-0.360626199,-1.024710748,0.027644471,0.089918617,0.05665905,-0.011854974,0.00938019,0.056273623,0.99660863,-0.227364868,0.188788338,-0.035831553,49274.638694887,53158.266778015,54652.104133533,53259.25394284,-1.015869025,0.296713123,0.9308088,-0.287955615,-1.080004962,0.017286266,0.127956382,-0.016307066,-0.00761231,3.895121364,-6.800214711,0.233175714,0.033804295,0.059342987,1.4678e-05,0.997671495,-0.952691338,-0.303903174,1.033891782,0.0,0.0,0.0,0.86058265,0.0,3.619350895
1772729832.3637967,-1.012354,0.310969,0.930634,0.03417501,0.06687306,-0.0023539,0.99717327,0.068509,0.133929,-0.000125,-0.350425509,-1.028802341,0.027504416,0.016919972,0.103023513,0.002175247,0.008778591,0.057198072,0.998432672,-0.245546536,0.193514013,-0.034380924,49174.911988894,52838.561252985,54738.890908994,53593.014909654,-1.016770299,0.293918134,0.93087929,-0.285238384,-1.081379826,0.017231898,0.127960634,-0.018860936,-0.005906039,3.870861134,-6.821261733,0.228764722,0.033594618,0.059524922,-1.7427e-05,0.997668028,-0.951982581,-0.306137929,1.033969908,0.0,0.0,0.0,0.86058265,0.0,3.618979427
1772729832.3737967,-1.015797,0.300663,0.930901,0.03400721,0.066891,-0.0026024,0.99717718,0.068137,0.133982,-0.000646,-0.340106463,-1.032245856,0.027383437,-0.082753622,0.14988575,-0.005623974,0.008176992,0.058122521,1.000256715,-0.263728203,0.198239688,-0.032930295,49075.1852829,52518.855727956,54825.677684456,53926.775876467,-1.017671573,0.291123146,0.930949781,-0.282521154,-1.082754689,0.01717753,0.128014367,-0.017401053,-0.003483632,3.845147813,-6.843265211,0.224188234,0.033372349,0.05971514,-5.0468e-05,0.997664562,-0.95092548,-0.309390011,1.034083883,0.0,0.0,0.0,0.86058265,0.0,3.618607958
1772729832.3837972,-1.019165,0.290323,0.931198,0.03309118,0.06811131,-0.00273307,0.99712504,0.066284,0.136435,-0.000951,-0.329163523,-1.03645973,0.027719315,-0.18749869,0.185766375,-0.028389161,0.007575365,0.059047014,1.002080845,-0.281910738,0.202965589,-0.031479597,48939.20856169,52660.397076344,54945.571459652,53792.553619345,-1.018763789,0.287682484,0.931039535,-0.27914823,-1.084392666,0.017176536,0.128152867,-0.009065205,0.000165691,3.790638342,-6.884223195,0.216332008,0.03290053,0.060069526,-0.000102066,0.997659196,-0.949624636,-0.313353944,1.034222941,0.0,0.0,0.0,0.86058265,0.0,3.618236471
1772729832.3937976,-1.022402,0.279944,0.931452,0.03221896,0.0685805,-0.00249957,0.99712206,0.064562,0.137359,-0.000571,-0.319388494,-1.039335937,0.028111662,-0.288312359,0.198942384,-0.039619337,0.006973738,0.059971507,1.003904974,-0.300093272,0.20769149,-0.0300289,48773.206779731,53184.0414409,55092.887177149,53270.647493344,-1.020131346,0.283310726,0.931157072,-0.274829748,-1.086410052,0.017252529,0.128291367,-0.000729358,0.003815014,3.73612887,-6.925181178,0.208475782,0.032428711,0.060423913,-0.000153665,0.997652989,-0.948086924,-0.317991227,1.034385797,0.0,0.0,0.0,0.86058265,0.0,3.617864985
1772729832.403798,-1.025538,0.269509,0.931729,0.03056281,0.07028636,-0.00223018,0.99705605,0.061276,0.14076,-0.000152,-0.309809561,-1.041250099,0.027660866,-0.351752696,0.223661947,-0.033146783,0.006372111,0.060896,1.005729104,-0.318275807,0.21241739,-0.028578202,48519.2221261,53533.626125897,55293.436364562,52939.684138212,-1.02155635,0.278743524,0.931279453,-0.270312747,-1.088505637,0.017324557,0.130439741,0.002695112,-0.001137179,3.611278755,-7.009103946,0.196394761,0.031345474,0.061151402,-0.000215845,0.99764363,-0.945543372,-0.325487824,1.034649708,0.0,0.0,0.0,0.86058265,0.0,3.617493499
1772729832.4137983,-1.028593,0.259122,0.932052,0.0283496,0.07160096,-0.00284886,0.99702632,0.056735,0.143429,-0.001638,-0.299856619,-1.043728424,0.027982991,-0.383197869,0.216241128,-0.038024401,0.007164833,0.044625167,1.00894023,-0.337742648,0.184648237,-0.034878102,48344.131580623,53249.370042651,55407.055721773,53282.797165107,-1.024969675,0.267356648,0.931571384,-0.258839458,-1.093283706,0.0173089,0.13074631,-0.0149514,-0.000238907,3.426357819,-7.120354473,0.181883589,0.029739916,0.062116461,-0.000272596,0.997631863,-0.942096219,-0.335340128,1.034997659,0.0,0.0,0.0,0.86058265,0.0,3.617122021
1772729832.4237983,-1.03153,0.248651,0.932294,0.02648846,0.07245408,-0.00272946,0.99701621,0.053005,0.145129,-0.001621,-0.289801151,-1.04594653,0.02791038,-0.37675091,0.207262442,-0.045202748,0.009059917,0.044413795,1.008056181,-0.329150747,0.157066898,-0.039832557,48812.489702648,52981.741437916,55042.334513982,53598.332285984,-1.027870612,0.257307633,0.931836283,-0.248512806,-1.097166137,0.017677791,0.137980826,-0.011980759,0.000898248,3.222159749,-7.222211162,0.16560548,0.027968119,0.062999667,-0.000328679,0.997626852,-0.938786915,-0.344492439,1.035322054,0.0,0.0,0.0,0.86058265,0.0,3.616750552
1772729832.4337993,-1.034386,0.23817,0.932591,0.02450657,0.07240451,-0.00271404,0.99707053,0.04901,0.145026,-0.001883,-0.278952947,-1.049338957,0.028238994,-0.347420803,0.181828824,-0.033606834,-0.00217508,0.058020707,1.009098978,-0.278499187,0.134421353,-0.037159688,48696.995964829,53586.028520188,55124.604677809,53000.580740778,-1.031234653,0.245213132,0.932179986,-0.235924061,-1.101182571,0.018129973,0.125682188,0.004319023,0.002647217,3.007618203,-7.31288298,0.144545552,0.026109563,0.063784787,-0.000414946,0.997627258,-0.934947048,-0.354779526,1.035688107,0.0,0.0,0.0,0.86058265,0.0,3.616379048
1772729832.4437988,-1.037137,0.227719,0.932832,0.02330194,0.0745323,-0.00255506,0.99694304,0.046616,0.149282,-0.001639,-0.268276888,-1.053414427,0.029152398,-0.298918624,0.149669646,-0.021448047,0.004094309,0.048869115,1.015678474,-0.218524927,0.119284867,-0.022046274,48721.263894442,53764.590830335,55243.880803234,52674.62521658,-1.034059592,0.234626487,0.932461603,-0.224785649,-1.104337272,0.018691514,0.131118582,0.002297608,0.005029555,2.818858094,-7.388436229,0.123789649,0.024475995,0.064438701,-0.000506912,0.997627179,-0.931047642,-0.364881408,1.036049013,0.0,0.0,0.0,0.86058265,0.0,3.616007597
1772729832.4537983,-1.039761,0.217108,0.933198,0.02163968,0.07465996,-0.00280035,0.9969703,0.043226,0.149546,-0.002379,-0.256971341,-1.05801484,0.03082029,-0.245277433,0.089684574,-0.019062313,0.006448321,0.049780362,1.021188635,-0.191177004,0.110597037,-0.01072665,48934.784977208,53730.123653759,55127.417597555,52642.0943245,-1.03660134,0.224766674,0.932734338,-0.214307463,-1.106984446,0.019739542,0.140307406,-4.9963e-05,0.013271274,2.670486948,-7.448842912,0.11021025,0.023190597,0.064962434,-0.000554056,0.99762449,-0.927674245,-0.373384173,1.036353902,0.0,0.0,0.0,0.86058265,0.0,3.615835905
1772729832.4637983,-1.042259,0.20655,0.933448,0.0207049,0.07573781,-0.0027117,0.99690909,0.041358,0.151701,-0.002297,-0.246325293,-1.060444329,0.031927303,-0.209074098,0.070413146,-0.03011067,-0.000272518,0.056184291,1.008774592,-0.173661162,0.099660233,-0.001966463,49115.001028571,53715.506057143,54968.239771429,52618.025714286,-1.039044533,0.214937751,0.932999799,-0.203773278,-1.109342142,0.020841335,0.132653351,0.00931113,0.000891871,2.559607588,-7.496494117,0.103597327,0.022228052,0.065376493,-0.000558072,0.997619269,-0.924141611,-0.382047442,1.036665861,0.0,0.0,0.0,0.86058265,0.0,3.615835905
1772729832.4737997,-1.044646,0.19588,0.933794,0.01960301,0.07513559,-0.00247281,0.99697756,0.039168,0.150481,-0.002008,-0.235513434,-1.062304296,0.031079925,-0.175261149,0.069428369,-0.015361583,-0.001876336,0.049181274,1.005741467,-0.172373139,0.110068535,-0.005133343,49058.240694607,53931.901670574,54954.075249121,52376.246776084,-1.041271106,0.205560864,0.933294166,-0.193846518,-1.111505692,0.021020792,0.130071741,0.007548682,-0.000943375,2.458538154,-7.543658527,0.099194876,0.021349728,0.06578674,-0.000547589,0.997612013,-0.920669027,-0.390331635,1.036965256,0.0,0.0,0.0,0.86058265,0.0,3.615835905
1772729832.4837992,-1.047005,0.185263,0.934148,0.01873936,0.07567437,-0.00297289,0.99695205,0.037351,0.151579,-0.003127,-0.225318513,-1.063258396,0.031337054,-0.161353301,0.056977176,-0.010838903,0.002386142,0.05648219,1.006427763,-0.170446342,0.116078403,-0.016703533,48728.534787548,53454.627675528,55208.126925699,52897.849761418,-1.043617306,0.195174122,0.933579163,-0.182716668,-1.113661123,0.021167319,0.137424338,0.014235277,-0.000782782,2.354531661,-7.597202217,0.094268256,0.020446077,0.066252471,-0.000540381,0.997600022,-0.916717951,-0.399521935,1.037298745,0.0,0.0,0.0,0.86058265,0.0,3.615835905
1772729832.4937994,-1.049163,0.174629,0.934443,0.01826864,0.07494884,-0.0029921,0.99701553,0.036397,0.150123,-0.003265,-0.215771709,-1.062636678,0.030910441,-0.147474414,0.066408699,-0.015618001,0.005438088,0.068405276,1.002533486,-0.164076954,0.100616957,-0.031878682,48719.953951657,53051.46655889,55038.977705927,53489.316497614,-1.045858287,0.184695766,0.93389461,-0.171483387,-1.115775517,0.021279399,0.140121309,0.030563573,-0.004429795,2.25279173,-7.652360309,0.085945573,0.019564187,0.066731701,-0.000563486,0.997586164,-0.912873813,-0.408225429,1.037615907,0.0,0.0,0.0,0.86058265,0.0,3.615835905
1772729832.5038,-1.051299,0.16406,0.934696,0.01723907,0.07727985,-0.00265943,0.99685684,0.034376,0.154783,-0.00267,-0.205470262,-1.062855365,0.031691813,-0.157656447,0.038149725,-0.033629797,0.004774544,0.058777364,1.003840178,-0.162702593,0.080541642,-0.040723318,48585.034891053,53088.188070716,55105.637590789,53490.27394381,-1.0480217,0.174256927,0.93422415,-0.160428005,-1.117628562,0.020900493,0.139752243,0.021768754,-0.004194568,2.143128368,-7.707229369,0.068677649,0.01861868,0.067207091,-0.000658907,0.997572047,-0.908929544,-0.416930378,1.037934428,0.0,0.0,0.0,0.86058265,0.0,3.615835905
1772729832.5137997,-1.053267,0.153386,0.935006,0.01662607,0.07710091,-0.0025589,0.99688138,0.033154,0.154419,-0.002569,-0.193813141,-1.062986018,0.031524408,-0.171246217,0.014717802,-0.054110356,0.001797971,0.047278883,1.008239295,-0.185672569,0.068853817,-0.039919062,48438.702273572,52908.767642985,55227.986182899,53685.680433093,-1.05023789,0.16298518,0.934559717,-0.148315842,-1.119355424,0.021000658,0.138274456,0.011025183,0.000473302,2.042918436,-7.74751967,0.04765113,0.017758063,0.067555128,-0.000789473,0.997563432,-0.904050252,-0.427420887,1.038320055,0.0,0.0,0.0,0.86058265,0.0,3.615835905
1772729832.5238,-1.05518,0.142739,0.935411,0.01549894,0.0763489,-0.0032743,0.99695532,0.030767,0.15293,-0.004211,-0.182167909,-1.064268012,0.031469805,-0.185183308,-0.024999056,-0.072858286,-0.000708311,0.050635924,1.004843043,-0.203608523,0.073200978,-0.03219932,48295.587378805,52701.888686193,55349.846390325,53889.016941995,-1.050627358,0.163380371,0.934609312,-0.149635118,-1.117920136,0.021151043,0.134996752,0.018022322,-0.00458553,1.953347494,-7.776290661,0.028764752,0.016989083,0.067803363,-0.000905404,0.997559852,-0.900959332,-0.433877507,1.038558683,0.0,0.0,0.0,0.86058265,0.0,3.615835905
1772729832.5338,-1.056968,0.132135,0.93568,0.01469907,0.07598277,-0.00362758,0.99699418,0.029099,0.152202,-0.005058,-0.171612343,-1.064509349,0.032013939,-0.193859015,-0.033293822,-0.094525603,-0.002838839,0.052662921,1.002711166,-0.209978942,0.084074195,-0.024097417,48594.916953519,53172.814162932,55127.541534065,53446.924963738,-1.052651965,0.151072946,0.934914793,-0.135990916,-1.119957613,0.020678339,0.131865007,0.01995872,-0.006378421,1.83681249,-7.807184672,0.009059611,0.015985947,0.068070444,-0.001012302,0.997557968,-0.89745631,-0.44107561,1.038825533,0.0,0.0,0.0,0.86058265,0.0,3.615835905
1772729832.5438,-1.058578,0.121467,0.936014,0.01349575,0.07604928,-0.00391494,0.99700504,0.026627,0.152337,-0.005821,-0.159956912,-1.064429084,0.030785461,-0.191162616,0.009267224,-0.078816426,-0.004403001,0.044195518,1.010869641,-0.200402089,0.105365179,-0.019183572,48876.586237152,53626.291865129,54974.444722988,52960.375219353,-1.054318373,0.141911825,0.935194121,-0.126173982,-1.121033411,0.020525751,0.131955702,0.014949824,-0.000378,1.721279314,-7.843265403,-0.006442099,0.014989106,0.068383521,-0.001083272,0.997552802,-0.893594913,-0.448848946,1.039114855,0.0,0.0,0.0,0.86058265,0.0,3.615835905
1772729832.5538008,-1.060102,0.110813,0.936292,0.01252324,0.07637296,-0.00433067,0.99699127,0.024599,0.152991,-0.006802,-0.148924112,-1.063873878,0.029737286,-0.198371579,0.116476696,-0.052759573,-0.001257847,0.047279393,1.015764512,-0.194022067,0.134582709,-0.017728746,48930.708829864,53633.391313711,54961.333991386,52936.63207107,-1.055375588,0.136525947,0.935410491,-0.120693447,-1.120846031,0.021081487,0.138939231,0.01873969,0.007195753,1.605020765,-7.887924933,-0.01992568,0.013984787,0.068771702,-0.001136673,0.997542642,-0.889899705,-0.456142689,1.039387416,0.0,0.0,0.0,0.86058265,0.0,3.615835905
1772729832.5638008,-1.061586,0.100176,0.936575,0.01176804,0.07705702,-0.00440079,0.99694752,0.023062,0.154359,-0.007045,-0.137094595,-1.064952006,0.029666637,-0.171420676,0.134748218,-0.044542842,1.8394e-05,0.062621565,1.015920298,-0.190059557,0.129235958,-0.018867266,48863.107034551,53412.313447676,54975.298931146,53183.273328362,-1.057627827,0.119280558,0.93582442,-0.100777251,-1.123529198,0.021813583,0.141892168,0.035763943,0.004363347,1.487915612,-7.945366769,-0.032242391,0.012972457,0.069271466,-0.001180037,0.997524723,-0.886237488,-0.46322495,1.039653218,0.0,0.0,0.0,0.86058265,0.0,3.615835905
1772729832.573801,-1.06293,0.089574,0.936926,0.01072961,0.07783889,-0.00435302,0.99689871,0.020971,0.155919,-0.007095,-0.12836269,-1.062436852,0.030870775,-0.153683869,0.111049333,-0.034555701,-0.002358378,0.065103571,1.015190227,-0.151365467,0.131598135,-0.018435449,48715.244064297,53565.438578381,55051.863736912,52988.829523669,-1.058297647,0.118637574,0.935963009,-0.100441198,-1.119430395,0.022237634,0.139345355,0.04554602,0.006868532,1.361776184,-8.011712292,-0.04567544,0.011882286,0.069848865,-0.001227582,0.997496088,-0.881582969,-0.472023788,1.039984996,0.0,0.0,0.0,0.86058265,0.0,3.615835905
1772729832.5838013,-1.064103,0.078922,0.937171,0.01000322,0.07926343,-0.00413328,0.99679494,0.019534,0.158768,-0.006739,-0.118928357,-1.060363715,0.031760151,-0.144193703,0.077470982,-0.017630605,-0.003073461,0.05739829,1.011132849,-0.144385567,0.110929478,-0.018829703,48286.873039387,53671.98335657,55345.886066574,52871.087399791,-1.060492674,0.098892566,0.93645443,-0.07698537,-1.120587562,0.023033273,0.141378724,0.033898236,0.002584912,1.243390644,-8.076261199,-0.059736123,0.010860199,0.070410633,-0.001283937,0.997467877,-0.876931925,-0.48060696,1.040310393,0.0,0.0,0.0,0.86058265,0.0,3.615835905
1772729832.5938015,-1.065231,0.068288,0.937546,0.0091826,0.07882546,-0.00471639,0.99683498,0.017786,0.157894,-0.008056,-0.10826473,-1.05935035,0.032124662,-0.151559089,0.071343937,0.007651077,-0.002066031,0.066697221,1.005517379,-0.142180709,0.081554141,-0.019312067,48479.707509539,53587.489030524,55144.969866459,53013.555064169,-1.061019192,0.099511651,0.936512065,-0.078869058,-1.118311296,0.023197993,0.140295022,0.04663601,-0.004642339,1.149599985,-8.127396369,-0.072081217,0.01005134,0.070855677,-0.001338255,0.99744397,-0.872562508,-0.488486922,1.040610764,0.0,0.0,0.0,0.86058265,0.0,3.615835905
1772729832.6038022,-1.066256,0.057688,0.937846,0.00911019,0.07815133,-0.00490465,0.99688782,0.017613,0.156544,-0.008458,-0.096731075,-1.059966765,0.031776487,-0.143455166,0.040941663,0.009874698,-0.000761891,0.064070881,1.005088233,-0.138632011,0.061648205,-0.018230134,48635.608238136,53706.30061827,55021.52778119,52911.834500266,-1.062839022,0.079082885,0.937031868,-0.054742332,-1.119748307,0.022477456,0.14136704,0.046287299,-0.00530687,1.058853748,-8.163853442,-0.084892639,0.009269401,0.071173009,-0.001396611,0.997427894,-0.867572859,-0.497295745,1.04094826,0.0,0.0,0.0,0.86058265,0.0,3.615835905
1772729832.6138024,-1.067303,0.04727,0.938176,0.00786367,0.07910823,-0.00393491,0.99682725,0.015246,0.158438,-0.006684,-0.084471429,-1.060498039,0.030797795,-0.128109011,0.071340763,0.027604343,0.001976666,0.048211406,1.008869823,-0.145762193,0.035784654,-0.022443354,47989.866764935,53991.388609098,55470.627236621,52709.181591123,-1.063422318,0.078244778,0.937107491,-0.054830558,-1.11815042,0.022536314,0.148187611,0.033303645,-0.001242207,0.964809306,-8.188972955,-0.099686666,0.008460067,0.071391693,-0.001468812,0.997418215,-0.863262147,-0.504735196,1.041234851,0.0,0.0,0.0,0.86058265,0.0,3.615835905
1772729832.623803,-1.06798,0.036513,0.938499,0.00701514,0.07984012,-0.00388625,0.99677542,0.013538,0.1599,-0.006713,-0.072722525,-1.060148233,0.030732333,-0.134009231,0.131873505,0.03760706,-0.001714697,0.044788993,1.008596247,-0.148628197,-0.005140665,-0.021831061,47794.971432619,53541.639767683,55644.78260459,53148.18880442,-1.064644027,0.061973718,0.9375357,-0.035686358,-1.118620411,0.022654307,0.142606623,0.031421712,-0.001623982,0.880920512,-8.202592589,-0.113204156,0.007738359,0.07151037,-0.001535142,0.997414128,-0.858535696,-0.512730796,1.041544406,0.0,0.0,0.0,0.86058265,0.0,3.615835905
1772729832.6338038,-1.068644,0.025915,0.938749,0.00652686,0.08066368,-0.0036402,0.99671336,0.012588,0.161546,-0.006285,-0.060631099,-1.059740754,0.030750534,-0.134889997,0.136770207,0.020994544,-0.00901228,0.046225439,1.005069231,-0.134301699,-0.047223888,-0.011510085,47690.621035941,53839.402940611,55813.809917355,52715.204689602,-1.065480886,0.056993546,0.937738565,-0.030891384,-1.117399996,0.022898644,0.135038157,0.032297598,-0.004001088,0.781206213,-8.192401656,-0.131745343,0.00688195,0.071421856,-0.001633718,0.997425346,-0.853486472,-0.521092042,1.041870007,0.0,0.0,0.0,0.86058265,0.0,3.615835905
1772729832.6438043,-1.069166,0.015275,0.939083,0.00638647,0.08006342,-0.00412151,0.99676079,0.012229,0.160347,-0.007287,-0.04938711,-1.058500485,0.031087093,-0.12774008,0.05506546,-0.020073397,-0.00306071,0.039569418,1.006295355,-0.11740923,-0.063834741,-0.012016206,48045.204067563,53428.967459497,55551.256394347,53195.751189245,-1.065902812,0.040810277,0.938088505,-0.011007997,-1.118769304,0.02218735,0.141656916,0.036970682,-0.002572286,0.628681511,-8.160288739,-0.143607252,0.005561449,0.071143836,-0.001640866,0.997440124,-0.848196052,-0.529659951,1.042205683,0.0,0.0,0.0,0.86058265,0.0,3.615835905
1772729832.6538043,-1.069609,0.004768,0.939378,0.00567186,0.0820208,-0.00344625,0.99660852,0.010887,0.164262,-0.00602,-0.038849668,-1.056433778,0.031673884,-0.108415236,-0.073647087,-0.055580473,-0.001960707,0.046030062,1.008735614,-0.108363302,-0.05409686,-0.013734246,47144.566627703,53365.789930701,55890.637513568,53740.871378475,-1.066934354,0.024558508,0.938556106,0.014499968,-1.059074438,0.019192458,0.14226849,0.051446078,-0.003816715,-0.454922353,-8.055963191,-0.176120863,-0.003852179,0.07024918,-0.001254351,0.997520092,-0.836000161,-0.548535157,1.042954801,0.0,0.0,0.0,0.86058265,0.0,3.615835905
1772729832.6638055,-1.070038,-0.005758,0.939745,0.00462328,0.08119632,-0.00396067,0.99667953,0.008687,0.162606,-0.00724,-0.029948436,-1.052966486,0.03168552,-0.101770061,-0.143469395,-0.049920554,-0.000930154,0.048742096,1.017071287,0.038516356,-0.06274556,0.032746542,46274.933697954,53515.082146974,56238.946245208,54047.206895627,-1.068225535,0.010461085,0.939035404,0.039034697,-0.976849587,0.015519883,0.139101873,0.057405007,0.007381494,-0.549734943,-7.99886007,-0.190632354,-0.004669653,0.069753725,-0.001325148,0.997549488,-0.822568829,-0.568473109,1.043756242,0.0,0.0,0.0,0.86058265,0.0,3.615835905
1772729832.6738057,-1.070233,-0.016316,0.940063,0.0045051,0.07883971,-0.00454128,0.99686678,0.00837,0.157881,-0.008449,-0.018149279,-1.054909106,0.03137874,-0.047394442,-0.146252806,-0.036506077,0.000256736,0.065064803,1.014791718,0.25323278,-0.067607655,0.069721472,47296.914738006,54373.447824316,55757.755407686,52973.125264322,-1.069806432,-0.010061471,0.93981923,0.048716093,-0.985643137,0.017028442,0.140970695,0.074945696,0.005240877,-0.536967431,-7.954956517,-0.184135143,-0.004563124,0.069371149,-0.001277866,0.997575396,-0.812885527,-0.582412291,1.044322001,0.0,0.0,0.0,0.86058265,0.0,3.615835905
1772729832.6838067,-1.070344,-0.026866,0.94032,0.00451468,0.07805332,-0.00450601,0.99692878,0.008401,0.156304,-0.008382,-0.007273414,-1.055987351,0.03143921,0.076976539,-0.177912826,0.005629817,0.001292179,0.067108397,1.010088601,0.382017955,-0.061396684,0.080327164,48709.621540788,54811.798336554,54954.862135596,52176.946433672,-1.069808233,-0.020116497,0.940074897,0.057947056,-0.99151683,0.017999585,0.139549686,0.072793128,0.000201461,-0.40045292,-7.92705813,-0.157305058,-0.003391322,0.069125952,-0.001127767,0.997598315,-0.808818859,-0.58803822,1.044553404,0.0,0.0,0.0,0.86058265,0.0,3.615835905
1772729832.6938066,-1.070361,-0.037435,0.940692,0.00491222,0.07710104,-0.00452541,0.99700091,0.009207,0.154397,-0.008366,0.002946992,-1.057342248,0.033899547,0.231103788,-0.266420755,0.046297349,0.002113515,0.057743479,1.007335127,0.477568231,-0.052961057,0.08773829,49905.576694951,55341.06311014,54334.685037386,51087.408031589,-1.069779225,-0.030129407,0.940362738,0.067623153,-0.996636661,0.018649857,0.13805799,0.062269103,-0.001709204,-0.239067252,-7.903664125,-0.132311415,-0.002001692,0.068920167,-0.001008007,0.997620726,-0.804534072,-0.593887113,1.044795104,0.0,0.0,0.0,0.86058265,0.0,3.615835905
1772729832.7038066,-1.070303,-0.047991,0.940962,0.00633766,0.07731585,-0.00390908,0.99697884,0.012179,0.154832,-0.006897,0.013375848,-1.057547396,0.035306794,0.393585683,-0.347383098,0.107604254,-0.00463795,0.0549416,1.009693543,0.621620284,-0.004773236,0.10130909,50425.34134349,55710.171768236,54200.523037858,50338.963850416,-1.069706042,-0.040613029,0.940666573,0.07811278,-1.001104242,0.018988664,0.137033295,0.048214123,6.8093e-05,0.059029347,-7.87182567,-0.088229017,0.000566798,0.068640449,-0.00080332,0.997638938,-0.799348266,-0.600852748,1.045084595,0.0,0.0,0.0,0.86058265,0.0,3.615835905
1772729832.7138069,-1.070076,-0.058655,0.941348,0.00914631,0.07602276,-0.00363532,0.99705751,0.017894,0.152252,-0.005927,0.023076207,-1.056872725,0.035561844,0.544676683,-0.430430268,0.148612098,-0.007922071,0.043797277,1.001200059,0.651022297,0.066314298,0.092628682,50822.933439756,55494.584883398,54014.492018323,50498.137076624,-1.069553923,-0.051215075,0.940982609,0.088957944,-1.004879115,0.019185244,0.128745001,0.03762621,-0.005351243,0.447718817,-7.853848867,-0.032341304,0.003917236,0.068482798,-0.000549069,0.997642637,-0.794442421,-0.607334814,1.045355566,0.0,0.0,0.0,0.86058265,0.0,3.615835905
1772729832.7238076,-1.069848,-0.069122,0.941764,0.01247221,0.07154203,-0.00299363,0.99735511,0.024706,0.14327,-0.00423,0.034238747,-1.056039799,0.034798887,0.656099071,-0.444077576,0.171334516,-0.007581168,0.043829218,1.001124505,0.653098274,0.064502625,0.092207704,51157.334561533,55175.001144165,53777.218748788,50864.77849746,-1.069405499,-0.058310277,0.94121269,0.096279671,-1.007236034,0.019353395,0.129550375,0.035666782,-0.00551925,0.593522368,-7.854784089,-0.012030062,0.005174433,0.068490996,-0.000459592,0.997638144,-0.793397046,-0.60868986,1.045412619,0.0,0.0,0.0,0.86058265,0.0,3.615835905
1772729832.733808,-1.069463,-0.079705,0.942136,0.01537495,0.06870073,-0.00266492,0.99751527,0.030601,0.137576,-0.003235,0.045210241,-1.05412144,0.031937832,0.706488777,-0.358046065,0.18010442,-0.007240273,0.043861158,1.001048952,0.655174201,0.062690995,0.091786736,51206.790714812,55088.615560641,53755.093627584,50952.628243416,-1.06935957,-0.060071229,0.941275888,0.098082643,-1.007786359,0.019364606,0.13035573,0.033707401,-0.005687252,0.659732697,-7.85993519,-0.003263688,0.005745583,0.068536119,-0.000423197,0.997632674,-0.792351697,-0.610044874,1.045469671,0.0,0.0,0.0,0.86058265,0.0,3.615835905
1772729832.7438087,-1.068888,-0.090266,0.942337,0.01942269,0.06733877,-0.00185228,0.99753938,0.038863,0.134826,-0.00109,0.055861553,-1.052548245,0.028967627,0.674655982,-0.187633906,0.176885472,-0.00689937,0.043893099,1.000973398,0.657250178,0.060879322,0.091365758,51256.248047163,55002.22791762,53732.967978901,51040.480083776,-1.06931364,-0.061832223,0.941339087,0.099885657,-1.008336697,0.019375817,0.131161104,0.031747973,-0.005855259,0.725944604,-7.865086414,0.005502896,0.006316746,0.068581243,-0.000386801,0.997627204,-0.791306322,-0.61139992,1.045526724,0.0,0.0,0.0,0.86058265,0.0,3.615835905
1772729832.75381,-1.068299,-0.100771,0.942604,0.02270699,0.06839729,-0.00104396,0.99739917,0.045595,0.136914,0.001033,0.067263176,-1.053808115,0.02553295,0.584143489,0.005182179,0.155358591,-0.006558451,0.043925041,1.00089784,0.659326253,0.059067562,0.090944759,51305.707737657,54915.836155606,53710.841275259,51128.336112943,-1.069267709,-0.063593301,0.94140229,0.101688757,-1.008887061,0.019387029,0.131966517,0.029788452,-0.006023274,0.792159669,-7.870237883,0.014269897,0.006887936,0.06862637,-0.000350403,0.997621733,-0.790260898,-0.61275503,1.04558378,0.0,0.0,0.0,0.86058265,0.0,3.615835905
1772729832.7638106,-1.067566,-0.111316,0.942922,0.0250642,0.06930408,-0.00062819,0.99728047,0.05041,0.138707,0.002243,0.071099271,-1.0531552,0.030224699,0.395658068,0.117827267,0.034209196,-0.006217549,0.043956982,1.000822286,0.66140223,0.057255889,0.090523781,51355.165070007,54829.448512586,53688.715626576,51216.187953303,-1.069221779,-0.065354295,0.941465489,0.103491772,-1.009437399,0.01939824,0.132771891,0.027829024,-0.006191281,0.858371577,-7.875389107,0.02303648,0.0074591,0.068671494,-0.000314006,0.997616263,-0.789215524,-0.614110076,1.045640833,0.0,0.0,0.0,0.86058265,0.0,3.615835905
1772729832.773811,-1.066752,-0.121827,0.943115,0.02720237,0.06923024,-0.00032024,0.99722971,0.054761,0.138537,0.003158,0.088537672,-1.056852368,0.02604274,0.202636633,0.104481125,0.009175965,-0.005909743,0.045999683,0.99964567,0.652521348,0.060306186,0.088897554,51404.621223287,54743.062929062,53666.590505372,51304.037699259,-1.06917585,-0.067115247,0.941528687,0.105294743,-1.009987724,0.019409451,0.133469486,0.029178516,-0.008088152,0.924581906,-7.880540208,0.031802854,0.008030249,0.068716617,-0.000277611,0.997610793,-0.786475486,-0.617602866,1.045788814,0.0,0.0,0.0,0.86058265,0.0,3.615835905
1772729832.7838118,-1.065785,-0.132456,0.943361,0.02771495,0.07023758,0.00012654,0.9971452,0.055869,0.140529,0.004187,0.119638129,-1.065854319,0.012853684,0.072488152,0.226811052,0.17904501,-0.005752897,0.057216265,0.993445565,0.593651253,0.085538459,0.081772452,51179.505082145,54629.660444501,53886.083082955,51439.372200558,-1.069055389,-0.070815135,0.941660463,0.109081765,-1.011212479,0.019367042,0.133977684,0.036344268,-0.013024015,1.189265601,-7.898831639,0.065394298,0.010314102,0.068878257,-0.000145712,0.997581351,-0.781929009,-0.62336054,1.046033359,0.0,0.0,0.0,0.86058265,0.0,3.615835905
1772729832.793812,-1.06465,-0.143149,0.943609,0.02749092,0.07052115,-5.495e-05,0.99713139,0.055395,0.141109,0.003806,0.151151018,-1.074663321,-0.004461407,0.035756374,0.485863782,0.478700086,-0.008522484,0.046687326,0.989209946,0.432370752,0.12343642,0.069450487,50597.771933541,54431.986351118,54447.252095754,51688.195079139,-1.068658488,-0.081036806,0.942006394,0.119553008,-1.014771044,0.018940796,0.130346928,0.021949549,-0.012280174,1.564362083,-7.935678951,0.113671127,0.013549777,0.06920381,4.4644e-05,0.997519911,-0.775854478,-0.630909839,1.046356339,0.0,0.0,0.0,0.86058265,0.0,3.615594797
1772729832.8038123,-1.063473,-0.153668,0.943847,0.02584023,0.07234575,0.00039471,0.99704474,0.052154,0.144748,0.004574,0.162375213,-1.072859298,-0.009662752,0.047830959,0.647528503,0.64891445,-0.013249025,0.040632647,0.994766334,0.281464373,0.111664701,0.05544459,50359.043084038,54017.25369683,54782.35976389,52144.3137589,-1.068046867,-0.0927237,0.942314344,0.131578655,-1.01926064,0.017364415,0.126663311,0.007407841,-0.011460672,1.823213753,-7.981412423,0.151009856,0.015779502,0.069606903,0.000206962,0.99745407,-0.76872944,-0.639566181,1.046730054,0.0,0.0,0.0,0.86058265,0.0,3.615074713
1772729832.8138127,-1.060765,-0.16481,0.943036,0.02800435,0.07572755,0.00751769,0.99670687,0.057651,0.15111,0.01945,0.154146806,-1.067549289,0.00329773,-0.026179753,0.606370056,0.545761296,-0.013067402,0.037865492,0.995111106,0.102016418,0.117578281,0.056213068,50029.956312025,53551.797582747,55218.009868603,52588.747962521,-1.067451212,-0.102556917,0.942567331,0.141736506,-1.023289153,0.016068343,0.122293443,0.013527089,-0.009109467,2.004667089,-8.030479285,0.184722243,0.017337256,0.070039265,0.00038278,0.997398265,-0.763002556,-0.646392058,1.047027019,0.0,0.0,0.0,0.86058265,0.0,3.614554616
1772729832.8238127,-1.059039,-0.175514,0.942973,0.02946604,0.0828654,0.01354763,0.9960329,0.061822,0.165023,0.032316,0.157493235,-1.066612031,0.011605605,-0.027537227,0.354252763,0.450766686,-0.011221413,0.035879289,0.99344711,-0.088034787,0.130959258,0.061894083,49347.115392598,53123.92583881,55960.75171221,52899.034936008,-1.06661194,-0.114285925,0.942869609,0.154016474,-1.028345809,0.014997657,0.127696807,0.004684743,-0.013713636,2.079560145,-8.086952149,0.219349056,0.017966378,0.070536401,0.000629491,0.997355975,-0.755922196,-0.654651552,1.0473897,0.0,0.0,0.0,0.86058265,0.0,3.614034544
1772729832.8338134,-1.058044,-0.185958,0.943358,0.02892064,0.08431367,0.01416578,0.99591874,0.060887,0.167908,0.033571,0.154984977,-1.064315079,0.025989127,-0.11902066,0.074718158,0.257819414,-0.00314531,0.040382435,0.997891365,-0.217849356,0.11889495,0.04988722,49114.886133097,52777.111959047,56236.539488846,53237.818262529,-1.065831468,-0.123918412,0.94308257,0.164113423,-1.03253673,0.013803601,0.140285889,0.004174833,-0.009428276,2.05724049,-8.138654495,0.250946425,0.017751112,0.070991108,0.000910181,0.997329146,-0.74959232,-0.661891487,1.047710281,0.0,0.0,0.0,0.86058265,0.0,3.613514435
1772729832.8438137,-1.057335,-0.196179,0.944279,0.02686881,0.0795565,0.00971361,0.99642083,0.055821,0.158687,0.023936,0.148836253,-1.059120998,0.041251205,-0.310246506,-0.128865761,-0.033955999,-0.004112074,0.057309761,1.001182639,-0.312804128,0.102402644,0.048999932,49200.453629129,52788.182348686,56249.448709911,53262.996865204,-1.065102072,-0.132050595,0.94326136,0.172706913,-1.036108892,0.012900627,0.141341469,0.028615118,-0.00553958,1.955895245,-8.179820063,0.280015734,0.016849715,0.071352346,0.001220252,0.997306835,-0.744538812,-0.667570636,1.047963688,0.0,0.0,0.0,0.86058265,0.0,3.612994351
1772729832.8538144,-1.05555,-0.207126,0.944807,0.02288274,0.07758874,0.00810315,0.99668987,0.047457,0.154912,0.019944,0.151390063,-1.055855611,0.049251407,-0.553596899,-0.096305229,-0.306451501,-0.006513352,0.062352151,0.999637903,-0.351113998,0.076375124,0.054628217,48983.701338631,52993.70228466,56631.137032307,52914.198476893,-1.063318582,-0.142408782,0.943386527,0.186567482,-1.039543653,0.011946182,0.137471052,0.032833475,-0.008674085,1.795225442,-8.213087888,0.307685065,0.015432963,0.071643297,0.001557045,0.997294532,-0.738407757,-0.67434191,1.048268121,0.0,0.0,0.0,0.86058265,0.0,3.612474242
1772729832.8638144,-1.052604,-0.218051,0.944359,0.0243885,0.07699749,0.0131495,0.99664621,0.051263,0.153438,0.030327,0.173273456,-1.060712977,0.042882364,-0.700180318,-0.032855839,-0.390821486,-0.005550814,0.055153864,0.999814594,-0.361318802,0.033802922,0.055953513,48722.905918654,52796.37832686,56981.282994591,53016.187769544,-1.062793053,-0.153463027,0.94373509,0.195914635,-1.044835301,0.011756022,0.137006818,0.027662014,-0.008139988,1.634567131,-8.246353334,0.335352416,0.014016312,0.071934226,0.001893813,0.997298984,-0.731674536,-0.681641306,1.04859918,0.0,0.0,0.0,0.86058265,0.0,3.61195417
1772729832.8738143,-1.051747,-0.228275,0.945268,0.0179446,0.0798053,0.00947287,0.99660392,0.037767,0.159403,0.022027,0.18898837,-1.061326964,0.038514605,-0.739843998,-0.020966287,-0.395175803,-0.004932114,0.053716113,1.003654924,-0.35727966,0.002367648,0.050791052,48914.287283471,53513.933522362,56963.294145679,52342.105625581,-1.060809097,-0.164148006,0.943435274,0.209681214,-1.049360312,0.008973665,0.140231358,0.026676677,-0.003184425,1.450296831,-8.2764283,0.366399591,0.012392094,0.072196839,0.002275609,0.99730774,-0.724319135,-0.68945545,1.048956919,0.0,0.0,0.0,0.86058265,0.0,3.611434098
1772729832.8838148,-1.050036,-0.238755,0.945693,0.01302287,0.08181605,0.00619986,0.99654307,0.027339,0.163634,0.014685,0.187400315,-1.05765165,0.045184037,-0.763484557,-0.154439023,-0.443552033,-0.005733409,0.057740368,1.007495351,-0.339132405,-0.011998595,0.043590185,49103.076695559,54117.416279834,56945.418148955,51792.623937066,-1.058812822,-0.175271884,0.943234091,0.223584919,-1.053380545,0.00688375,0.134341398,0.033186609,-0.002169925,1.218997107,-8.277742752,0.40527576,0.010354499,0.072207033,0.002759441,0.997324566,-0.717251416,-0.696806839,1.049296844,0.0,0.0,0.0,0.86058265,0.0,3.610914001
1772729832.8938155,-1.04778,-0.24954,0.946051,0.00926757,0.08175524,0.00353411,0.99660308,0.019309,0.163619,0.008676,0.211937848,-1.063225023,0.040921465,-0.705517626,-0.247320047,-0.500716206,-0.006534723,0.061764719,1.011335869,-0.320984718,-0.026365179,0.036389146,49277.112188309,54073.476625724,56928.186912049,51950.289754755,-1.057599194,-0.183753039,0.94330929,0.232927847,-1.055638509,0.006437057,0.129086906,0.033300211,-0.002532741,1.046845032,-8.249719156,0.433844798,0.008839275,0.071961146,0.003118773,0.997352225,-0.711481465,-0.702689711,1.049571473,0.0,0.0,0.0,0.86058265,0.0,3.61070665
1772729832.9038162,-1.045535,-0.260198,0.946455,0.00678147,0.07432167,0.00169204,0.99720983,0.013931,0.148754,0.004432,0.248785377,-1.068762616,0.021599787,-0.524013918,-0.300985903,-0.391216331,-0.007336036,0.06578907,1.015176388,-0.302837031,-0.040731764,0.029188108,49456.693683584,54779.023566325,56946.054438439,51104.39162697,-1.056351938,-0.194354066,0.943748839,0.24336359,-1.05757085,0.00719594,0.132224948,0.041781732,0.001923368,0.89602059,-8.208219274,0.454262721,0.007515353,0.071597187,0.003394164,0.997393522,-0.704574475,-0.709614676,1.049897541,0.0,0.0,0.0,0.86058265,0.0,3.611181906
1772729832.913816,-1.043073,-0.270787,0.946691,0.00526199,0.07160185,0.00137346,0.99741847,0.010804,0.14331,0.00353,0.301089953,-1.079604021,-0.004894624,-0.220237831,-0.184457331,-0.147884502,-0.009030176,0.074648536,1.016595622,-0.270364847,-0.05505397,0.014217418,49666.495871973,54285.329733355,56700.51883629,51642.173793391,-1.054907075,-0.204897375,0.944270852,0.253922849,-1.05962713,0.008685026,0.13489835,0.062519244,0.008227795,0.733108634,-8.149656913,0.469698162,0.006090048,0.071083393,0.003633759,0.997439689,-0.6974105,-0.716656723,1.050232371,0.0,0.0,0.0,0.86058265,0.0,3.611657116
1772729832.9238167,-1.040311,-0.281592,0.946891,0.00257142,0.07466291,0.00102723,0.99720499,0.005341,0.149459,0.00246,0.324379738,-1.072541874,-0.022814998,0.025166484,0.100944978,0.026578012,-0.009625485,0.076894983,1.015305105,-0.230606205,-0.060983285,-0.001768332,49549.774183317,54251.202346971,56655.313091174,51645.626182347,-1.053316217,-0.213058042,0.944395615,0.263383123,-1.061325419,0.009191316,0.13340511,0.0662128,0.0079919,0.608760685,-8.101461789,0.48240591,0.005001718,0.070660463,0.003823917,0.997473514,-0.691252728,-0.722558811,1.050516692,0.0,0.0,0.0,0.86058265,0.0,3.612132373
1772729832.9338171,-1.035626,-0.29271,0.945792,0.00409226,0.07946069,0.00138793,0.99682863,0.008486,0.159076,0.003461,0.319802189,-1.06165649,-0.018618588,0.153430619,0.365955047,0.149048035,-0.006759284,0.056792394,1.014488557,-0.210846542,-0.050514466,-0.002975001,49477.090571641,54226.420277866,56639.173910277,51605.95289002,-1.051732334,-0.22148807,0.94457987,0.272742929,-1.062618915,0.010021191,0.133797878,0.051165733,0.004878445,0.503606842,-8.068506807,0.487905698,0.004084306,0.070370244,0.003937935,0.997510399,-0.685476977,-0.728032733,1.050781974,0.0,0.0,0.0,0.86058265,0.0,3.612607617
1772729832.9438176,-1.033394,-0.302717,0.94585,0.00610646,0.07705626,0.00167094,0.99700665,0.012584,0.154242,0.004324,0.295598029,-1.051671982,0.006030853,0.12462841,0.415014972,0.163435751,-0.008525036,0.044187836,1.014557997,-0.201651934,-0.034896671,-0.010373403,49519.992329456,54165.036403647,56522.092926753,51643.008613644,-1.050173423,-0.231390534,0.945031536,0.282401357,-1.063289217,0.011800684,0.13448798,0.035168684,0.006516793,0.40063064,-8.025920949,0.489728445,0.003188462,0.069996022,0.004018394,0.997543402,-0.679576833,-0.733587218,1.051052115,0.0,0.0,0.0,0.86058265,0.0,3.613082862
1772729832.9538217,-1.029878,-0.313751,0.946131,0.00620929,0.08059868,0.00201793,0.99672525,0.012871,0.161344,0.00509,0.262848697,-1.040362647,0.039027135,-0.051653367,0.247866105,0.10987726,-0.02052712,0.045960989,1.008119826,-0.203938517,-0.012614368,-0.02421965,49716.875517741,54118.0,56292.814347799,51706.676337965,-1.048512861,-0.241139721,0.945450945,0.291961381,-1.063743529,0.013340277,0.117117553,0.041244389,0.001107332,0.30102825,-7.98941586,0.485519098,0.00232538,0.069674653,0.004043541,0.997563234,-0.672980784,-0.739593018,1.051349441,0.0,0.0,0.0,0.86058265,0.0,3.613558277
1772729832.9638214,-1.027795,-0.323474,0.946319,0.00752556,0.0815626,0.00494387,0.99662755,0.01602,0.163224,0.011232,0.239544226,-1.032248168,0.066671062,-0.294938739,0.089629367,-0.014218059,-0.019159391,0.051576936,1.009866209,-0.231234638,0.013653433,-0.035015699,49845.343654851,54046.514333314,56160.665479405,51810.323605446,-1.046709257,-0.250464067,0.945816573,0.301452656,-1.064312835,0.014579097,0.119455553,0.044955621,0.000373468,0.185089176,-7.962904389,0.472705406,0.001324863,0.069439607,0.004002967,0.99757477,-0.666387564,-0.745596242,1.051646641,0.0,0.0,0.0,0.86058265,0.0,3.614033487
1772729832.9738214,-1.026164,-0.33404,0.948037,0.00253351,0.0812157,0.00339719,0.99668754,0.005677,0.162592,0.007279,0.243664393,-1.034107125,0.079231233,-0.568571302,0.024385534,-0.159547942,-0.011461742,0.057794611,1.015504745,-0.268221711,0.041130356,-0.044080774,49460.882004058,53914.94222465,56292.353987826,52040.714609021,-1.044033371,-0.263170777,0.946288952,0.314320381,-1.064764409,0.015497356,0.128534636,0.056391017,0.006650721,0.041677596,-7.953246917,0.447798178,9.1824e-05,0.069350471,0.003873127,0.997583418,-0.656990817,-0.753889152,1.052064404,0.0,0.0,0.0,0.86058265,0.0,3.61450871
1772729832.9838212,-1.023323,-0.344474,0.948627,-0.00127609,0.08030603,0.0017177,0.99676796,-0.002298,0.160789,0.003261,0.282973308,-1.042699071,0.067051696,-0.711019832,0.029233743,-0.258561026,-0.011851714,0.070242355,1.007090088,-0.292406587,0.047459578,-0.057091969,49431.621417635,53951.728469783,56224.443862019,52006.621399622,-1.041803042,-0.27290667,0.946577134,0.324453816,-1.064893905,0.016185075,0.127878198,0.075311548,-0.001821548,-0.088017549,-7.956246334,0.423051886,-0.001022358,0.069372394,0.003736222,0.997582492,-0.649885744,-0.760025606,1.05237741,0.0,0.0,0.0,0.86058265,0.0,3.61498392
1772729832.9938211,-1.020095,-0.354815,0.948907,-0.0047543,0.08192513,0.00096222,0.99662668,-0.009446,0.164041,0.001154,0.31818622,-1.044317663,0.052549603,-0.727517372,-0.053466848,-0.269045698,-0.013117431,0.071759436,1.00636376,-0.311425452,0.044577105,-0.060779611,49306.173438486,53846.791777077,56265.705299685,52119.222039958,-1.03986506,-0.280796502,0.946773338,0.332933704,-1.065043197,0.016771813,0.118340095,0.079068392,-0.006852497,-0.233020979,-7.965788498,0.39426888,-0.002267533,0.069451274,0.003573609,0.997577096,-0.644152017,-0.764889163,1.052627961,0.0,0.0,0.0,0.86058265,0.0,3.615459142
1772729833.003821,-1.016607,-0.365307,0.949235,-0.00737059,0.08070119,-0.00077432,0.99671079,-0.015014,0.161562,-0.002769,0.354338702,-1.046840858,0.036156445,-0.638845057,-0.045189219,-0.223623431,-0.014623123,0.068727466,1.008977252,-0.328521939,0.038243668,-0.060606781,49173.091757387,54105.703732504,56342.853810264,51911.800933126,-1.036386046,-0.291930944,0.946482699,0.346748299,-1.064869519,0.014142029,0.125998045,0.062761587,-0.001413931,-0.41401266,-7.997501376,0.357702988,-0.003821749,0.069722844,0.003366044,0.997563286,-0.637102742,-0.770768463,1.052933981,0.0,0.0,0.0,0.86058265,0.0,3.615765174
1772729833.0138211,-1.012857,-0.375858,0.949608,-0.01081502,0.08040982,-0.00061313,0.99670303,-0.021943,0.16097,-0.003,0.36538815,-1.035271461,0.024825917,-0.471311088,-0.058101692,-0.106474013,-0.016128887,0.065695351,1.011590868,-0.34561924,0.03190993,-0.060433943,49278.861036867,53643.276667182,56495.495107243,52626.968544985,-1.032743824,-0.303389158,0.946160414,0.361100204,-1.064633433,0.011334914,0.131839358,0.056352001,0.009850463,-0.613241868,-8.032840182,0.323431836,-0.005536024,0.070026173,0.003190388,0.997526146,-0.628381643,-0.777899928,1.053309494,0.0,0.0,0.0,0.86058265,0.0,3.615423735
1772729833.023821,-1.009226,-0.386188,0.949969,-0.01326271,0.08109378,-0.00054642,0.99661808,-0.026881,0.162337,-0.003283,0.362819693,-1.028789482,0.032022078,-0.394857462,-0.025370783,-0.062638933,-0.017634615,0.062663308,1.014204422,-0.362716134,0.025576342,-0.06026111,49074.171360485,53708.79397747,56622.991767764,52758.157495667,-1.028977352,-0.314658623,0.946245198,0.375258638,-1.063737286,0.011931083,0.126842887,0.073849861,0.010912168,-0.809912768,-8.042827818,0.292348592,-0.007229221,0.070109729,0.003040586,0.997509722,-0.621227449,-0.78362169,1.053614856,0.0,0.0,0.0,0.86058265,0.0,3.615082305
1772729833.0338216,-1.005569,-0.396359,0.950236,-0.01465164,0.079968,-0.00022399,0.99668972,-0.029625,0.160083,-0.002826,0.36336678,-1.018507187,0.033057646,-0.300878536,-0.045692441,-0.06893046,-0.014700883,0.053068908,1.010666759,-0.355449813,0.02077672,-0.061970419,49332.572454135,54105.451475671,56421.367987237,52357.455463972,-1.025619449,-0.325345238,0.946413602,0.387871165,-1.062399418,0.012809988,0.126758313,0.075350843,0.00212076,-0.9878208,-8.046995816,0.262293926,-0.008759545,0.070143662,0.002888146,0.997494086,-0.612790643,-0.790240151,1.053972337,0.0,0.0,0.0,0.86058265,0.0,3.614740858
1772729833.043822,-1.002305,-0.406351,0.950562,-0.01549846,0.07937904,-0.00157454,0.99672277,-0.031548,0.158856,-0.005671,0.369063289,-1.009993659,0.032386686,-0.234434181,-0.042357254,-0.079693102,-0.016084154,0.050374829,1.007375964,-0.332739659,-0.002180223,-0.065408276,49203.333281199,54508.913868339,56471.226754461,51984.170746203,-1.024667601,-0.332597809,0.947074211,0.391379913,-1.05846167,0.015353025,0.123420451,0.074237718,0.000744357,-1.165791656,-8.051097165,0.23222369,-0.010290405,0.070177017,0.002735602,0.99747845,-0.606550004,-0.795032103,1.054234578,0.0,0.0,0.0,0.86058265,0.0,3.614399412
1772729833.0538225,-0.998403,-0.416548,0.950926,-0.01672201,0.08002716,-0.00147039,0.99665133,-0.034009,0.160153,-0.00568,0.381473849,-1.006955836,0.032951294,-0.188295095,-0.095827934,-0.105825718,-0.018653323,0.052248646,1.008376665,-0.297698429,-0.050520856,-0.069244332,48607.928502148,54623.045378966,56550.311971733,51675.027781627,-1.022716169,-0.341550083,0.947791931,0.39816448,-1.054933101,0.017754311,0.114097096,0.077499964,-0.000146409,-1.45861994,-7.976916487,0.187177364,-0.012811938,0.069529704,0.00250848,0.997499018,-0.591662044,-0.805572769,1.054842835,0.0,0.0,0.0,0.86058265,0.0,3.614057965
1772729833.0638225,-0.99438,-0.426666,0.951274,-0.01793109,0.08090185,-0.00162883,0.99655944,-0.036487,0.161895,-0.006229,0.398551604,-1.006171764,0.034651237,-0.175038953,-0.075834993,-0.078116453,-0.015421133,0.050945372,1.013360116,-0.23447797,-0.131291286,-0.073482652,39640.165402124,53169.908194234,59350.215477997,54987.776176024,-1.017448746,-0.358768678,0.948646815,0.369340131,-0.881886837,0.011277542,0.121112823,0.089669388,0.000718589,-3.473638993,-7.1436857,0.045990712,-0.030277711,0.062262556,0.002257493,0.997547091,-0.570892565,-0.820045784,1.055686883,0.0,0.0,0.0,0.86058265,0.0,3.613716535
1772729833.0738223,-0.990422,-0.436566,0.951561,-0.01822279,0.07800122,-0.00257396,0.99678338,-0.03719,0.156039,-0.008072,0.414698861,-1.004349015,0.036020625,-0.117312231,-0.012930078,-0.001669743,-0.027068324,0.050188022,1.009192688,-0.232787717,-0.165870383,-0.026286753,36544.779877077,53892.140071326,60525.08227736,55056.283658345,-1.00736543,-0.389855276,0.949909105,0.357762496,-0.770441328,0.008235799,0.094945879,0.124842005,-0.001372862,-3.966657639,-6.870686838,-0.032161251,-0.034529678,0.059895992,0.001793839,0.997597239,-0.550123582,-0.834518455,1.056530911,0.0,0.0,0.0,0.86058265,0.0,3.613375113
1772729833.0838223,-0.986118,-0.446742,0.951966,-0.0191087,0.07847091,-0.00194203,0.99673136,-0.038885,0.156999,-0.006956,0.427807479,-1.001493651,0.036942013,0.01306872,0.04958964,0.087727085,-0.026092309,0.04816345,1.011495079,-0.160931985,-0.146436041,0.003127025,40100.287711553,55211.444890405,59566.203937833,53071.262001918,-0.998696882,-0.414636714,0.950807795,0.375699465,-0.784711629,0.010565944,0.092659848,0.121012556,0.002285644,-4.074342545,-6.799634749,-0.051258424,-0.035458756,0.059281653,0.001661789,0.997613692,-0.534981103,-0.844850164,1.05714221,0.0,0.0,0.0,0.86058265,0.0,3.613033682
1772729833.0938225,-0.9818,-0.45675,0.952358,-0.01866747,0.07890294,-0.00154173,0.99670631,-0.037936,0.157884,-0.006095,0.435086099,-0.997986441,0.037644655,0.23071403,0.161213315,0.159177018,-0.026579479,0.055371486,1.019406753,0.096467719,-0.066089492,0.068753464,43981.459698052,55115.016964389,58184.919834044,52540.648334678,-0.993694634,-0.426835065,0.951178915,0.389863985,-0.786969261,0.011663573,0.092788636,0.125936005,0.00919035,-4.096265567,-6.73797275,-0.046510784,-0.035653404,0.058743021,0.001695317,0.997632226,-0.526500746,-0.850160319,1.057475756,0.0,0.0,0.0,0.86058265,0.0,3.612692244
1772729833.1038215,-0.977438,-0.466628,0.952741,-0.01698079,0.08110265,-0.0005339,0.99656095,-0.03439,0.162341,-0.003869,0.446081505,-0.997349941,0.040115345,0.481708561,0.251623998,0.220516969,-0.031515237,0.0556785,1.02400684,0.406307208,0.067809673,0.098993259,47361.896761825,55740.447487985,56633.934291042,51061.67718045,-0.988924487,-0.43833678,0.951547708,0.403904069,-0.78883679,0.013162811,0.090249578,0.126632349,0.012567147,-3.964883186,-6.728114898,-0.008602857,-0.034529184,0.058647715,0.001955042,0.99767973,-0.518368877,-0.855143434,1.057793642,0.0,0.0,0.0,0.86058265,0.0,3.612350846
1772729833.1138215,-0.972931,-0.476597,0.953122,-0.01359456,0.08158807,0.00070498,0.99657317,-0.027348,0.163362,-0.000824,0.456570948,-0.996271541,0.042838871,0.745673713,0.182943135,0.233471407,-0.029634393,0.057369408,1.026132994,0.65366474,0.195030759,0.107159464,49787.471901778,56426.367531377,55095.61193418,49772.14216002,-0.98468206,-0.448371113,0.951896965,0.41629715,-0.790069358,0.014945967,0.09737498,0.117059775,0.015456917,-3.694613579,-6.780375398,0.037460363,-0.032198911,0.059094401,0.002232196,0.997730493,-0.511498694,-0.859276009,1.058060885,0.0,0.0,0.0,0.86058265,0.0,3.612009416
1772729833.123822,-0.968316,-0.48658,0.953564,-0.00923163,0.08253461,0.00111829,0.99654481,-0.018468,0.165271,0.000715,0.465815907,-0.993731173,0.044547206,0.975094955,-0.089444437,0.192480521,-0.027753459,0.059060397,1.028259249,0.901034066,0.322257911,0.115326059,51388.647997111,56311.178136946,53873.100711004,49688.336363297,-0.980666518,-0.457580364,0.952251938,0.427861949,-0.790751147,0.017136238,0.094054733,0.11514363,0.019032713,-3.304871181,-6.900862264,0.082926698,-0.02882782,0.060139501,0.002456315,0.997765472,-0.502917611,-0.864326453,1.058392788,0.0,0.0,0.0,0.86058265,0.0,3.611667969
1772729833.1338224,-0.963588,-0.496532,0.953979,-0.00352548,0.0826698,0.00179392,0.99656914,-0.006824,0.16554,0.003034,0.477854729,-0.993949064,0.04581335,1.108594588,-0.396029482,0.146754244,-0.02541653,0.055568638,1.020670129,0.939814447,0.42550264,0.102599966,52476.588763401,55722.02922462,52965.351766303,50276.440685353,-0.975939021,-0.468164582,0.95267216,0.441302952,-0.791719762,0.019728554,0.105591115,0.097246582,0.013749828,-2.68755544,-7.134135879,0.140713834,-0.023482324,0.062171346,0.002682367,0.997781422,-0.494022522,-0.869440916,1.05873482,0.0,0.0,0.0,0.86058265,0.0,3.611326523
1772729833.1438227,-0.958736,-0.506468,0.954537,0.00189103,0.0794669,0.00159075,0.99683444,0.004074,0.159095,0.003516,0.488665598,-0.990346826,0.044901364,1.123697093,-0.609905108,0.101660199,-0.023021866,0.051420137,1.011849932,0.952158812,0.525705544,0.087226385,53112.13349015,55337.48368127,52436.439870626,50672.520141135,-0.971103793,-0.478728842,0.953108056,0.454943547,-0.793548972,0.021941112,0.104803741,0.077408796,-0.002915284,-2.05853753,-7.41366537,0.188361216,-0.018032113,0.064611661,0.002798513,0.997744675,-0.485073203,-0.874463858,1.059076953,0.0,0.0,0.0,0.86058265,0.0,3.610985084
1772729833.1538227,-0.953835,-0.516326,0.954961,0.00759742,0.07455252,0.00164172,0.9971868,0.015571,0.149214,0.004457,0.498984606,-0.985524502,0.042348661,1.013405676,-0.6367116,0.068237223,-0.021018397,0.047918019,1.003100288,0.927462156,0.601024381,0.071497024,53009.74526847,55024.412589373,52680.673769802,50992.503995514,-0.966256179,-0.48902572,0.953548258,0.468462506,-0.79580592,0.022892174,0.112052827,0.081664602,-0.001418723,-1.314746491,-7.800957309,0.23265957,-0.011584893,0.06799594,0.002802912,0.997608247,-0.475284118,-0.879801699,1.059448662,0.0,0.0,0.0,0.86058265,0.0,3.610643654
1772729833.163823,-0.948779,-0.526172,0.955344,0.01226228,0.07106328,0.00146043,0.99739537,0.024922,0.142199,0.004704,0.509786209,-0.981910124,0.038953495,0.800898127,-0.547408381,0.053341664,-0.021504482,0.04852943,0.994798171,0.666999458,0.517972305,0.053500414,51940.49706967,54436.878612882,53872.443294548,51611.964578747,-0.960431149,-0.50108938,0.954106334,0.484723474,-0.799511935,0.023281902,0.121067461,0.07353577,-0.006915688,-0.572937225,-8.25308431,0.276885442,-0.00516083,0.071946434,0.00276872,0.997420791,-0.464711234,-0.885421612,1.059847786,0.0,0.0,0.0,0.86058265,0.0,3.611093725
1772729833.1738229,-0.943597,-0.535999,0.9557,0.01592673,0.06876601,0.00141919,0.99750467,0.03228,0.137577,0.00507,0.520531091,-0.978860471,0.036338244,0.504000781,-0.329562985,0.029654262,-0.021821126,0.05251284,0.990214439,0.385523948,0.399727125,0.033540152,49909.192925465,54200.905973651,55668.139685977,51734.321422126,-0.95491001,-0.512276042,0.954639106,0.500269756,-0.804842063,0.023218149,0.126034054,0.049728768,-0.016649315,-0.170616283,-8.539853995,0.30313043,-0.001681782,0.074451126,0.002748414,0.997239169,-0.454634455,-0.890665619,1.060226431,0.0,0.0,0.0,0.86058265,0.0,3.611811655
1772729833.1838229,-0.938387,-0.545671,0.956039,0.01726384,0.06957804,0.00172871,0.99742562,0.035025,0.139187,0.005908,0.531707461,-0.976787684,0.034781948,0.181510028,-0.101698329,0.010884481,-0.021831538,0.062590925,0.992351074,0.066058031,0.217869303,0.01002995,48424.215475451,53820.665506526,56786.977563704,52250.520633934,-0.948582874,-0.524711813,0.955170699,0.517967378,-0.811872171,0.021747725,0.1319325,0.051207244,-0.013922001,0.12288304,-8.809715262,0.323641559,0.000852218,0.076806309,0.002733289,0.997055827,-0.443500525,-0.896269439,1.060641857,0.0,0.0,0.0,0.86058265,0.0,3.612529586
1772729833.1938226,-0.932986,-0.555521,0.95641,0.01737203,0.06966677,0.00143165,0.99741802,0.035202,0.139375,0.005328,0.542763513,-0.974805728,0.03547752,-0.147552275,0.064398364,-0.016905134,-0.021841949,0.07266877,0.994487657,-0.25340027,0.036015817,-0.013479692,47235.671149516,53840.578287592,57672.594048561,52239.847380271,-0.94188144,-0.537407337,0.955649963,0.536593439,-0.819612865,0.020189353,0.13307047,0.068376011,-0.01283541,0.171880163,-8.961959659,0.328831678,0.001271153,0.078132108,0.002743669,0.996945418,-0.432050404,-0.9018409,1.061066379,0.0,0.0,0.0,0.86058265,0.0,3.6132475
1772729833.203823,-0.927501,-0.56526,0.956767,0.01596642,0.06920301,0.00156263,0.9974736,0.032384,0.138448,0.005379,0.546583486,-0.971277577,0.041846777,-0.440030309,0.198486554,-0.056780958,-0.025376125,0.062262066,1.000289641,-0.34411228,-0.054017062,-0.017567411,46586.506519904,53982.044122706,58058.686919541,52186.389380531,-0.934025324,-0.551772899,0.95616679,0.557891841,-0.827998856,0.018734375,0.132724904,0.057527354,-0.010398554,0.026105374,-8.971402958,0.319193993,9.258e-06,0.078210719,0.002759132,0.996931371,-0.419499828,-0.907742118,1.061528637,0.0,0.0,0.0,0.86058265,0.0,3.613965465
1772729833.2138236,-0.921924,-0.574956,0.957135,0.01321505,0.06995128,0.00140365,0.99746188,0.026825,0.139967,0.004695,0.562253275,-0.970655724,0.037919325,-0.591217148,0.136447491,-0.041238484,-0.029128322,0.050587901,1.006318402,-0.420669921,-0.138368026,-0.020453355,46704.994987722,54232.910855451,58109.73589666,51687.753557372,-0.925336783,-0.567302192,0.956729077,0.580923383,-0.8365574,0.01793328,0.129599395,0.046051956,0.004404883,-0.370244026,-8.793399564,0.284098775,-0.0034116,0.076653093,0.002719116,0.997037023,-0.404540017,-0.914511256,1.062076031,0.0,0.0,0.0,0.86058265,0.0,3.61468343
1772729833.223823,-0.916208,-0.584677,0.957491,0.01010367,0.07037975,0.00148412,0.997468,0.02057,0.140838,0.004427,0.58545862,-0.971310911,0.025532853,-0.588567881,-0.025227314,0.05911257,-0.027885582,0.042469183,1.011732093,-0.456316695,-0.191345512,-0.028643932,48060.576981834,54441.467868885,57279.808176414,51189.153830826,-0.917182046,-0.581326405,0.957247892,0.601521122,-0.842878211,0.019137174,0.119900409,0.058338721,0.00447517,-0.70841429,-8.616110664,0.263804585,-0.006337499,0.075103179,0.002759818,0.997147762,-0.391347902,-0.920230589,1.062555305,0.0,0.0,0.0,0.86058265,0.0,3.615401326
1772729833.2338228,-0.910417,-0.59433,0.957847,0.00650779,0.07206632,0.00175361,0.99737707,0.013373,0.144231,0.004483,0.613103129,-0.974062273,0.012211162,-0.473242627,-0.143186549,0.130243724,-0.02891028,0.056802757,1.011324257,-0.372068144,-0.126035466,-0.047170592,49196.817141851,54561.07324299,56430.485715124,50917.850844773,-0.909325612,-0.594432948,0.95773582,0.620180035,-0.847356048,0.020124262,0.120258328,0.075477041,0.004917034,-1.043704456,-8.443179521,0.241026329,-0.009238077,0.073591806,0.002767575,0.997236489,-0.378847447,-0.925458966,1.063006988,0.0,0.0,0.0,0.86058265,0.0,3.615835905
1772729833.2438223,-0.904486,-0.60403,0.958209,0.00390675,0.07192522,0.0020214,0.99740033,0.008169,0.143957,0.004642,0.638483962,-0.979062977,0.004119779,-0.304237993,-0.256626306,0.106448821,-0.033730337,0.05005998,1.020056833,-0.29856535,-0.056860982,-0.048051666,49957.522498377,54488.157302129,55776.763024467,50967.504372574,-0.901991646,-0.606057971,0.95801369,0.636491208,-0.849290039,0.020345713,0.114461592,0.070720435,0.009128688,-1.250858559,-8.352830047,0.213068632,-0.01102202,0.072803097,0.002649074,0.997284909,-0.368176681,-0.92974922,1.063390367,0.0,0.0,0.0,0.86058265,0.0,3.615835905
1772729833.2538218,-0.897281,-0.613972,0.957545,0.0046248,0.06587987,0.00432189,0.99780748,0.009885,0.131812,0.009315,0.657750783,-0.983485903,0.003217078,-0.184306224,-0.16611399,0.063074249,-0.029982353,0.06088368,1.015182225,-0.296044127,-0.051519928,-0.070518475,50337.050218974,54347.355414946,55410.562231463,51311.686763467,-0.894461259,-0.617200222,0.957872344,0.653275374,-0.851936455,0.018905779,0.115378638,0.086654818,0.003039621,-1.399226615,-8.312454301,0.181576403,-0.012293011,0.07245179,0.002464998,0.997296407,-0.357728051,-0.933814895,1.063764083,0.0,0.0,0.0,0.86058265,0.0,3.615835905
1772729833.2638218,-0.890771,-0.623739,0.957617,0.00436222,0.0659344,0.00511278,0.99780133,0.009462,0.131917,0.010873,0.663514716,-0.978065035,0.008890995,-0.067672089,-0.081741441,-0.105497416,-0.028446263,0.069996638,1.003957456,-0.294566914,-0.012049764,-0.07749964,50287.892827805,54383.688067031,55491.327467553,51360.801190194,-0.88809094,-0.626582929,0.95791313,0.667055363,-0.854088011,0.018622887,0.117040345,0.094480114,-0.001640662,-1.532196012,-8.28828884,0.14851442,-0.013429249,0.07224238,0.002258595,0.997298293,-0.347912268,-0.937516116,1.064113708,0.0,0.0,0.0,0.86058265,0.0,3.615835905
1772729833.2738216,-0.884139,-0.633602,0.957998,0.00385135,0.06741699,0.0023842,0.9977146,0.00808,0.134916,0.005325,0.66130166,-0.969851527,0.020679682,-0.012610903,0.074976234,-0.287163913,-0.026587381,0.069506333,1.005955,-0.340439413,-0.029565593,-0.080824224,49987.767177264,54336.561197853,55816.479436536,51413.761316062,-0.883038756,-0.634002075,0.958061039,0.677663628,-0.855715355,0.018497162,0.121140651,0.0757453,-0.00170608,-1.679033014,-8.277548411,0.105808453,-0.014680205,0.072151335,0.0019783,0.997292132,-0.341789477,-0.939775634,1.064331288,0.0,0.0,0.0,0.86058265,0.0,3.615835905
1772729833.283821,-0.877707,-0.643256,0.958403,0.00258869,0.0686693,0.00038893,0.99763604,0.005268,0.137444,0.001142,0.655359269,-0.96044437,0.034671692,-0.059984128,0.286508454,-0.401602421,-0.024728543,0.069016039,1.007952496,-0.386310818,-0.047081003,-0.084148728,49762.282276389,54269.280761551,55980.597397232,51521.839564828,-0.875985801,-0.644342702,0.95837523,0.691869964,-0.857463763,0.018433613,0.124385724,0.082403397,0.006365258,-1.930921987,-8.237947968,0.043091894,-0.016833648,0.071813317,0.00158332,0.997265178,-0.329970539,-0.943940164,1.064749036,0.0,0.0,0.0,0.86058265,0.0,3.615835905
1772729833.2938209,-0.871136,-0.652823,0.95875,0.00150674,0.07314045,-0.00026273,0.99732048,0.002999,0.146412,-0.000307,0.654644622,-0.953343178,0.044180656,-0.152594373,0.430805552,-0.379170224,-0.027823257,0.064520299,1.011465457,-0.450856946,-0.088158912,-0.084308634,48862.496563359,53958.880342414,56508.94263934,51975.825887278,-0.865893675,-0.65885864,0.958870207,0.711479705,-0.858434522,0.019662696,0.113905937,0.086265857,0.007602212,-2.227368136,-8.180424766,-0.025803548,-0.019371331,0.071320777,0.001159066,0.997239627,-0.316871367,-0.9484561,1.06521093,0.0,0.0,0.0,0.86058265,0.0,3.615835905
1772729833.303821,-0.864732,-0.661976,0.959084,0.00252151,0.06989933,-0.00428116,0.99754168,0.004476,0.139933,-0.00827,0.668403551,-0.950567826,0.040717211,-0.251625296,0.432923597,-0.233786755,-0.042140083,0.051087804,1.018124991,-0.555447267,-0.184028833,-0.076867857,48384.793697174,54453.127311592,56850.28970643,51319.801678662,-0.855191919,-0.673875818,0.959484675,0.731538592,-0.858813035,0.020692691,0.104019852,0.090100796,0.008157865,-2.523828422,-8.12289882,-0.094702275,-0.021909135,0.070828213,0.000734791,0.997246042,-0.302349566,-0.953190674,1.065720069,0.0,0.0,0.0,0.86058265,0.0,3.615835905
1772729833.313821,-0.857812,-0.671738,0.959544,0.00029744,0.07443201,-0.00379132,0.99721884,2.9e-05,0.149003,-0.007602,0.680135905,-0.948192416,0.040096095,-0.384401927,0.485310494,-0.067920496,-0.039163138,0.053104148,1.01643809,-0.570724799,-0.212693046,-0.075876726,48269.036220692,54550.95051613,56965.135877769,51020.63146689,-0.849905977,-0.681152659,0.959795749,0.741251425,-0.858665776,0.021366857,0.098643964,0.094847945,0.00743843,-2.696964749,-8.067228184,-0.125632563,-0.023397968,0.070348165,0.000561415,0.997255294,-0.297924037,-0.954577059,1.065874612,0.0,0.0,0.0,0.86058265,0.0,3.615835905
1772729833.3238208,-0.850911,-0.681265,0.959953,-0.00266073,0.07746915,-0.00298951,0.99698672,-0.005839,0.155076,-0.006451,0.693723156,-0.947369668,0.04170342,-0.524206396,0.523850304,0.028916538,-0.036186264,0.055120445,1.01475123,-0.586001967,-0.241356576,-0.074885619,48012.486723733,54557.904068829,57093.959590936,50983.667844646,-0.846367761,-0.685932302,0.960001324,0.747627019,-0.858273899,0.021987207,0.093916914,0.099076113,0.006557384,-2.830179281,-8.012158995,-0.144272265,-0.024547233,0.069872177,0.000469256,0.99726088,-0.292884509,-0.956141646,1.066050483,0.0,0.0,0.0,0.86058265,0.0,3.615835905
1772729833.3338203,-0.843893,-0.690722,0.960353,-0.00549164,0.08034765,-0.00194771,0.99674987,-0.011408,0.160844,-0.004828,0.704370757,-0.943427687,0.0426244,-0.654350733,0.493274464,0.094291787,-0.033209462,0.057136693,1.01306441,-0.601278771,-0.270019423,-0.073894536,47755.943343542,54564.857455739,57222.780232629,50946.705103706,-0.842184602,-0.691555206,0.960246785,0.755055284,-0.857677395,0.022589516,0.103724051,0.091679148,0.002055171,-3.098627983,-7.891241165,-0.175624583,-0.026867884,0.068825965,0.000331238,0.997271557,-0.284395911,-0.958706427,1.066346145,0.0,0.0,0.0,0.86058265,0.0,3.616027161
1772729833.3438199,-0.836874,-0.700076,0.960786,-0.00905937,0.08260671,-0.00202063,0.996539,-0.018645,0.165358,-0.0056,0.713303788,-0.935927602,0.043022768,-0.726854319,0.43431846,0.108982599,-0.030232659,0.059152942,1.01137759,-0.616555575,-0.298682269,-0.072903453,47564.73647367,54474.050356788,57325.119998193,50975.6771746,-0.834944765,-0.701135938,0.960681696,0.767408121,-0.85597193,0.023200273,0.111333484,0.11310898,0.004027,-3.43464851,-7.72259192,-0.21300792,-0.029775376,0.067366762,0.000163406,0.99729028,-0.274241334,-0.961656879,1.066698596,0.0,0.0,0.0,0.86058265,0.0,3.616526569
1772729833.3538196,-0.829716,-0.709349,0.961222,-0.01231163,0.08398778,-0.0010904,0.99639013,-0.025074,0.168133,-0.004302,0.719616246,-0.924177921,0.04292675,-0.696633212,0.213493073,0.025619711,-0.02944784,0.052996915,1.012605685,-0.611199435,-0.314971273,-0.063941743,47645.048958881,54402.571118374,57298.053301639,50968.455532445,-0.827023541,-0.711369933,0.961161105,0.780417775,-0.853232057,0.024031605,0.090362293,0.120644061,-0.004940756,-3.776227569,-7.539553958,-0.247054895,-0.032734883,0.065782778,1.5171e-05,0.997297497,-0.26372464,-0.9645905,1.067062483,0.0,0.0,0.0,0.86058265,0.0,3.617025988
1772729833.3638191,-0.822423,-0.718598,0.961667,-0.01581464,0.08479982,-0.00077232,0.9962722,-0.032109,0.169757,-0.004283,0.729218411,-0.917820533,0.044150314,-0.689161144,0.110694862,0.012285813,-0.028991929,0.04561488,1.014271102,-0.602747651,-0.329403245,-0.053784358,47908.267648999,54478.909464116,57101.419690639,50831.999486841,-0.81943947,-0.720953847,0.961614712,0.792297342,-0.849877176,0.024436142,0.100927377,0.111348933,0.003174521,-4.097267185,-7.363298496,-0.27347587,-0.035520814,0.064256763,-8.5535e-05,0.9973048,-0.253917479,-0.967218263,1.067400946,0.0,0.0,0.0,0.86058265,0.0,3.617525395
1772729833.373819,-0.81511,-0.72772,0.962076,-0.01930301,0.08465517,-0.0004508,0.99622321,-0.039107,0.169463,-0.004227,0.738606454,-0.910791331,0.044767739,-0.663955371,0.01482297,0.010104421,-0.030027595,0.046222093,1.016507544,-0.572470435,-0.307303399,-0.056876195,48012.452923428,54533.377539141,56865.661542848,50804.451996864,-0.812311517,-0.729789994,0.962037782,0.802989719,-0.845992027,0.025104427,0.097082111,0.128947102,0.003378692,-4.416280777,-7.17284173,-0.295990248,-0.038292788,0.062606801,-0.000166829,0.99731102,-0.244474385,-0.969648617,1.067726042,0.0,0.0,0.0,0.86058265,0.0,3.618024826
1772729833.3838198,-0.807686,-0.736794,0.962564,-0.02254689,0.08512449,-0.00043091,0.99611509,-0.045669,0.170391,-0.004766,0.747893293,-0.903940606,0.045718633,-0.615742934,-0.018407328,0.003376887,-0.031174791,0.047426355,1.018786807,-0.540560225,-0.28247216,-0.060958309,48148.408985424,54524.708664702,56655.419115538,50837.602344137,-0.806247523,-0.737182525,0.962412451,0.81179831,-0.842235819,0.026007741,0.094975337,0.132726115,0.002684506,-4.64313217,-7.035479735,-0.316205124,-0.040262317,0.061418759,-0.000267457,0.99730885,-0.236775155,-0.971562101,1.06799046,0.0,0.0,0.0,0.86058265,0.0,3.618524293
1772729833.3938196,-0.800156,-0.745788,0.962999,-0.02530042,0.08471466,-0.0001344,0.99608398,-0.051182,0.169571,-0.004621,0.756502955,-0.897038074,0.046723627,-0.585948167,-0.011386767,-0.013356816,-0.032321878,0.048630503,1.021065854,-0.508653058,-0.257643288,-0.065040033,48455.720450575,54541.113191312,56432.864371203,50747.377447785,-0.801949172,-0.742326225,0.962670478,0.817777372,-0.839287118,0.02643328,0.092868765,0.136504769,0.001990387,-4.830224486,-6.924019131,-0.335734017,-0.041885324,0.060456145,-0.000377514,0.997303284,-0.230928361,-0.972958176,1.068190814,0.0,0.0,0.0,0.86058265,0.0,3.619023712
1772729833.4038196,-0.792545,-0.754736,0.963492,-0.02830078,0.08459446,0.0005966,0.9960133,-0.057123,0.169357,-0.003652,0.765513007,-0.889156753,0.047425589,-0.548314516,0.001331798,-0.01597376,-0.033307318,0.050579736,1.022255725,-0.475698744,-0.232013472,-0.06930303,48702.391784784,54548.037199884,56165.785420885,50726.927798669,-0.796632422,-0.748623499,0.96299734,0.82501754,-0.835432015,0.027140615,0.090762142,0.140283512,0.001296251,-5.021930935,-6.811918895,-0.355439685,-0.043548914,0.059488677,-0.000491132,0.997283922,-0.224352922,-0.974498703,1.068415937,0.0,0.0,0.0,0.86058265,0.0,3.619523143
1772729833.4138196,-0.784837,-0.763582,0.963952,-0.03065683,0.08451459,0.00032097,0.99595047,-0.061934,0.16917,-0.004608,0.77438077,-0.880845246,0.048041693,-0.502816608,0.017235822,-0.024925358,-0.03267461,0.059985998,1.012543862,-0.43227151,-0.198373194,-0.075379349,48537.701125592,54496.188981043,56100.136848341,50879.667654028,-0.789609338,-0.756813426,0.963434842,0.834292355,-0.829958671,0.028281981,0.088655519,0.144062256,0.000602115,-5.260808282,-6.68129795,-0.384831525,-0.045619375,0.058364599,-0.000675242,0.997255041,-0.21505937,-0.976593357,1.068733554,0.0,0.0,0.0,0.86058265,0.0,3.620022574
1772729833.4238195,-0.777068,-0.772356,0.964461,-0.03318606,0.08530669,0.00015306,0.9958019,-0.067092,0.170736,-0.005436,0.78229284,-0.871283815,0.048711565,-0.482217523,0.035773444,-0.043604938,-0.031860124,0.050269949,1.012822708,-0.433444899,-0.187600368,-0.08037473,48456.686320755,54406.39740566,55983.081367925,51044.923349057,-0.781676846,-0.765876833,0.963928811,0.844346457,-0.823299292,0.029387756,0.083421439,0.145167784,-0.001614864,-5.483544403,-6.563270184,-0.419949176,-0.047546419,0.057353329,-0.000916758,0.997223184,-0.20500924,-0.978751909,1.069076209,0.0,0.0,0.0,0.86058265,0.0,3.620522005
1772729833.4338195,-0.769186,-0.781032,0.964921,-0.03591867,0.0851848,0.00047134,0.99571742,-0.072564,0.170499,-0.005257,0.791329037,-0.861679629,0.048384137,-0.423930285,0.008937753,-0.028469055,-0.032419193,0.048497967,1.013389494,-0.427718245,-0.172029551,-0.085030197,48285.377651076,54367.923435983,55986.866232261,51020.148334952,-0.773494172,-0.775034143,0.964443332,0.854303707,-0.816002137,0.030200913,0.081390551,0.143768884,0.007099424,-5.757245881,-6.431660412,-0.466384918,-0.049912775,0.056230316,-0.00124142,0.997183953,-0.194879303,-0.980818394,1.069420796,0.0,0.0,0.0,0.86058265,0.0,3.621021436
1772729833.4438195,-0.761244,-0.789556,0.965409,-0.03753877,0.08491565,0.00031653,0.99568071,-0.075864,0.169938,-0.005829,0.806434394,-0.855478632,0.048273822,-0.370217595,0.001158929,-0.039747237,-0.033168375,0.048214863,1.013780063,-0.42009531,-0.155315645,-0.089662875,48260.870346528,54218.750143816,55828.625503356,51237.131653198,-0.763810423,-0.785592239,0.965038363,0.865727189,-0.806688328,0.031713338,0.07454018,0.159690566,0.007968412,-5.998085855,-6.319188769,-0.507724999,-0.051995316,0.055272897,-0.001534325,0.997121094,-0.183589276,-0.982990832,1.069804026,0.0,0.0,0.0,0.86058265,0.0,3.621114492
1772729833.45382,-0.753233,-0.798031,0.965917,-0.03921601,0.0851019,0.0004289,0.99560011,-0.079242,0.170311,-0.005906,0.808018525,-0.839756764,0.047375434,-0.317521064,0.008612032,0.00846268,-0.035412418,0.047435728,1.014355864,-0.411920554,-0.141519157,-0.092985256,48294.598984772,54492.83248731,55653.791878173,50911.21319797,-0.755793138,-0.794127316,0.965539183,0.874830308,-0.798528738,0.03287585,0.074791909,0.156039256,0.002593605,-6.202902648,-6.227913648,-0.548392555,-0.053763996,0.054500531,-0.001832683,0.997067593,-0.173118246,-0.984888452,1.07015877,0.0,0.0,0.0,0.86058265,0.0,3.621114492
1772729833.4638193,-0.745113,-0.806392,0.966411,-0.04139052,0.08496558,0.00052242,0.99552368,-0.083624,0.170032,-0.006081,0.800364167,-0.82201949,0.049229631,-0.291935442,-0.057674275,0.051577514,-0.045082199,0.042769238,1.015888538,-0.402543152,-0.149593644,-0.086889436,47968.480698903,54571.071109305,55812.393742381,50741.330353515,-0.748081074,-0.802164776,0.966020797,0.88331035,-0.790375498,0.033759827,0.067425004,0.152428738,0.003954195,-6.419220479,-6.135410655,-0.591744143,-0.055632049,0.053720163,-0.002152323,0.997015667,-0.163739867,-0.98649115,1.070475886,0.0,0.0,0.0,0.86058265,0.0,3.621114492
1772729833.473819,-0.736896,-0.814657,0.966832,-0.04160759,0.08346071,0.00145912,0.99564099,-0.083874,0.167092,-0.004097,0.791638906,-0.806394242,0.053297312,-0.304785383,-0.186988997,0.089146503,-0.041327433,0.037746166,1.015483572,-0.40506689,-0.17125702,-0.079181289,47606.94848324,54436.922415318,55978.181237287,50891.466127178,-0.740277778,-0.810117954,0.96648258,0.891656899,-0.781846364,0.034433037,0.068214911,0.151894403,0.002159761,-6.643812452,-6.033544479,-0.631539717,-0.057574955,0.052858075,-0.00244491,0.996950978,-0.154632362,-0.987960675,1.070783405,0.0,0.0,0.0,0.86058265,0.0,3.621114492
1772729833.483819,-0.728768,-0.822755,0.967424,-0.04395929,0.08449201,0.00070272,0.99545376,-0.088781,0.169082,-0.006117,0.790825094,-0.795521524,0.056553842,-0.359583928,-0.330707151,0.109773069,-0.040585818,0.048108174,1.012780379,-0.398700913,-0.197778595,-0.082271023,47471.855157895,54172.818105263,55983.315789474,51203.349473684,-0.733899741,-0.8165082,0.966863047,0.898264437,-0.774620233,0.034940369,0.067633781,0.163992477,-0.00050575,-6.790559266,-5.960222151,-0.654449318,-0.058846682,0.052235167,-0.002614847,0.996906772,-0.14693042,-0.989141495,1.071043186,0.0,0.0,0.0,0.86058265,0.0,3.621114492
1772729833.4938183,-0.721705,-0.830059,0.967928,-0.04515713,0.08212973,0.00326733,0.99559272,-0.090728,0.164572,-0.000924,0.789458717,-0.782345404,0.060135722,-0.398091914,-0.57294073,0.052608699,-0.045916059,0.045133343,1.007003237,-0.400903537,-0.206834854,-0.085238826,47479.103800479,53841.489412626,55905.429165968,51567.64384042,-0.728807662,-0.821555592,0.967193926,0.903374774,-0.768629731,0.035491158,0.058040386,0.164975323,-0.004892145,-6.928603966,-5.886348809,-0.675524774,-0.060043743,0.05160667,-0.002774249,0.996872514,-0.140206124,-0.990114414,1.071269637,0.0,0.0,0.0,0.86058265,0.0,3.621114492
1772729833.5038188,-0.713624,-0.838145,0.968706,-0.04789107,0.07721563,0.00330569,0.99585805,-0.09617,0.154725,-0.000822,0.798162397,-0.772440403,0.061934927,-0.434080261,-0.752480359,-0.041920751,-0.049755454,0.039335928,1.002923998,-0.400568521,-0.213364125,-0.084828034,47342.904202936,54523.766269799,55970.651508453,50753.643428815,-0.723764835,-0.826592467,0.967534159,0.907357871,-0.761445369,0.035630198,0.055770915,0.165861809,-0.006560887,-7.066057268,-5.804579759,-0.696410171,-0.061236584,0.050909848,-0.002938103,0.996835687,-0.133773002,-0.990999501,1.071486065,0.0,0.0,0.0,0.86058265,0.0,3.621114492
1772729833.5138187,-0.705234,-0.846006,0.969278,-0.0500166,0.07359133,0.00329417,0.99602801,-0.100408,0.147461,-0.000808,0.816951537,-0.765719184,0.060109148,-0.460623357,-0.820442262,-0.129003971,-0.037631561,0.047791448,1.010146413,-0.376229104,-0.242540939,-0.0731052,47282.980089797,54770.033580537,55983.296200135,50470.986960825,-0.718862204,-0.831481382,0.967889015,0.911057712,-0.754407374,0.035724245,0.063659211,0.166614468,-0.004460261,-7.201475544,-5.708338959,-0.712822708,-0.062415119,0.050085141,-0.003074011,0.996798856,-0.12751324,-0.991832953,1.071696537,0.0,0.0,0.0,0.86058265,0.0,3.621114492
1772729833.5238187,-0.696805,-0.853663,0.969803,-0.05248214,0.07053546,0.00269174,0.99612405,-0.105421,0.141276,-0.002062,0.839883299,-0.759409932,0.056294692,-0.429191845,-0.750233861,-0.178030079,-0.034738171,0.056533767,1.010785828,-0.359762014,-0.240959517,-0.066127036,47319.079239166,54467.402378323,55929.74912857,50857.247859079,-0.714238288,-0.83605937,0.968271371,0.914608317,-0.748162698,0.035888437,0.064638495,0.180569215,-0.00525407,-7.33889994,-5.603911578,-0.727466209,-0.063612673,0.049188551,-0.003199403,0.996762022,-0.121583815,-0.992570159,1.071895706,0.0,0.0,0.0,0.86058265,0.0,3.621114492
1772729833.5338194,-0.688838,-0.860857,0.970412,-0.05422454,0.06423214,0.00110109,0.99646009,-0.109037,0.128482,-0.004811,0.856896388,-0.749037292,0.052459607,-0.406501525,-0.536898722,-0.191905498,-0.03417587,0.061390975,1.009035061,-0.347730918,-0.234864401,-0.062169078,47052.102350372,54568.300478891,56038.062696616,50625.769290881,-0.70805982,-0.842010435,0.968748872,0.919514538,-0.739927854,0.036290033,0.064836748,0.186852845,-0.006953068,-7.495090235,-5.478404125,-0.740833095,-0.064975986,0.048108854,-0.003320513,0.996723808,-0.114208818,-0.993444452,1.072143278,0.0,0.0,0.0,0.86058265,0.0,3.621114492
1772729833.5438192,-0.679913,-0.868449,0.970876,-0.05642925,0.06401242,0.00094886,0.99635197,-0.113496,0.128014,-0.005378,0.858578597,-0.73105973,0.0500199,-0.378406846,-0.283615214,-0.125904241,-0.031170365,0.0407882,1.004360893,-0.349321928,-0.257784648,-0.068642398,47255.150661277,54449.362701621,55816.569836349,50754.15427181,-0.701792746,-0.847897032,0.96920277,0.924521085,-0.731578536,0.036607152,0.062867241,0.170918449,-0.010692803,-7.664351637,-5.337689553,-0.753331439,-0.066454829,0.046897161,-0.003440653,0.996686441,-0.106215554,-0.994334409,1.072411405,0.0,0.0,0.0,0.86058265,0.0,3.621114492
1772729833.5538192,-0.671236,-0.875781,0.971334,-0.05826297,0.06324188,0.00118771,0.99629538,-0.117146,0.126491,-0.005043,0.863913334,-0.718854007,0.049317044,-0.334786666,-0.148950357,-0.048303803,-0.037934296,0.035185758,1.004370337,-0.3403422,-0.227781094,-0.061071281,47638.757366667,54312.924903708,55502.780299629,50936.713048512,-0.696549979,-0.852717431,0.969561138,0.928660419,-0.724539319,0.03665681,0.059041606,0.169207396,-0.010287951,-7.783518679,-5.235079263,-0.762650823,-0.067496204,0.046013825,-0.003534014,0.996656231,-0.100078328,-0.994972911,1.072617129,0.0,0.0,0.0,0.86058265,0.0,3.621114492
1772729833.5638192,-0.662617,-0.882876,0.971877,-0.05961167,0.06303227,0.00105035,0.99622903,-0.119877,0.126048,-0.005466,0.868632821,-0.70566124,0.048317101,-0.274958648,-0.045869452,0.001984036,-0.041927668,0.03355067,1.004501078,-0.328401669,-0.208611154,-0.057578668,47683.357546256,54530.97022614,55467.595713509,50595.273895886,-0.69168588,-0.85711201,0.969909683,0.931963818,-0.71741046,0.03659213,0.053422654,0.171683277,-0.009320725,-7.883154995,-5.147708655,-0.770854446,-0.06836692,0.045261883,-0.003617514,0.996632675,-0.094124189,-0.995548017,1.07281651,0.0,0.0,0.0,0.86058265,0.0,3.621114492
1772729833.5738192,-0.653994,-0.889804,0.972333,-0.06106503,0.06257934,0.0012363,0.99616934,-0.122774,0.125157,-0.005221,0.870902579,-0.690461362,0.046950744,-0.195837101,-0.069336576,0.032426475,-0.042892774,0.035467262,1.004626044,-0.313793653,-0.201681055,-0.058534807,47670.774867202,54663.848701453,55472.132868015,50376.841329241,-0.686992665,-0.861313801,0.970240138,0.93513524,-0.710522508,0.036495214,0.046810373,0.17647832,-0.008041998,-7.992594808,-5.059938104,-0.777960506,-0.069323471,0.044506366,-0.003689999,0.996601441,-0.088358763,-0.996087842,1.073009498,0.0,0.0,0.0,0.86058265,0.0,3.621412825
1772729833.5838184,-0.645332,-0.896605,0.972868,-0.06228181,0.06321266,0.00113015,0.99605414,-0.125253,0.126404,-0.005668,0.868865864,-0.672833781,0.047288798,-0.110220891,-0.182614309,0.023081218,-0.042803562,0.035790511,1.005153258,-0.299845289,-0.196840614,-0.057895444,47555.563161362,54643.862997379,55547.960980532,50379.192588544,-0.682844659,-0.864899695,0.970493612,0.938231864,-0.704800394,0.036322856,0.047121428,0.175464008,-0.008317161,-8.08299016,-4.988404872,-0.783905999,-0.070113475,0.043890803,-0.003750406,0.996567759,-0.084964849,-0.99637242,1.073123045,0.0,0.0,0.0,0.86058265,0.0,3.621830702
1772729833.5938177,-0.636556,-0.903274,0.973228,-0.06177138,0.06020453,0.00213107,0.99627063,-0.124041,0.120515,-0.003215,0.874549882,-0.659742743,0.046877764,-0.07671366,-0.189907292,0.021498251,-0.0421883,0.03531878,1.005881191,-0.286225558,-0.193042628,-0.056459989,47350.180713862,54714.030377497,55674.547439785,50296.97037192,-0.678760085,-0.868423103,0.970741371,0.941270749,-0.699159957,0.036142421,0.048518251,0.173538623,-0.008836018,-8.131705265,-4.950902806,-0.787632371,-0.070538956,0.04356859,-0.003787641,0.996551125,-0.081570935,-0.996656999,1.073236591,0.0,0.0,0.0,0.86058265,0.0,3.622248578
1772729833.6038172,-0.627801,-0.909832,0.973758,-0.06253231,0.06038009,0.00129137,0.99621398,-0.125679,0.120758,-0.005015,0.878444835,-0.646321149,0.046907057,-0.084433518,-0.135240991,0.006364058,-0.041573023,0.034847037,1.006609142,-0.272605502,-0.189244551,-0.055024501,47097.634171634,54831.349393496,55827.683476245,50170.514360905,-0.675197705,-0.871432078,0.970942079,0.943834296,-0.694191911,0.035895477,0.049915106,0.171613192,-0.009354888,-8.180421532,-4.913399846,-0.791358832,-0.070964447,0.04324637,-0.003824877,0.99653449,-0.077829282,-0.996963274,1.073361747,0.0,0.0,0.0,0.86058265,0.0,3.622666465
1772729833.6138175,-0.618961,-0.916224,0.974182,-0.06234023,0.05843912,0.00220902,0.99634015,-0.125146,0.116993,-0.002904,0.882809913,-0.632111461,0.045908066,-0.087465758,-0.084592584,-0.010908706,-0.047489908,0.03540191,1.00403677,-0.254782245,-0.19137089,-0.045159862,46845.06956499,54948.676801213,55980.830466381,50044.049304612,-0.67163507,-0.874441269,0.971142801,0.946398025,-0.689223511,0.035648516,0.039976943,0.176187555,-0.012358035,-8.240167928,-4.865165953,-0.795699231,-0.071486572,0.042831614,-0.003870289,0.996516938,-0.071440148,-0.997434732,1.073575288,0.0,0.0,0.0,0.86058265,0.0,3.623084381
1772729833.6238174,-0.610159,-0.922468,0.974705,-0.06322015,0.05928142,0.00185905,0.99623565,-0.126975,0.11863,-0.003818,0.886504983,-0.617232795,0.044470011,-0.092081074,-0.032600254,-0.02224142,-0.051279717,0.034873238,1.001427771,-0.235497168,-0.190806638,-0.037567511,47132.267049608,54970.097127937,55734.121462141,50031.580574413,-0.665038608,-0.879900058,0.971530203,0.950906462,-0.679743947,0.035262784,0.035547426,0.178088136,-0.013808988,-8.358007171,-4.760282215,-0.803240013,-0.072517665,0.041928327,-0.003958585,0.996480159,-0.063643963,-0.997959973,1.073835742,0.0,0.0,0.0,0.86058265,0.0,3.623502288
1772729833.6338177,-0.601295,-0.928543,0.975137,-0.06442883,0.05978447,0.00154498,0.99612868,-0.129457,0.11959,-0.004659,0.888710036,-0.601734335,0.04374977,-0.108464807,0.04766481,-0.037090505,-0.04287574,0.03314565,1.0033958,-0.217508912,-0.175942343,-0.045671475,47324.9583918,54714.481483741,55588.263925325,50351.323714233,-0.657118951,-0.886330251,0.971981569,0.956038065,-0.668096631,0.034621833,0.040057339,0.180188157,-0.012996435,-8.459881638,-4.661035743,-0.80738292,-0.073410718,0.041071533,-0.004021527,0.996458844,-0.054685027,-0.998491712,1.074134886,0.0,0.0,0.0,0.86058265,0.0,3.623920204
1772729833.6438177,-0.592382,-0.934502,0.975552,-0.06484393,0.060369,0.00128262,0.99606687,-0.130338,0.120722,-0.005313,0.891912797,-0.586379444,0.041772631,-0.097950324,0.055977217,-0.029529679,-0.045863204,0.051645836,1.006565012,-0.18798202,-0.156145128,-0.04614619,47623.850141019,54627.427298367,55387.369729576,50456.906406276,-0.648443015,-0.892724631,0.972366672,0.962475761,-0.655165767,0.033695992,0.038137282,0.193332332,-0.013763311,-8.55822883,-4.558366646,-0.81366412,-0.074272652,0.040186349,-0.004107942,0.996424587,-0.045164092,-0.998968548,1.07445265,0.0,0.0,0.0,0.86058265,0.0,3.624338111
1772729833.653818,-0.58336,-0.940304,0.97588,-0.06432122,0.05887729,0.00155477,0.99618965,-0.129221,0.117778,-0.004508,0.895312781,-0.571970864,0.0412953,-0.095561358,0.0904741,-0.03079931,-0.043667602,0.047535191,1.009743587,-0.155111175,-0.116402405,-0.036550393,47675.349845201,54602.037151703,55328.185758514,50504.520123839,-0.639485329,-0.899403809,0.972809621,0.964476373,-0.638455536,0.032727279,0.029900351,0.186861781,-0.015481435,-8.659070678,-4.47247909,-0.823063799,-0.075153792,0.039449355,-0.004211025,0.996387687,-0.034006283,-0.999409268,1.074824875,0.0,0.0,0.0,0.86058265,0.0,3.624756027
1772729833.6638176,-0.57446,-0.945935,0.97637,-0.06496431,0.05987912,0.00125176,0.99608863,-0.130573,0.119738,-0.005324,0.899688931,-0.55766615,0.040357206,-0.085043361,0.070549467,-0.016944476,-0.041472105,0.043424741,1.012922011,-0.122241898,-0.076661578,-0.026955052,47499.509416925,54512.223271414,55403.391357069,50645.19246646,-0.63115966,-0.906276818,0.973368754,0.960063532,-0.619122218,0.031888095,0.035718162,0.191385734,-0.010560246,-8.814468468,-4.262633625,-0.804793847,-0.076529367,0.03761838,-0.00413978,0.996352,-0.023138836,-0.999719808,1.075187274,0.0,0.0,0.0,0.86058265,0.0,3.625173924
1772729833.6738176,-0.565513,-0.951415,0.976787,-0.06617314,0.06118928,0.00091958,0.99592979,-0.133079,0.122307,-0.006314,0.902489303,-0.542822468,0.03985402,-0.091340127,0.082429441,-0.032315978,-0.040029497,0.038390087,1.013799633,-0.09151496,-0.038652605,-0.016010196,47362.587909596,54579.645473855,55565.884752154,50489.409202644,-0.622146841,-0.913079283,0.973865837,0.963213974,-0.604476249,0.031270372,0.035190353,0.195084631,-0.00485613,-8.867477117,-4.2299715,-0.811637491,-0.076990847,0.037340933,-0.004203881,0.996325834,-0.013173045,-0.999900827,1.075519537,0.0,0.0,0.0,0.86058265,0.0,3.625591831
1772729833.683817,-0.55639,-0.956796,0.977163,-0.06636476,0.06124241,0.0010841,0.99591361,-0.133446,0.122434,-0.006014,0.905885052,-0.528393725,0.039657886,-0.072594786,0.086149383,-0.034547604,-0.040540747,0.032581964,1.006484089,-0.070634364,-0.015236007,-0.007000912,47544.263359153,54625.268359643,55420.878419453,50316.994901461,-0.612656045,-0.919830145,0.974364071,0.969822273,-0.591330866,0.031391152,0.034627943,0.189896563,-0.008945666,-8.895000508,-4.214325241,-0.812556198,-0.077231206,0.037206525,-0.004213515,0.996310312,-0.00292098,-0.99998333,1.075861281,0.0,0.0,0.0,0.86058265,0.0,3.626009707
1772729833.693817,-0.547293,-0.962032,0.977541,-0.06661171,0.06142426,0.00096053,0.99588605,-0.133963,0.122779,-0.006318,0.910869827,-0.514387728,0.037231854,-0.070483547,0.019601231,-0.050979676,-0.036418275,0.035048152,1.00323593,-0.056679591,-0.002411123,-0.012063483,47811.115451174,54529.241532756,55183.274907293,50419.044746601,-0.601730207,-0.92731604,0.974921793,0.976265001,-0.575068209,0.030999361,0.03883059,0.188721308,-0.013818001,-8.923021783,-4.199796312,-0.812916656,-0.077475974,0.037081484,-0.004217443,0.996297621,0.009024894,-0.999950277,1.076259506,0.0,0.0,0.0,0.86058265,0.0,3.626333525
1772729833.7038164,-0.538174,-0.967078,0.977896,-0.06700351,0.0611055,0.00026366,0.9958798,-0.134831,0.122046,-0.007721,0.91535569,-0.499783441,0.034708522,-0.045412742,-0.074276407,-0.068192841,-0.045323161,0.027961916,0.997227788,-0.063449417,0.000926378,-0.004644304,47436.960559092,54284.947412123,55501.753528923,50701.624135068,-0.589262457,-0.935485193,0.975496853,0.983708191,-0.556199634,0.029960061,0.040168862,0.193608665,-0.01509987,-8.956752906,-4.185885086,-0.81505046,-0.07776975,0.036963231,-0.004234584,0.996279004,0.021462513,-0.999769114,1.076674181,0.0,0.0,0.0,0.86058265,0.0,3.625612871
1772729833.7138166,-0.529083,-0.971976,0.978243,-0.06693398,0.06095499,5.402e-05,0.99589373,-0.134712,0.121717,-0.008112,0.917428012,-0.484662117,0.033762348,-0.045579055,-0.104905095,-0.082544801,-0.040344064,0.062451224,1.001890473,-0.042673994,-0.029037125,-0.009636642,47354.534619227,54518.496298573,55468.491508492,50597.479315556,-0.569004151,-0.947776294,0.976289734,0.99528564,-0.525049942,0.027345721,0.038052303,0.199397021,-0.016485837,-8.996542296,-4.148700787,-0.809892374,-0.078120549,0.036637916,-0.004202446,0.996260737,0.04474737,-0.998987231,1.0774507,0.0,0.0,0.0,0.86058265,0.0,3.624892165
1772729833.7238166,-0.519828,-0.976799,0.978634,-0.06674535,0.06049676,0.00017907,0.99593432,-0.134306,0.120819,-0.007776,0.919210745,-0.469805071,0.033281228,-0.042665086,-0.102687655,-0.084844733,-0.044819137,0.051188147,1.004771527,-0.027710154,-0.053195483,-0.023372212,47359.243664933,55183.265353547,55382.203413743,49863.174504814,-0.555234392,-0.956707706,0.977055227,1.000092861,-0.503278212,0.026653751,0.030082655,0.189629515,-0.012581307,-9.016945758,-4.099456392,-0.809290418,-0.078302381,0.03621014,-0.004224526,0.99626416,0.059774857,-0.998205639,1.077952315,0.0,0.0,0.0,0.86058265,0.0,3.624171477
1772729833.7338164,-0.510574,-0.981412,0.978845,-0.06838361,0.05872338,-0.000753,0.99592905,-0.137674,0.117133,-0.009597,0.92187889,-0.455641072,0.032962347,-0.021776896,-0.087747146,-0.060220373,-0.049294104,0.03992534,1.007652511,-0.01274667,-0.077353265,-0.037107455,46904.721170732,54978.325017422,55601.76830662,50248.993142857,-0.544617313,-0.962770827,0.977496751,1.005135657,-0.486751379,0.025848348,0.019234181,0.19903984,-0.010135696,-9.014362479,-4.052479206,-0.816279203,-0.078281765,0.035806412,-0.004318396,0.99628672,0.072080238,-0.997395442,1.078363437,0.0,0.0,0.0,0.86058265,0.0,3.623450806
1772729833.7438154,-0.501422,-0.98587,0.979248,-0.0675962,0.0594076,-0.00104537,0.99594197,-0.136139,0.118469,-0.010185,0.924555233,-0.441353684,0.032441698,0.009417753,-0.058583314,-0.040902225,-0.038608195,0.030780543,1.006921317,0.002284384,-0.083261751,-0.044821369,47057.227324861,55045.423659219,55411.46937652,50262.192801762,-0.534866849,-0.96813871,0.977883916,1.009625337,-0.471448221,0.025551505,0.034469061,0.188903079,-0.007781443,-9.006308164,-3.994439646,-0.8257843,-0.078213802,0.035307997,-0.004443418,0.996302492,0.082812486,-0.996559255,1.078722253,0.0,0.0,0.0,0.86058265,0.0,3.622730186
1772729833.7538157,-0.492163,-0.990222,0.979553,-0.06754087,0.05906938,-0.00091258,0.99596597,-0.136003,0.117811,-0.009866,0.927146708,-0.427065967,0.031843756,0.055454107,-0.046927694,-0.039296011,-0.04451952,0.026565005,1.010793528,0.015813737,-0.077473068,-0.042752452,47142.782806182,54929.771339944,55305.066914086,50474.921868941,-0.525288791,-0.973239536,0.97826,1.013852073,-0.456466954,0.025216822,0.025821264,0.179280513,-0.01036825,-8.99724604,-3.926624509,-0.837081385,-0.078137444,0.034725754,-0.004590969,0.996322943,0.09319535,-0.995639998,1.079069688,0.0,0.0,0.0,0.86058265,0.0,3.622009481
1772729833.7638152,-0.482864,-0.994441,0.979899,-0.06687944,0.05885755,-0.00106408,0.99602299,-0.134683,0.117374,-0.010062,0.929991543,-0.413171373,0.031037073,0.105177713,-0.035251485,-0.030027838,-0.036163779,0.02309723,1.006815113,0.048095188,-0.048702669,-0.02787148,47226.001427833,55167.356022747,55230.604958027,50239.380148199,-0.515051335,-0.978490822,0.978636488,1.018301352,-0.440666727,0.024624204,0.033493711,0.180135932,-0.007722164,-8.968468908,-3.86327064,-0.849251405,-0.077889093,0.034182039,-0.004748835,0.996356928,0.104341807,-0.994530637,1.079443119,0.0,0.0,0.0,0.86058265,0.0,3.621288827
1772729833.7738147,-0.473547,-0.998497,0.980186,-0.0666652,0.05888924,-0.0010578,0.99603549,-0.134251,0.11744,-0.010028,0.934247686,-0.400057996,0.030302943,0.131082115,-0.015685563,-0.026966143,-0.038438831,0.035029124,1.003703961,0.056072855,-0.046149393,-0.040351975,46719.034280547,55109.307072589,55498.825555586,50450.360370482,-0.50485777,-0.983519224,0.978983215,1.022481545,-0.424842605,0.024281531,0.031496984,0.193202792,-0.011899689,-8.931434137,-3.816181366,-0.860133844,-0.077567966,0.033778434,-0.004886592,0.996397258,0.115668381,-0.99325316,1.079823042,0.0,0.0,0.0,0.86058265,0.0,3.621114492
1772729833.7838151,-0.464167,-1.00241,0.980453,-0.06588321,0.0583846,-0.00155585,0.99611657,-0.132721,0.116373,-0.010866,0.937641745,-0.385983954,0.0272786,0.115563884,-0.026883781,-0.029146441,-0.037921958,0.02563108,1.002529671,0.062429529,-0.031594571,-0.041154842,47021.50318651,54977.649314759,55285.967909311,50677.477920027,-0.494318811,-0.988483687,0.979363135,1.026490187,-0.408689351,0.023527843,0.029445597,0.181747185,-0.012259665,-8.887315394,-3.767029881,-0.880030083,-0.077182864,0.033362565,-0.005105922,0.996437624,0.127882378,-0.9917629,1.080233236,0.0,0.0,0.0,0.86058265,0.0,3.621114492
1772729833.7938151,-0.454794,-1.006224,0.980745,-0.06502113,0.05793126,-0.00183261,0.99619921,-0.131004,0.11544,-0.01126,0.939190406,-0.37194206,0.026814284,0.12372673,0.008654414,-0.030372404,-0.04737668,0.021177076,1.002043597,0.077456564,-0.021579476,-0.033622534,47651.057543128,54944.695843464,54907.959766122,50717.067847632,-0.48375216,-0.993354344,0.979733871,1.030429472,-0.392652282,0.022467688,0.017891218,0.175109138,-0.011667496,-8.812406835,-3.724190108,-0.896401376,-0.076530531,0.032997341,-0.005298227,0.99648549,0.140400288,-0.990043738,1.080654425,0.0,0.0,0.0,0.86058265,0.0,3.621114492
1772729833.803815,-0.445371,-1.009876,0.981,-0.06454755,0.05837424,-0.00182424,0.99620416,-0.130061,0.116332,-0.011247,0.942348199,-0.358356616,0.024360785,0.168363297,-0.032047919,-0.005772763,-0.047412348,0.039003685,1.007175097,0.129826086,-0.017621998,-0.038148406,47226.959515264,55189.118752653,55190.422002238,50582.716182316,-0.468366726,-1.000032142,0.980227575,1.035953201,-0.369641067,0.02071365,0.016110551,0.173973232,-0.012328274,-8.665661902,-3.672321275,-0.91166454,-0.075254555,0.03254859,-0.005505473,0.996560435,0.153446412,-0.988147622,1.081093873,0.0,0.0,0.0,0.86058265,0.0,3.621114492
1772729833.8138149,-0.435953,-1.013388,0.98125,-0.06391483,0.05877181,-0.00192792,0.99622139,-0.128809,0.117121,-0.011433,0.944564304,-0.345148134,0.023443321,0.233069055,-0.068950907,0.022510496,-0.045250339,0.020996946,1.008329474,0.154606909,-0.03069881,-0.023894817,47684.727728468,55688.635930309,54866.609426364,50036.931541749,-0.449190417,-1.007413496,0.980730721,1.044292048,-0.341676836,0.019625043,0.018223147,0.175029047,-0.013488181,-8.51891347,-3.620451206,-0.926928068,-0.073978549,0.032099828,-0.005712724,0.996684067,0.173125229,-0.984890327,1.081758738,0.0,0.0,0.0,0.86058265,0.0,3.621114492
1772729833.823814,-0.426516,-1.016749,0.981443,-0.06281678,0.05784368,-0.00150423,0.99634627,-0.126524,0.115331,-0.010333,0.94730844,-0.331487865,0.022027371,0.252621473,-0.128714306,0.008337891,-0.044620981,0.027989277,1.000581318,0.178467641,-0.037127833,-0.030947769,48134.066274992,55725.149276101,54468.650400168,50156.095980336,-0.436671803,-1.012522644,0.981140551,1.046840418,-0.323420651,0.019007553,0.022314266,0.176848604,-0.010568356,-8.372179033,-3.568586083,-0.942190141,-0.072702664,0.031651109,-0.005919956,0.996788981,0.187163571,-0.982317584,1.082234532,0.0,0.0,0.0,0.86058265,0.0,3.621114492
1772729833.8338134,-0.41702,-1.020023,0.981722,-0.06146469,0.05738514,-0.00212424,0.99645598,-0.123861,0.114351,-0.011362,0.949842728,-0.31822441,0.021385937,0.238393084,-0.174801776,-0.030708261,-0.044485261,0.03456012,1.000351828,0.169029104,-0.045568425,-0.029342336,48113.240980964,55807.930764507,54641.88421093,50001.315973288,-0.420889795,-1.01751612,0.981451556,1.054812089,-0.301667171,0.017786791,0.014804437,0.163186168,-0.0106347,-8.225437599,-3.516718487,-0.957452942,-0.071426719,0.031202368,-0.006127197,0.996909506,0.202090937,-0.979358529,1.082741801,0.0,0.0,0.0,0.86058265,0.0,3.621114492
1772729833.8438127,-0.407445,-1.023143,0.981834,-0.05893243,0.05520015,-0.0014777,0.99673353,-0.118638,0.110088,-0.00951,0.952169828,-0.305886655,0.022063211,0.207280435,-0.174403607,-0.048662697,-0.044349544,0.041130807,1.000122344,0.159590793,-0.054008816,-0.027736942,47738.698166591,56031.293458579,54938.554351517,49800.169788366,-0.402942801,-1.023385926,0.981864821,1.049329166,-0.272535574,0.015887161,0.00122444,0.15871563,-0.015531005,-8.068431089,-3.438667658,-0.9695588,-0.070064604,0.030523063,-0.006324609,0.997030349,0.216601862,-0.976249032,1.083236481,0.0,0.0,0.0,0.86058265,0.0,3.621114492
1772729833.8538132,-0.398,-1.026139,0.982151,-0.05865489,0.05553827,-0.0020574,0.99673009,-0.118151,0.110698,-0.010682,0.954673813,-0.29397967,0.023025022,0.16221575,-0.106403482,-0.047479302,-0.062263726,0.023710535,0.992780677,0.101549564,-0.041964313,-0.010555558,47488.142995774,56049.972296134,55277.926404758,49922.406605103,-0.382994779,-1.029767631,0.982330116,1.037216584,-0.237845607,0.013478785,-0.012311204,0.154624805,-0.020429575,-7.855967754,-3.219242477,-0.964624324,-0.068236951,0.028598843,-0.006469007,0.99724119,0.238422726,-0.971062526,1.083984174,0.0,0.0,0.0,0.86058265,0.0,3.621114492
1772729833.8638132,-0.38839,-1.028987,0.982326,-0.05905857,0.05429802,-0.00320533,0.99677156,-0.119058,0.108077,-0.012879,0.955991957,-0.281749822,0.023874537,0.118796731,-0.027539089,-0.029552846,-0.06100367,0.016907488,0.996164612,0.088816173,-0.022353641,-0.001054275,47383.328254031,55939.244494691,55482.394514353,50121.02359418,-0.366607545,-1.034430188,0.98276389,1.04786675,-0.222150755,0.012525886,0.004622407,0.154819041,-0.000534528,-7.724030964,-3.117859921,-0.957925141,-0.067099585,0.02770525,-0.006504896,0.997334249,0.261637919,-0.965154639,1.084782702,0.0,0.0,0.0,0.86058265,0.0,3.621114492
1772729833.873813,-0.378859,-1.031766,0.982599,-0.05847812,0.05494378,-0.00283839,0.99677151,-0.117867,0.109419,-0.012157,0.957490035,-0.269301422,0.023894409,0.092459581,0.022794149,0.000108569,-0.050329906,0.017659092,1.004314953,0.099322736,-0.003647919,0.003279873,47887.710481217,55589.13799951,55156.732406627,50512.311416991,-0.353257464,-1.03799546,0.983094309,1.055074633,-0.208063297,0.012445398,0.009662702,0.160361149,0.00099959,-7.645115244,-3.092885524,-0.950472091,-0.066416754,0.027479061,-0.006473771,0.997386798,0.272424653,-0.962164524,1.085155825,0.0,0.0,0.0,0.86058265,0.0,3.621114492
1772729833.8838131,-0.369246,-1.034412,0.982848,-0.05728493,0.05534951,-0.00230425,0.99681972,-0.115417,0.110307,-0.011002,0.958777235,-0.256737385,0.023641281,0.080687486,0.043309671,0.01325286,-0.042048434,0.018316931,1.011154229,0.111958002,0.014348896,0.006832724,48028.027023892,55795.901762932,55097.479123173,50222.224348566,-0.344909114,-1.039996501,0.983278073,1.057798361,-0.197958536,0.012755392,0.013977775,0.152768108,0.001811664,-7.588824083,-3.088137741,-0.946539189,-0.065928155,0.027432291,-0.006455783,0.99742773,0.281022457,-0.959689016,1.08545406,0.0,0.0,0.0,0.86058265,0.0,3.621114492
1772729833.8938131,-0.359646,-1.036923,0.983066,-0.05665994,0.0555959,-0.00244226,0.9968414,-0.11418,0.11079,-0.011238,0.960368903,-0.243688441,0.021566765,0.111949704,0.007715594,0.032074215,-0.049542643,0.018356337,1.009347079,0.138623975,0.027665649,0.005233121,48104.300843428,56054.073861992,55104.566812751,49830.12593542,-0.337111141,-1.041670315,0.983423129,1.060711919,-0.188490739,0.012898018,0.008951501,0.154323818,0.001651547,-7.51191269,-3.088531102,-0.940058018,-0.065260191,0.027427724,-0.006417566,0.997464289,0.288479742,-0.957480736,1.085713276,0.0,0.0,0.0,0.86058265,0.0,3.621114492
1772729833.903813,-0.350069,-1.039271,0.983276,-0.05637106,0.0552212,-0.00235103,0.99687883,-0.11358,0.110055,-0.01098,0.961378228,-0.230956339,0.021020708,0.106741687,0.003296098,0.004710435,-0.050008442,0.013548022,1.00721733,0.166663828,0.029004026,0.007211983,48452.049149717,55954.568233856,54905.598599533,49906.638635101,-0.326877783,-1.043524385,0.983566045,1.06547966,-0.176057471,0.012954502,0.005051722,0.138781662,-0.003199033,-7.428741111,-3.090485597,-0.932803156,-0.064537773,0.027435973,-0.006373207,0.997510545,0.297413754,-0.954745507,1.086024756,0.0,0.0,0.0,0.86058265,0.0,3.621114492
1772729833.9138129,-0.340407,-1.041527,0.983475,-0.05615547,0.05523037,-0.00253682,0.99689003,-0.113166,0.110054,-0.01133,0.964203717,-0.218929171,0.019668997,0.081495055,-0.018743108,-0.023852666,-0.048659066,0.022626454,1.005224519,0.181318696,0.0776507,0.012374628,48854.604273641,55843.213227428,54641.042148053,50048.779016902,-0.317767919,-1.045486777,0.983772062,1.067442645,-0.165290231,0.012735019,0.007915393,0.151013698,-0.004500792,-7.322040541,-3.107101728,-0.925565191,-0.063609239,0.027570641,-0.006326497,0.997568075,0.306568334,-0.9518474,1.086344908,0.0,0.0,0.0,0.86058265,0.0,3.620915336
1772729833.9238176,-0.330798,-1.043645,0.983667,-0.05589088,0.05497662,-0.00267256,0.99691857,-0.112643,0.109535,-0.011543,0.96776454,-0.208636893,0.019856118,0.090905673,9.5896e-05,-0.018873018,-0.053615591,0.022660062,1.008025007,0.190313997,0.078713344,0.006945445,48925.585010226,56282.5953025,54594.613511909,49498.802005674,-0.308033177,-1.047789524,0.984052926,1.067795553,-0.154154812,0.012830711,0.00107779,0.151927511,-0.001289822,-7.202689908,-3.139330916,-0.919520295,-0.062568919,0.027841318,-0.006284896,0.997629291,0.317043895,-0.948405032,1.086712363,0.0,0.0,0.0,0.86058265,0.0,3.620456199
1772729833.9338171,-0.321092,-1.045678,0.983863,-0.05472425,0.05505814,-0.00285958,0.99697827,-0.110318,0.10969,-0.011799,0.970477052,-0.198335504,0.02076556,0.112346493,0.039624496,-0.00674239,-0.04523117,0.019701602,1.006742096,0.195808462,0.058402181,0.001643597,48971.698133154,56108.524062372,54523.046274717,49811.227697557,-0.298541867,-1.049544938,0.984253791,1.070324841,-0.143422622,0.01290826,0.013903679,0.140447512,-0.002387204,-7.079888277,-3.167678031,-0.915192322,-0.061498436,0.028079036,-0.006261694,0.997693031,0.326024436,-0.945357479,1.087028516,0.0,0.0,0.0,0.86058265,0.0,3.619997304
1772729833.9438176,-0.311352,-1.047628,0.98408,-0.05439609,0.05549406,-0.00303131,0.99697156,-0.109687,0.110547,-0.012156,0.974085,-0.188401306,0.019988306,0.163494908,0.026794526,0.004267233,-0.054483664,0.02964815,1.008029972,0.160935984,0.054261401,-0.004869828,48636.680702817,55761.960012118,54768.866202161,50325.138240937,-0.289692299,-1.05108956,0.984447326,1.07269299,-0.133613607,0.013044517,0.003815194,0.154263763,-0.000436878,-6.96240488,-3.191157489,-0.91469933,-0.060473679,0.028276761,-0.006273699,0.997746964,0.335203537,-0.942143336,1.087352678,0.0,0.0,0.0,0.86058265,0.0,3.619538364
1772729833.9538171,-0.301588,-1.049469,0.984281,-0.05374624,0.05564387,-0.00251647,0.99699988,-0.108326,0.110911,-0.011067,0.976752932,-0.177729326,0.02000202,0.217143176,0.008104919,0.016576901,-0.055283017,0.026748625,1.008654595,0.1539528,0.030384448,-0.004418246,48339.007962955,55963.433634829,55034.47256964,50037.145915379,-0.284480085,-1.051941366,0.984557862,1.074010951,-0.127868871,0.013216741,0.004410128,0.150067905,-0.000118606,-6.892137696,-3.201259016,-0.914980233,-0.059860934,0.028361015,-0.006288119,0.997780366,0.34003115,-0.940401218,1.087523793,0.0,0.0,0.0,0.86058265,0.0,3.619079468
1772729833.963817,-0.2918,-1.051199,0.984506,-0.05243265,0.05583337,-0.00286005,0.99705831,-0.105726,0.111268,-0.01163,0.9782453,-0.166610707,0.020426826,0.236536901,-0.003845763,0.012200893,-0.053878002,0.021218686,1.009026963,0.15313393,0.002562401,-0.002726444,48248.066793379,55761.944610715,55093.305612686,50335.831037858,-0.278707717,-1.05286065,0.984669683,1.075529213,-0.121612563,0.013342109,0.005391376,0.145252402,0.000141684,-6.851434057,-3.201700417,-0.914257253,-0.059506654,0.028362248,-0.006291666,0.997801468,0.345174886,-0.938533071,1.087706235,0.0,0.0,0.0,0.86058265,0.0,3.618620562
1772729833.973817,-0.282101,-1.052771,0.984702,-0.05151934,0.05589399,-0.00293017,0.99710232,-0.103897,0.111392,-0.011675,0.978105614,-0.155001449,0.021563676,0.216620448,0.027250228,0.003896472,-0.056124169,0.020568261,1.009551568,0.119187203,-0.00319442,-0.009662968,48236.452348936,55401.955241083,55071.424217199,50866.276023991,-0.271943619,-1.053899405,0.984783782,1.077402097,-0.114450533,0.013384526,0.002755064,0.137796784,-0.001879233,-6.801662854,-3.198178363,-0.913642698,-0.059073714,0.028328524,-0.006300442,0.997825629,0.352071942,-0.935965909,1.087951501,0.0,0.0,0.0,0.86058265,0.0,3.618161633
1772729833.9838169,-0.272182,-1.054307,0.984828,-0.0493364,0.05460042,-0.00271137,0.997285,-0.099452,0.108852,-0.01086,0.979138715,-0.144133218,0.021423311,0.210686228,0.034581391,-0.001596485,-0.057537183,0.015694441,1.010158689,0.061933558,-0.010867109,-0.013774302,47915.068002817,55485.210795928,55302.391240315,50792.867900365,-0.263351288,-1.055122559,0.984995351,1.079585644,-0.105397902,0.013523782,8.21e-05,0.131252093,-5.2142e-05,-6.730168212,-3.183575354,-0.913609314,-0.058452379,0.02819741,-0.006325344,0.997867214,0.36017539,-0.932873315,1.088240657,0.0,0.0,0.0,0.86058265,0.0,3.617702726
1772729833.993817,-0.262443,-1.055674,0.985152,-0.04879415,0.05590956,-0.00293027,0.99723852,-0.098415,0.111455,-0.011371,0.981649615,-0.134671515,0.022162628,0.186461185,0.030617275,0.022558749,-0.050611709,0.010011289,1.013875134,0.033183915,-0.033790452,-0.003972132,48336.813785867,55887.578258291,55056.900871311,50210.175904384,-0.254233581,-1.056337218,0.985216859,1.081814196,-0.095865111,0.013932384,0.007743236,0.127795365,0.005856046,-6.682822976,-3.16422187,-0.914136829,-0.058041578,0.028026532,-0.006351456,0.997904373,0.368951481,-0.929435896,1.08855485,0.0,0.0,0.0,0.86058265,0.0,3.617243798
1772729834.0038166,-0.252663,-1.05696,0.985373,-0.0488797,0.05623404,-0.00309882,0.99721558,-0.098613,0.112087,-0.011752,0.985594005,-0.125511134,0.022144912,0.116522099,0.000759569,0.031488491,-0.04477191,0.013111287,1.015577178,0.036094794,-0.032663455,0.006677559,48386.424753036,55502.218239598,55131.671913877,50512.615155322,-0.244087857,-1.057594,0.985457822,1.084324721,-0.085376345,0.014775881,0.012327901,0.127988295,0.006437728,-6.650529485,-3.133993387,-0.908454835,-0.057764247,0.027758641,-0.006325232,0.997920559,0.378199525,-0.925712237,1.08888713,0.0,0.0,0.0,0.86058265,0.0,3.616784902
1772729834.0138168,-0.242795,-1.058168,0.985597,-0.04838104,0.05705367,-0.00287962,0.99719399,-0.097604,0.113754,-0.011337,0.988322679,-0.115961785,0.022703479,0.015192982,-0.006289895,0.001630204,-0.044542107,0.00971995,1.011723053,0.035527911,-0.028006412,0.01331136,48341.092529807,56008.162404293,55188.066147248,49833.255652603,-0.234565618,-1.058686928,0.985649619,1.086706695,-0.075751139,0.015351548,0.011383093,0.125005717,0.003937112,-6.619191379,-3.109315221,-0.896910804,-0.057496153,0.02753621,-0.006244767,0.997943062,0.387152647,-0.922002837,1.089210205,0.0,0.0,0.0,0.86058265,0.0,3.616325973
1772729834.0238163,-0.232845,-1.059306,0.985737,-0.04709204,0.05517957,-0.00253308,0.99736209,-0.094931,0.110051,-0.010312,0.989614677,-0.105932735,0.022493941,-0.041296844,-0.042856964,-0.015893719,-0.041934552,0.011338815,1.014824733,0.047900696,-0.046493586,0.012378718,48531.983757078,55975.245042957,55016.075989769,49900.320486195,-0.225383972,-1.05965958,0.985865197,1.08896667,-0.066606947,0.015870257,0.012691997,0.127533073,0.005919525,-6.582011674,-3.079395925,-0.882754699,-0.057178177,0.027266561,-0.006145456,0.997974773,0.395537717,-0.91843571,1.089513994,0.0,0.0,0.0,0.86058265,0.0,3.615867077
1772729834.0338163,-0.2229,-1.060339,0.986042,-0.04743344,0.05503285,-0.00214569,0.99735493,-0.095572,0.109791,-0.009559,0.992160872,-0.096055783,0.021235199,-0.005249697,-0.143760204,-0.016771183,-0.04790738,0.02061016,1.014735342,0.055572546,-0.041643464,0.005812462,48323.641243984,55988.244847587,55170.279032457,49844.479698877,-0.216675253,-1.060491075,0.98606817,1.091029775,-0.057901895,0.016561569,0.009557397,0.135626466,0.006504569,-6.547395957,-3.044801015,-0.871248973,-0.056882191,0.026957707,-0.006070767,0.997996481,0.403552455,-0.914943635,1.08980539,0.0,0.0,0.0,0.86058265,0.0,3.615835905
1772729834.043817,-0.21298,-1.061214,0.986224,-0.04909596,0.05462425,-0.00329317,0.9972938,-0.099033,0.108844,-0.012003,0.993013496,-0.086066011,0.022738289,0.035733614,-0.173063851,0.012596472,-0.049919308,0.011531596,1.010618322,0.084293134,-0.041493018,0.009339717,48371.224868605,55867.396181225,55151.007185151,49950.167453929,-0.20787521,-1.061246376,0.986277072,1.092929472,-0.049093812,0.01718363,0.003627119,0.128398536,0.002327843,-6.504820055,-3.010789043,-0.860806345,-0.056516509,0.026654084,-0.006006717,0.998023389,0.411612466,-0.911348063,1.090099548,0.0,0.0,0.0,0.86058265,0.0,3.615835905
1772729834.0538168,-0.203148,-1.062009,0.986504,-0.04918213,0.05486599,-0.00332969,0.99727617,-0.099216,0.109323,-0.012111,0.993180415,-0.076241662,0.024639748,0.078949763,-0.159714828,0.031436943,-0.046765148,0.018486048,1.01575538,0.078312103,-0.011231634,0.010157792,48651.547135251,56053.552386069,54969.124920627,49610.696405021,-0.198276492,-1.061986281,0.986513176,1.094837314,-0.039575819,0.017829533,0.007334175,0.135531362,0.010376999,-6.444911633,-2.9839916,-0.849575142,-0.055999424,0.026412062,-0.005936021,0.998058427,0.420448734,-0.907305849,1.090423474,0.0,0.0,0.0,0.86058265,0.0,3.615835905
1772729834.0638163,-0.193183,-1.062738,0.986703,-0.04697693,0.05289307,-0.00250085,0.99749147,-0.094649,0.105481,-0.010014,0.992945605,-0.066728599,0.026817838,0.116843924,-0.086535391,0.035284593,-0.052479552,0.023269713,1.008884824,0.120131439,-0.035175824,0.003968302,48462.013646189,56090.511940415,55068.897288992,49562.639912498,-0.187685203,-1.06270442,0.986761267,1.096948769,-0.029264203,0.01866894,0.002021993,0.137894739,0.003432406,-6.377625428,-2.953274552,-0.835828747,-0.055418874,0.026134382,-0.005846751,0.998098729,0.430084117,-0.902777094,1.090778325,0.0,0.0,0.0,0.86058265,0.0,3.615835905
1772729834.073816,-0.183185,-1.063364,0.986943,-0.04570427,0.05139995,-0.00204248,0.99762969,-0.092014,0.102549,-0.00882,0.994909651,-0.058041353,0.027371627,0.146361881,-0.062476058,0.02656982,-0.048609414,0.008722461,1.012242523,0.099423677,-0.041225423,-0.001963604,48516.232395465,55978.767162471,54973.087060537,49728.254602663,-0.176697987,-1.063347063,0.987058466,1.09908024,-0.018817074,0.019259528,0.003787304,0.120076427,0.005818685,-6.3001944,-2.920333243,-0.826565791,-0.054749019,0.025839066,-0.005799576,0.998143492,0.440008286,-0.897980066,1.091145737,0.0,0.0,0.0,0.86058265,0.0,3.615835905
1772729834.0838163,-0.173211,-1.063929,0.987299,-0.04569977,0.05240996,-0.00146022,0.99757837,-0.091963,0.104623,-0.007746,0.998646018,-0.049639053,0.027756359,0.155776753,-0.064889749,0.01391435,-0.059420698,0.000810453,1.008592514,0.094871408,-0.04369703,-0.013922152,48809.079834986,55620.751752736,54690.02381156,50174.142185363,-0.167279163,-1.063808473,0.987344613,1.100791724,-0.009951393,0.01995449,-0.002716884,0.114141229,0.006877428,-6.231148727,-2.89092118,-0.82009865,-0.054151234,0.025576312,-0.005772793,0.998183288,0.448520931,-0.893758818,1.091462501,0.0,0.0,0.0,0.86058265,0.0,3.615835905
1772729834.0938163,-0.163284,-1.064351,0.9876,-0.045532,0.05290434,-0.00259354,0.99755764,-0.091754,0.10551,-0.010048,1.002464534,-0.041460005,0.027638604,0.116700885,-0.069221577,-0.004555291,-0.053097054,0.007233443,1.00691912,0.062142018,-0.022394847,-0.013594414,48800.239882768,55440.378329102,54673.354115903,50383.898478368,-0.159311663,-1.064132362,0.98758223,1.102163718,-0.002515357,0.020506149,-0.002102164,0.116269849,0.003489897,-6.182300758,-2.864471841,-0.818194564,-0.053728107,0.025342552,-0.005779583,0.998212779,0.455541623,-0.890207241,1.091724821,0.0,0.0,0.0,0.86058265,0.0,3.615835905
1772729834.1038165,-0.153299,-1.06471,0.987861,-0.04548821,0.05301504,-0.00295349,0.99755276,-0.091707,0.105699,-0.010776,1.004277512,-0.032989445,0.028511138,0.088778301,-0.046113721,-0.006224424,-0.048888907,0.0209848,1.008974573,0.036976598,-0.00902737,-0.013301347,48542.402742373,55556.904654223,54886.191205493,50204.555299729,-0.15197186,-1.064388743,0.987790842,1.103405504,0.004223895,0.020717226,0.004033673,0.121407511,-0.000154802,-6.145627743,-2.839874263,-0.817784527,-0.05341055,0.025126238,-0.005795682,0.998235686,0.462434602,-0.886649901,1.091983302,0.0,0.0,0.0,0.86058265,0.0,3.615835905
1772729834.1138165,-0.143134,-1.065017,0.988075,-0.04445298,0.05131408,-0.00258085,0.9976894,-0.089553,0.10234,-0.009763,1.015416003,-0.027015333,0.027544374,0.070817409,0.001035008,0.036945691,-0.050289597,0.019975883,1.006967885,0.015109303,-0.018161812,-0.005110886,47965.01786482,55777.338810604,55339.38490566,49936.031335085,-0.143155916,-1.06463718,0.988008536,1.10506411,0.012050408,0.020585842,0.000591501,0.123159548,-0.001271122,-6.119174971,-2.816366292,-0.817154652,-0.053181979,0.024919825,-0.005806982,0.998253231,0.470141697,-0.882582069,1.092273801,0.0,0.0,0.0,0.86058265,0.0,3.615835905
1772729834.1238167,-0.133022,-1.065232,0.988361,-0.04302565,0.05018285,-0.00196986,0.9978109,-0.086602,0.100144,-0.008291,1.010295389,-0.016755397,0.02952192,0.035401137,0.033065154,0.038088255,-0.050667354,0.006508185,1.006114038,0.009359636,-0.049804895,-0.005457364,48214.580262601,56304.913948892,55105.178102499,49307.629923761,-0.133124968,-1.064848291,0.988273188,1.106928757,0.020870661,0.020804211,0.000270714,0.112896508,0.001373784,-6.099030842,-2.791162864,-0.815256835,-0.053008755,0.024698369,-0.005806567,0.998269013,0.478119893,-0.878283114,1.092575932,0.0,0.0,0.0,0.86058265,0.0,3.615835905
1772729834.1338162,-0.122976,-1.065373,0.988749,-0.04381907,0.05158854,-0.00156842,0.99770539,-0.08818,0.102985,-0.007692,0.993767964,-0.004104005,0.034927928,-0.034060335,0.071478813,-0.014123721,-0.05058647,0.001681213,1.008917731,-0.003334674,-0.069533329,-0.014749566,48276.754553155,55435.954221375,54994.152583651,50473.397871665,-0.125336905,-1.064955774,0.988522737,1.108273318,0.027682486,0.021172505,-2.0562e-05,0.11272779,0.005164814,-6.085782585,-2.761430407,-0.813184562,-0.052895959,0.024437728,-0.005805193,0.998280046,0.485525334,-0.874208305,1.092857699,0.0,0.0,0.0,0.86058265,0.0,3.615835905
1772729834.1438155,-0.11295,-1.065361,0.989074,-0.04447945,0.05302839,-0.00235237,0.99759913,-0.089615,0.10579,-0.009464,0.975510876,0.009859256,0.038545996,-0.092332608,0.033840415,-0.118352883,-0.054512455,0.015220272,1.012353844,-0.048143021,-0.053418345,-0.018439503,48115.862137673,55342.859314958,55131.75817164,50522.926561981,-0.116485973,-1.065005784,0.988814031,1.109705849,0.035493758,0.021783276,-0.003841581,0.120959805,0.007284084,-6.088229335,-2.722024843,-0.813300026,-0.05292013,0.02409462,-0.005823991,0.998289116,0.493191793,-0.869906717,1.093150745,0.0,0.0,0.0,0.86058265,0.0,3.616077665
1772729834.1538143,-0.102818,-1.065323,0.989387,-0.04540284,0.05402473,-0.00242896,0.99750389,-0.091499,0.107768,-0.009809,0.964756262,0.021540774,0.040354448,-0.129094823,-0.057747981,-0.207513871,-0.05189844,0.006669972,1.017366873,-0.064878026,-0.068233733,-0.007144875,47680.649902876,55470.568531767,55455.655825082,50321.778012034,-0.10641924,-1.06498108,0.989141476,1.111301258,0.044371826,0.022461903,-0.004762354,0.116604636,0.010878815,-6.108088117,-2.668424012,-0.810821274,-0.053097547,0.023627534,-0.005823217,0.998291645,0.50156619,-0.865105054,1.093472516,0.0,0.0,0.0,0.86058265,0.0,3.616332713
1772729834.163815,-0.094216,-1.06479,0.989939,-0.04544083,0.05134773,-0.00461926,0.99763581,-0.091748,0.102211,-0.013957,0.965835031,0.030787384,0.038331758,-0.094440264,-0.229376911,-0.25634753,-0.041152323,0.006861104,1.027031747,-0.074824608,-0.086805542,0.003541207,47903.488117039,55908.36513097,55255.721804975,49682.604847836,-0.097477783,-1.064794391,0.989498483,1.111460218,0.052956267,0.023909569,0.005636559,0.115887504,0.020774148,-6.13523461,-2.620508158,-0.80515453,-0.053338647,0.023208854,-0.005790707,0.998289386,0.509639917,-0.860374967,1.093784415,0.0,0.0,0.0,0.86058265,0.0,3.61658781
1772729834.1738148,-0.084369,-1.064499,0.990332,-0.04610476,0.04967329,-0.00582599,0.9976838,-0.093163,0.09874,-0.016285,0.977492696,0.036740866,0.035980376,-0.041738574,-0.346576129,-0.241805229,-0.047218013,0.01018019,1.016775546,-0.011009314,-0.114204774,-0.010343643,48084.699298553,55906.532354231,55052.141253836,49563.268610259,-0.08863601,-1.064390105,0.989827833,1.112413151,0.061863232,0.025767439,0.004031522,0.121345319,0.011261177,-6.151984724,-2.538610125,-0.7967349,-0.053492081,0.02249231,-0.005752416,0.9982957,0.517345594,-0.855764922,1.094083761,0.0,0.0,0.0,0.86058265,0.0,3.616842883
1772729834.183815,-0.07423,-1.064152,0.990571,-0.04623556,0.04756907,-0.00637772,0.99777692,-0.093424,0.094477,-0.017203,0.99602764,0.041093571,0.033204286,-0.00795388,-0.37831958,-0.188507134,-0.045783894,0.002147769,1.007352954,-0.015767859,-0.10075964,-0.008336678,48032.065645596,55486.706373577,54968.776325644,50058.778609946,-0.07943591,-1.063945113,0.990115905,1.114347916,0.070693609,0.026942762,7.296e-05,0.111084166,0.00238013,-6.154697201,-2.46277742,-0.790567548,-0.053522256,0.021828932,-0.005733748,0.998308541,0.525407743,-0.850844937,1.094398515,0.0,0.0,0.0,0.86058265,0.0,3.617097967
1772729834.1938145,-0.06403,-1.063787,0.990919,-0.04637126,0.04655138,-0.00715591,0.99781334,-0.093742,0.092367,-0.018679,1.015816606,0.045625005,0.030047134,0.028946225,-0.345983899,-0.128417119,-0.050285557,0.011537305,1.002058894,-0.015186272,-0.081326601,-0.013217915,48185.406986886,55402.303632059,54728.367068498,50216.729869483,-0.07304431,-1.06384437,0.990507495,1.110745396,0.076911851,0.027694583,-0.004593991,0.121029301,-0.00209514,-6.154428271,-2.407242176,-0.788783523,-0.053524151,0.021344272,-0.005744342,0.998319721,0.531556261,-0.847018043,1.094639983,0.0,0.0,0.0,0.86058265,0.0,3.617353034
1772729834.2038145,-0.053856,-1.063257,0.99115,-0.04582016,0.04456867,-0.00769205,0.99792534,-0.092629,0.088362,-0.019514,1.027529748,0.052315881,0.027864401,0.052312174,-0.263398038,-0.063263758,-0.052015397,0.012937479,1.002388581,-0.014749942,-0.068730818,-0.01445647,48076.313117154,55579.336199109,54849.872815625,49927.990405881,-0.066260004,-1.06334412,0.990675971,1.113333057,0.083303358,0.027547886,-0.007292491,0.119963912,-0.00210503,-6.155534622,-2.3667314,-0.790476407,-0.053536307,0.020992194,-0.00577791,0.998326104,0.536615411,-0.843812093,1.094839613,0.0,0.0,0.0,0.86058265,0.0,3.617608112
1772729834.2138143,-0.043634,-1.062712,0.991521,-0.0460509,0.04402936,-0.00756581,0.99793962,-0.093066,0.087291,-0.01923,1.01918143,0.063916961,0.029719512,0.068604302,-0.193720662,-0.037791665,-0.051087501,0.006716286,1.00513742,-0.015960305,-0.060627994,-0.012307438,48287.611967297,55766.837923635,54705.766559668,49656.638799723,-0.058949489,-1.062870515,0.990884848,1.115204055,0.090029342,0.027392758,-0.009310609,0.115011576,-0.000818912,-6.155201194,-2.326257136,-0.79135659,-0.053536064,0.020639977,-0.005804647,0.998333416,0.541821342,-0.840487589,1.095045494,0.0,0.0,0.0,0.86058265,0.0,3.617863185
1772729834.2238135,-0.033457,-1.061993,0.991777,-0.04522026,0.04211597,-0.00782676,0.99805817,-0.091369,0.083457,-0.019501,1.017654137,0.07269498,0.030162169,0.085722956,-0.149513013,0.007329085,-0.046761515,0.009290834,1.008677666,0.002810163,-0.055928662,-0.006144458,48743.820447861,55759.554136162,54355.273933486,49648.709620628,-0.050691604,-1.062481195,0.991170499,1.115409283,0.097263359,0.027315188,-0.002931203,0.119268698,0.004721444,-6.146899348,-2.289113357,-0.793208847,-0.053465996,0.020316819,-0.005839691,0.998343328,0.549096599,-0.835758174,1.09533481,0.0,0.0,0.0,0.86058265,0.0,3.618118245
1772729834.2338135,-0.0233,-1.061221,0.992094,-0.0449336,0.04185143,-0.0079019,0.99808165,-0.090792,0.082927,-0.019603,1.017492792,0.081986694,0.031153915,0.056334922,-0.05941377,0.010573893,-0.047961129,0.01871812,1.003676287,0.011434129,-0.042019354,-0.006374348,49116.517141768,55345.755427938,54051.99087159,50163.511664722,-0.042274423,-1.062280061,0.991479117,1.11271181,0.104125399,0.027718599,-0.00545835,0.128267738,-0.002510626,-6.131288508,-2.256421292,-0.795167683,-0.05333192,0.020032116,-0.005874817,0.998356427,0.556751736,-0.830673803,1.095641138,0.0,0.0,0.0,0.86058265,0.0,3.618373324
1772729834.2438133,-0.013189,-1.060331,0.992395,-0.04488051,0.04245277,-0.00788448,0.99805878,-0.090701,0.084132,-0.01962,1.018711286,0.089200454,0.033108112,0.008865987,0.046227152,-0.026889579,-0.052919438,0.008586751,1.002836518,0.002630866,-0.025315094,-0.016853756,48426.393064719,55706.810510382,54560.860450874,49778.709335244,-0.030608954,-1.061345275,0.991793914,1.092309975,0.115766277,0.026299559,-0.013307206,0.113889142,-0.000378131,-6.120201392,-2.227115152,-0.798692089,-0.053236757,0.019777865,-0.005921155,0.998379457,0.55980585,-0.828578541,1.095764602,0.0,0.0,0.0,0.86058265,0.0,3.618628396
1772729834.2538133,-0.002953,-1.059437,0.992753,-0.04482209,0.04264167,-0.00756291,0.99805585,-0.090562,0.08454,-0.018988,1.021628907,0.095633522,0.033501392,-0.023915781,0.076122063,-0.061633129,-0.052517475,-0.002458021,1.007415739,-0.004725119,-0.033224926,-0.024509273,47829.20597782,55996.898875536,54994.402237335,49482.230476448,-0.015137618,-1.060224703,0.992279741,1.0972296,0.127386349,0.026435841,-0.014913236,0.10567648,0.004553955,-6.095955262,-2.129782005,-0.801459765,-0.053031818,0.018929863,-0.005994553,0.99841743,0.57766141,-0.816195332,1.096488924,0.0,0.0,0.0,0.86058265,0.0,3.618883475
1772729834.263813,0.007344,-1.058472,0.993035,-0.0443843,0.04186463,-0.00764757,0.99810766,-0.089669,0.082987,-0.019049,1.023253093,0.103511249,0.033274196,-0.046492815,0.077657293,-0.071093409,-0.047081903,0.007674308,1.011460375,-0.013759465,-0.039606471,-0.021954858,48129.845144712,55601.448974072,54700.245855713,50038.939661502,-0.005508014,-1.059367948,0.992588686,1.101280634,0.135278785,0.026840732,-0.009259038,0.113862242,0.005252023,-6.072451588,-2.034445115,-0.804735778,-0.052833143,0.01809952,-0.006071314,0.998419796,0.587367665,-0.809304879,1.096885711,0.0,0.0,0.0,0.86058265,0.0,3.619138547
1772729834.2738123,0.017502,-1.057316,0.993476,-0.04613161,0.04428498,-0.00934427,0.99790951,-0.093392,0.087635,-0.022825,1.025371005,0.110518715,0.031874584,-0.041817073,0.0257637,-0.046567172,-0.044873182,0.022015085,1.009452133,-0.035664306,-0.029195838,-0.014829434,48026.110092303,55524.739661692,54866.471577278,49997.502236409,0.003984716,-1.058239497,0.992841017,1.104464597,0.143950285,0.027052783,-0.007212295,0.123012664,0.000416393,-6.073715878,-2.021681157,-0.815194381,-0.052843393,0.017993202,-0.006168151,0.998420507,0.594425884,-0.804135853,1.097177354,0.0,0.0,0.0,0.86058265,0.0,3.619393608
1772729834.2838123,0.027804,-1.056263,0.993749,-0.0458807,0.04364364,-0.00942776,0.99794855,-0.092875,0.08635,-0.022909,1.025557213,0.119204581,0.031237559,-0.05519136,0.002520312,-0.017569403,-0.049004067,0.013858085,0.998127252,-0.06424705,-0.038201039,-0.00849743,48421.302497558,55443.288079624,54604.265383005,50067.248314032,0.013708811,-1.057287659,0.993180657,1.106224655,0.15201048,0.027281059,-0.012243648,0.119833242,-0.006604529,-6.081583813,-2.004235185,-0.8175105,-0.05291281,0.017842693,-0.006195191,0.998419641,0.601819668,-0.798616529,1.097484923,0.0,0.0,0.0,0.86058265,0.0,3.619648686
1772729834.2938116,0.038086,-1.055007,0.994011,-0.04575514,0.04260789,-0.00886294,0.99800425,-0.092543,0.084335,-0.021668,1.024536875,0.129365333,0.030819377,-0.097160498,0.032432222,0.000528464,-0.051912002,0.001568618,0.996421204,-0.071412091,-0.034045417,-0.009957468,48096.191467604,55449.936937882,54836.076356294,50117.905787031,0.024206705,-1.056293877,0.993561171,1.10736253,0.160304744,0.027015873,-0.017362488,0.109889574,-0.007965429,-6.109834618,-1.980651336,-0.82151481,-0.05316,0.017640609,-0.006236724,0.998410548,0.609982049,-0.792399062,1.097826944,0.0,0.0,0.0,0.86058265,0.0,3.619903746
1772729834.3038113,0.048225,-1.053574,0.994287,-0.04599699,0.04308807,-0.00850397,0.99797564,-0.093013,0.085323,-0.021015,1.023586116,0.140578495,0.030595056,-0.15253305,0.068861259,-0.003021915,-0.058705624,0.007166621,0.999318482,-0.084210132,-0.030674636,-0.006177749,48280.764851367,55281.374221165,54786.11450654,50311.13293698,0.035524858,-1.054752912,0.993861431,1.110164959,0.170365666,0.025963181,-0.023466321,0.110935485,-0.006000864,-6.14111302,-1.956168389,-0.825813481,-0.053433588,0.017430994,-0.006280784,0.99839956,0.618375908,-0.785866799,1.098181492,0.0,0.0,0.0,0.86058265,0.0,3.620158819
1772729834.3138108,0.058596,-1.052291,0.994654,-0.04705277,0.04353208,-0.00806202,0.99791082,-0.095107,0.08623,-0.020264,1.02555191,0.148686836,0.031008169,-0.210391991,0.112412448,-0.013048173,-0.050139873,0.000507817,1.011124231,-0.099563512,-0.025085532,0.003304576,48440.542702085,55040.337046558,54793.661810911,50574.527563553,0.046853867,-1.053418857,0.994190346,1.110328854,0.179630486,0.024929929,-0.016517981,0.110844975,0.007452939,-6.190311548,-1.926850761,-0.823779812,-0.053864609,0.017177296,-0.006269439,0.998381899,0.6270585,-0.778957545,1.098551354,0.0,0.0,0.0,0.86058265,0.0,3.620413885
1772729834.3238103,0.068751,-1.050617,0.994985,-0.04858038,0.04453244,-0.00908807,0.99778465,-0.098294,0.088098,-0.022552,1.024529027,0.158353842,0.03096895,-0.24170031,0.157000556,-0.044322013,-0.04395896,0.005841454,1.008025337,-0.083594634,-0.030260059,0.014745626,48284.316722743,54881.369191598,55027.910793853,50574.963262708,0.059435614,-1.051817127,0.994587011,1.111074291,0.190167005,0.025914536,-0.010101506,0.113931221,0.000160479,-6.2384202,-1.901469643,-0.813274661,-0.054287079,0.016953805,-0.006182831,0.998359914,0.636546653,-0.771230283,1.098959239,0.0,0.0,0.0,0.86058265,0.0,3.620668952
1772729834.33381,0.079016,-1.048994,0.99527,-0.05005762,0.04567319,-0.00961975,0.99765508,-0.101345,0.090292,-0.023866,1.025503115,0.16584233,0.028419316,-0.173533763,0.052159158,-0.043464608,-0.045990946,0.000450754,1.003308441,-0.071811059,-0.062768106,0.008017721,48182.599068121,54881.688425439,55003.884030376,50686.874375574,0.069140818,-1.050327326,0.994900513,1.111765047,0.198853616,0.025877326,-0.011540249,0.104158571,-0.003038757,-6.282624931,-1.871259621,-0.803601621,-0.054675728,0.016688406,-0.006106441,0.998346454,0.644020222,-0.7649997,1.099283604,0.0,0.0,0.0,0.86058265,0.0,3.620924024
1772729834.3438103,0.089275,-1.047288,0.995537,-0.05081859,0.04549108,-0.00966644,0.99762447,-0.102871,0.089905,-0.02401,1.027805681,0.171947503,0.027125026,-0.072730552,-0.094902189,0.010409178,-0.050591986,0.009968675,1.003472384,-0.070144744,-0.083102153,0.000104586,48759.639251087,55230.41365764,54537.510113674,50320.515880976,0.078903521,-1.048766775,0.995192897,1.112469282,0.207557917,0.025426128,-0.017528556,0.118612021,-0.004771192,-6.315681511,-1.824260496,-0.796600978,-0.054967952,0.016277355,-0.006063279,0.998337162,0.651510071,-0.758629097,1.099611345,0.0,0.0,0.0,0.86058265,0.0,3.620987446
1772729834.3538098,0.099668,-1.045696,0.995843,-0.05087609,0.0450649,-0.00870375,0.99764975,-0.102887,0.08915,-0.022041,1.028970037,0.178822082,0.02659548,0.034145579,-0.231802149,0.059921435,-0.048730196,0.010650371,1.010408129,-0.047106531,-0.102946473,-0.00291109,48657.054639332,55731.037297662,54560.209886495,49742.871636784,0.090518341,-1.046828114,0.995516718,1.11326027,0.21795226,0.025197542,-0.017074404,0.122079532,0.004789745,-6.339690952,-1.762561832,-0.791723345,-0.055182001,0.01573876,-0.00604719,0.99833274,0.65977093,-0.751460982,1.099975946,0.0,0.0,0.0,0.86058265,0.0,3.620485946
1772729834.36381,0.109769,-1.043684,0.996004,-0.04957001,0.04275357,-0.00850345,0.99781894,-0.100176,0.084578,-0.021286,1.031047953,0.184840444,0.027685399,0.100201052,-0.315736722,0.108076008,-0.04832869,2.7447e-05,1.010321304,-0.013397869,-0.11417197,-0.002014046,48684.306649899,55608.910787157,54588.387983471,49804.477196314,0.099958049,-1.045275483,0.995786672,1.114023461,0.226082606,0.025465997,-0.016017472,0.111229892,0.00532956,-6.343945135,-1.690882031,-0.786782675,-0.055224477,0.015112125,-0.006038091,0.998336284,0.666330864,-0.745645228,1.100268151,0.0,0.0,0.0,0.86058265,0.0,3.61998441
1772729834.3738103,0.120199,-1.041858,0.996324,-0.04913767,0.0404662,-0.00811674,0.99793892,-0.09921,0.080053,-0.020243,1.031171127,0.193636879,0.030091928,0.097350259,-0.313277418,0.115106359,-0.052693691,-2.2746e-05,1.007200287,0.009546376,-0.133776149,-0.001298607,48653.782227341,56020.462877647,54510.424603526,49333.351244795,0.11108552,-1.042983209,0.996046113,1.117020741,0.236909904,0.025976566,-0.02154248,0.116389176,0.004380399,-6.331101548,-1.61436983,-0.780245259,-0.055118382,0.014441712,-0.006019568,0.998349475,0.673388144,-0.739226026,1.100586173,0.0,0.0,0.0,0.86058265,0.0,3.619482874
1772729834.3838096,0.130551,-1.039955,0.996722,-0.04916728,0.04004462,-0.00707736,0.99796238,-0.099175,0.079313,-0.018122,1.029862307,0.203685159,0.032122195,0.054234145,-0.227876711,0.085208325,-0.050434269,0.005543906,1.007092543,0.01654234,-0.140597195,-0.001130524,48830.833601646,55685.001878186,54438.85265182,49707.404212503,0.120303081,-1.041492436,0.996287216,1.115003069,0.244275249,0.025892742,-0.021073496,0.116620933,0.001862949,-6.318259186,-1.537864926,-0.773708467,-0.055012297,0.013771364,-0.006001046,0.998368123,0.680665545,-0.732562797,1.100915105,0.0,0.0,0.0,0.86058265,0.0,3.618981386
1772729834.3938093,0.140787,-1.037787,0.996978,-0.04876283,0.03862353,-0.00726661,0.99803688,-0.098341,0.076461,-0.018326,1.027513023,0.214740978,0.032085559,0.012366601,-0.162539141,0.028322266,-0.046438813,0.011138816,1.005843043,0.004306953,-0.135434113,-0.007358783,48303.142861956,55472.544492739,54734.800532363,50124.353077934,0.129726234,-1.03973662,0.996591421,1.115141092,0.252215714,0.025982357,-0.019616617,0.11944119,-0.001448809,-6.305416212,-1.461356374,-0.767171363,-0.054906207,0.013100984,-0.005982524,0.998386709,0.68786422,-0.725825243,1.101243763,0.0,0.0,0.0,0.86058265,0.0,3.618479874
1772729834.4038093,0.151064,-1.035618,0.997309,-0.04892303,0.03849582,-0.00650069,0.99803925,-0.098601,0.076279,-0.016792,1.027154126,0.223222416,0.032061647,-0.006162126,-0.132543192,-0.012595322,-0.048035884,0.0139771,1.006274968,-0.013428334,-0.148493394,-0.013732423,48340.593230904,55615.279861181,54682.511337983,49954.766501567,0.138383162,-1.037965298,0.996853037,1.115152605,0.259673921,0.025830036,-0.019837286,0.118488373,-0.003965242,-6.293381028,-1.385289726,-0.760951576,-0.054807075,0.012434647,-0.005966441,0.998397127,0.693379271,-0.720555145,1.101498008,0.0,0.0,0.0,0.86058265,0.0,3.61797835
1772729834.4138083,0.161339,-1.033355,0.997671,-0.04935344,0.03809034,-0.00666132,0.99803256,-0.099467,0.075445,-0.017106,1.023850297,0.234594202,0.030418522,-0.006511954,-0.112540473,-0.041951097,-0.049044223,0.008580111,1.008525456,-0.016637184,-0.159905494,-0.010683685,48528.541670413,55888.151398004,54484.574755012,49679.725343882,0.146876574,-1.036196138,0.99710479,1.115097431,0.267019538,0.025624557,-0.019594115,0.109914076,-0.005715613,-6.291980824,-1.315069408,-0.758910043,-0.054799539,0.01182179,-0.005982479,0.998406955,0.698830389,-0.715275365,1.101750941,0.0,0.0,0.0,0.86058265,0.0,3.617476874
1772729834.4238088,0.171499,-1.030884,0.997928,-0.04910284,0.03762785,-0.00759636,0.99805579,-0.099022,0.074432,-0.018912,1.025192489,0.24190736,0.030427418,-0.030623707,-0.111637574,-0.025533091,-0.05104733,0.00388258,1.010160933,-0.021383802,-0.171211082,-0.007744335,48228.033460556,55866.244870434,54727.333945533,49694.779349729,0.156568345,-1.034120528,0.997407007,1.114927792,0.275402097,0.025562991,-0.026490509,0.11007039,0.002098907,-6.28794014,-1.202950252,-0.755765,-0.054771695,0.010843207,-0.006009221,0.998419469,0.706534597,-0.707662968,1.102111983,0.0,0.0,0.0,0.86058265,0.0,3.616975326
1772729834.4338088,0.181786,-1.028445,0.998176,-0.04901788,0.03582612,-0.0078431,0.99812435,-0.098822,0.070808,-0.019218,1.025073297,0.24908596,0.030596416,-0.062822497,-0.07094457,0.005402495,-0.068823026,0.010460156,1.000978759,-0.049263211,-0.178588097,-0.006472748,48769.883465108,55959.332874986,54430.803345938,49396.703632405,0.167591442,-1.031604217,0.997748226,1.114401325,0.285064411,0.025576791,-0.044653804,0.118269672,-0.004255217,-6.291530434,-1.094399001,-0.749829218,-0.054810243,0.009894766,-0.006009213,0.998427926,0.714098899,-0.700027273,1.102470313,0.0,0.0,0.0,0.86058265,0.0,3.616473802
1772729834.443809,0.192115,-1.025997,0.998567,-0.04934063,0.03564289,-0.00726942,0.99811935,-0.099424,0.070493,-0.018075,1.023547344,0.258183987,0.029309624,-0.071596921,-0.077745677,-0.005776081,-0.05297823,-0.002528013,1.004910544,-0.02517128,-0.173653768,-0.001723027,49012.17083613,55997.536368054,54260.772071926,49348.785239869,0.177641649,-1.029203615,0.998026239,1.113698294,0.293927625,0.025461428,-0.038903289,0.109929501,0.001419979,-6.296807585,-0.9888887,-0.737206155,-0.054863684,0.008969698,-0.005949395,0.99843348,0.721146621,-0.692765392,1.102807642,0.0,0.0,0.0,0.86058265,0.0,3.615972266
1772729834.4538083,0.202256,-1.0233,0.998843,-0.05027124,0.03668985,-0.00678039,0.99803842,-0.101282,0.072618,-0.017269,1.023636116,0.265563385,0.029760498,-0.09389027,-0.087359805,0.001163741,-0.048044997,0.007585829,1.00395041,-0.068616557,-0.170907164,-0.003152908,48785.538959987,55902.418921108,54389.860035639,49576.872995302,0.18630448,-1.027106489,0.998276796,1.113064758,0.301432218,0.02541174,-0.03564569,0.109843916,-0.003977893,-6.305543674,-0.865593286,-0.723238056,-0.054948162,0.007889186,-0.005886233,0.9984385,0.727005956,-0.686617331,1.103090753,0.0,0.0,0.0,0.86058265,0.0,3.616262785
1772729834.4638083,0.21257,-1.020667,0.999144,-0.05083495,0.03551167,-0.00648766,0.99805443,-0.102364,0.070283,-0.016602,1.02214709,0.274627554,0.029502806,-0.101802263,-0.129192355,-0.017854633,-0.049023541,0.004676351,1.007768082,-0.077835311,-0.18141498,-0.003642619,48364.133086089,55780.899886511,54719.675988975,49780.475761997,0.194591613,-1.025063592,0.998540066,1.112385862,0.308538294,0.025310727,-0.032387858,0.109758324,-0.009376152,-6.322814486,-0.786413918,-0.717471814,-0.055103621,0.007197414,-0.005872974,0.998436907,0.731927369,-0.681381161,1.103330281,0.0,0.0,0.0,0.86058265,0.0,3.61684913
1772729834.4738083,0.222663,-1.017801,0.999391,-0.05103864,0.03522508,-0.00751429,0.99804699,-0.102837,0.069602,-0.018641,1.019771835,0.283842423,0.029220463,-0.091385677,-0.163121453,-0.050931624,-0.050002085,0.001766873,1.011585753,-0.087054065,-0.191922796,-0.004132331,48270.930330111,55728.892577056,54796.312724178,49872.948568302,0.207119969,-1.021807211,0.998909074,1.110959534,0.319450271,0.024679805,-0.037014164,0.111683552,0.001517044,-6.355056245,-0.669296455,-0.70591428,-0.055391617,0.006173007,-0.005827564,0.998429884,0.74044698,-0.672044759,1.103751544,0.0,0.0,0.0,0.86058265,0.0,3.617435475
1772729834.4838088,0.232903,-1.014918,0.999686,-0.05115003,0.03312601,-0.00812814,0.99810835,-0.103047,0.065342,-0.019658,1.016785818,0.294699873,0.02668668,-0.04887593,-0.228437866,-0.08063884,-0.061047702,0.004011885,1.010969759,-0.083282702,-0.168704026,-0.002037683,48815.542091712,55733.155362905,54418.6851025,49726.115438516,0.221395901,-1.017786693,0.999272874,1.111138599,0.33278515,0.025239031,-0.04616884,0.110927548,0.004929327,-6.396270785,-0.528140327,-0.690665501,-0.055759138,0.004937801,-0.005761598,0.998416096,0.749165857,-0.662322134,1.104186872,0.0,0.0,0.0,0.86058265,0.0,3.618021848
1772729834.4938087,0.243156,-1.012016,1.000025,-0.05187658,0.03222172,-0.00752003,0.99810522,-0.104442,0.063584,-0.018393,1.015368936,0.303134535,0.027833632,-0.02838241,-0.23911855,-0.04209215,-0.045707908,-4.1793e-05,1.00747252,-0.059132756,-0.160867186,-0.002809518,48517.591900718,56062.219124755,54616.356629654,49245.591900718,0.235026148,-1.014059374,0.999689898,1.106953106,0.344418295,0.026008249,-0.044338382,0.108790159,0.002087089,-6.43748336,-0.38699093,-0.675417449,-0.056126642,0.003702653,-0.005695635,0.998398436,0.758015157,-0.652220559,1.104634578,0.0,0.0,0.0,0.86058265,0.0,3.618608193
1772729834.5038092,0.253198,-1.008858,1.000233,-0.05180174,0.03104542,-0.00773467,0.99814475,-0.104275,0.061213,-0.018693,1.013770741,0.312142314,0.027884331,-0.007770361,-0.235381851,0.008482869,-0.049048056,0.002521105,1.006056798,-0.049054804,-0.163559844,-0.004060702,48899.754285714,55984.022857143,54278.92,49353.365714286,0.247673193,-1.010181721,1.000036452,1.106344687,0.356384838,0.026332168,-0.043003534,0.118593081,-0.000895437,-6.464681089,-0.258922577,-0.662559132,-0.056370797,0.0025819,-0.005645365,0.998389605,0.766459135,-0.642282413,1.105069227,0.0,0.0,0.0,0.86058265,0.0,3.619194566
1772729834.51381,0.263356,-1.00576,1.000563,-0.05201524,0.03066721,-0.00773264,0.99814535,-0.104694,0.060453,-0.018662,1.015381815,0.31766697,0.029288509,-0.001195192,-0.26064126,0.052045909,-0.051434205,-0.002567814,1.011820563,-0.035068111,-0.172404803,-0.004025805,49006.045332173,56052.646262203,54135.292524406,49304.199548582,0.25908819,-1.006749867,1.000367948,1.103760507,0.366616122,0.026709483,-0.047186374,0.114398043,0.005673103,-6.481400771,-0.140635336,-0.651487573,-0.056522733,0.001546684,-0.005606828,0.99838375,0.77377952,-0.633439589,1.105451905,0.0,0.0,0.0,0.86058265,0.0,3.619780953
1772729834.5238094,0.273403,-1.002375,1.000724,-0.05132308,0.02870688,-0.00780111,0.99823895,-0.103261,0.056542,-0.018552,1.01357517,0.325821484,0.029794201,0.00813612,-0.266019797,0.057961767,-0.053370512,0.003917919,1.003587537,-0.036792577,-0.166407034,-0.013794481,48778.255891738,56168.916016301,54201.656183922,49256.722655799,0.268301682,-1.003920994,1.000625017,1.099912484,0.374572903,0.026915568,-0.048920192,0.117657975,-0.00050371,-6.486983774,-0.045643649,-0.645799618,-0.056576171,0.000716532,-0.005604072,0.998381352,0.779862359,-0.625908451,1.105774664,0.0,0.0,0.0,0.86058265,0.0,3.62036727
1772729834.5338097,0.283658,-0.999254,1.001212,-0.05192611,0.02777906,-0.00638489,0.99824408,-0.104371,0.054825,-0.015656,1.01053319,0.33480704,0.029748921,0.018097872,-0.251273425,0.028679202,-0.04565211,0.004767805,1.011890388,-0.028020677,-0.159018621,-0.015942223,48915.806928118,56295.404296265,54035.644907937,49148.464865287,0.277676999,-1.000843479,1.000869236,1.097591732,0.383197624,0.027081786,-0.047372248,0.121141786,0.003810022,-6.485122882,0.05797024,-0.643300916,-0.056565021,-0.000187534,-0.005633418,0.998379529,0.786235928,-0.617855065,1.106117025,0.0,0.0,0.0,0.86058265,0.0,3.62095363
1772729834.5438097,0.293782,-0.995844,1.001419,-0.05140622,0.02579417,-0.00672687,0.998322,-0.103304,0.050832,-0.016105,1.007785615,0.342540828,0.030604283,-0.000182833,-0.180966381,0.014190237,-0.053445486,0.003238456,1.009144595,-0.017819038,-0.138394682,-0.010534645,49236.775029416,56039.269865342,53806.670675905,49395.469080926,0.288637263,-0.99725483,1.001219568,1.094940018,0.392956979,0.027779201,-0.04901018,0.114889908,0.006409624,-6.480492873,0.168208423,-0.641930931,-0.056530021,-0.001148894,-0.005675862,0.99838163,0.79255766,-0.609776792,1.106458944,0.0,0.0,0.0,0.86058265,0.0,3.621114492
1772729834.5538094,0.303881,-0.992444,1.001788,-0.05203262,0.02513457,-0.0064668,0.99830809,-0.104532,0.049531,-0.015547,1.005135147,0.350425295,0.031336899,-0.025608404,-0.121378416,0.000682197,-0.059419486,0.001519086,1.007186673,-0.006007971,-0.121018492,-0.00662692,49215.382766072,56200.10534846,53765.555015307,49153.176931388,0.300357515,-0.99334394,1.001599443,1.091935882,0.403362147,0.028507249,-0.061428714,0.116899727,0.003590903,-6.466772102,0.27249317,-0.637238208,-0.056415348,-0.002060476,-0.005686075,0.998385538,0.799252375,-0.600975421,1.106827517,0.0,0.0,0.0,0.86058265,0.0,3.621114492
1772729834.5638092,0.313727,-0.98871,1.002015,-0.05173715,0.02495421,-0.00676232,0.99832601,-0.103951,0.049145,-0.016104,1.001796818,0.359413066,0.031915046,-0.039089378,-0.062036199,-0.001581403,-0.050819054,0.003423486,1.009397982,0.00877924,-0.13976094,-0.013847016,48541.541986749,56261.010778759,54183.756025543,49153.544315345,0.311262919,-0.989472476,1.001927083,1.08858083,0.413329852,0.028947066,-0.056242063,0.119886944,0.002444868,-6.450704913,0.375096778,-0.631860043,-0.056280101,-0.002957867,-0.005689383,0.998392963,0.805844659,-0.592106614,1.107195864,0.0,0.0,0.0,0.86058265,0.0,3.621114492
1772729834.5738096,0.323704,-0.985081,1.002316,-0.05180215,0.02552963,-0.00740442,0.99830354,-0.104126,0.050227,-0.017452,0.996524144,0.370795633,0.030963277,-0.049811607,-0.028360129,-0.003869228,-0.047708357,0.00799914,1.004201835,-0.01450506,-0.165892852,-0.021079544,48065.980846906,56059.954058632,54494.847218241,49496.270827362,0.321901931,-0.985558357,1.002234811,1.085031074,0.423075431,0.028941458,-0.054806145,0.121265886,-0.003806286,-6.438609771,0.47903606,-0.631555078,-0.056179516,-0.003864208,-0.005737336,0.998396014,0.811995184,-0.583644063,1.107544575,0.0,0.0,0.0,0.86058265,0.0,3.621114492
1772729834.5838099,0.333825,-0.981475,1.002726,-0.05255443,0.02501924,-0.00664093,0.99828251,-0.105585,0.049274,-0.015909,0.994413128,0.378544553,0.032585831,-0.056002816,-0.047523459,0.007825741,-0.044901195,-0.010146396,1.002702902,-0.057257698,-0.191234541,-0.032413294,48233.240483214,55921.866741584,54392.438872501,49696.328651028,0.33321444,-0.981395036,1.002615738,1.081450442,0.433005613,0.028748982,-0.053234171,0.103429293,-0.003774058,-6.443861302,0.612884117,-0.634294412,-0.056231504,-0.005028768,-0.00582703,0.99838903,0.81847614,-0.574523906,1.107917547,0.0,0.0,0.0,0.86058265,0.0,3.621114492
1772729834.5938098,0.343815,-0.977659,1.003058,-0.05294563,0.02374169,-0.00621912,0.99829576,-0.106322,0.046761,-0.014948,0.990957938,0.388671622,0.030413685,-0.056311398,-0.166822439,-0.03399325,-0.05153049,-0.01355772,1.000739478,-0.070518482,-0.218875639,-0.03209368,48327.50765557,56261.621341949,54172.482137004,49433.166128202,0.34307401,-0.97766747,1.002953013,1.07820785,0.441657863,0.028509773,-0.060884299,0.103654841,-0.003748878,-6.463846774,0.723664899,-0.637305882,-0.056410809,-0.005991447,-0.005908615,0.99837221,0.824037431,-0.566517222,1.108242529,0.0,0.0,0.0,0.86058265,0.0,3.621114492
1772729834.60381,0.353538,-0.973587,1.00329,-0.0527556,0.02349767,-0.00659386,0.99830918,-0.105954,0.046237,-0.015662,0.987252379,0.397575088,0.03007736,-0.064395792,-0.2586902,-0.066163996,-0.067386328,-0.002357935,0.996487327,-0.071079537,-0.221497075,-0.028997385,48035.497990296,56124.876279085,54396.397953465,49649.126507278,0.35032537,-0.974771509,1.003169786,1.075421128,0.44832349,0.028115206,-0.075664095,0.112748515,-0.006354007,-6.477261132,0.804118353,-0.639757095,-0.056531464,-0.006690489,-0.005970309,0.99836054,0.828420548,-0.560084041,1.108502009,0.0,0.0,0.0,0.86058265,0.0,3.621114492
1772729834.61381,0.363356,-0.969571,1.003587,-0.05353733,0.02279127,-0.00726023,0.99827932,-0.107536,0.044742,-0.016954,0.980580597,0.408695611,0.027579921,-0.079266639,-0.307625662,-0.098760546,-0.068926335,-0.007610988,0.99965699,-0.068621026,-0.217840375,-0.028239601,48103.912795085,55866.120081923,54482.206640078,49917.646437426,0.358852086,-0.971288109,1.003416504,1.071944867,0.456200178,0.027228777,-0.085594957,0.107745764,-0.00909811,-6.504024931,0.937668095,-0.642379496,-0.056770811,-0.007851312,-0.006060791,0.998339755,0.833092445,-0.553113907,1.108781686,0.0,0.0,0.0,0.86058265,0.0,3.621114492
1772729834.62381,0.373257,-0.965517,1.003887,-0.05333905,0.01988985,-0.00779176,0.99834795,-0.107097,0.038893,-0.017694,0.976961169,0.41652598,0.026590701,-0.106094601,-0.28859236,-0.111831289,-0.056049846,-0.003033458,1.004954507,-0.072939328,-0.198953249,-0.006262814,48179.411019807,56354.503219476,54449.361961121,49312.83418164,0.370742114,-0.966361254,1.00376397,1.066976535,0.467116654,0.02634517,-0.07188353,0.111948046,-0.002773394,-6.542748566,1.093068887,-0.635963478,-0.057114556,-0.009206315,-0.006084821,0.998308335,0.839739123,-0.542967395,1.109186019,0.0,0.0,0.0,0.86058265,0.0,3.621114492
1772729834.6338103,0.382964,-0.961251,1.004099,-0.05451705,0.01763428,-0.00838831,0.99832187,-0.109429,0.034301,-0.018683,0.97590095,0.422078161,0.028672211,-0.130353703,-0.245647395,-0.059645234,-0.052065551,-0.008092639,0.998092089,-0.04957913,-0.181423176,-0.010879577,48048.958715596,56133.392966361,54643.834862385,49539.5382263,0.382139554,-0.961478305,1.004066904,1.061851359,0.477806675,0.025788489,-0.070616989,0.103774371,-0.009378973,-6.564717065,1.244924431,-0.628288695,-0.057311794,-0.010531918,-0.006095539,0.998284409,0.846094666,-0.533013508,1.109579746,0.0,0.0,0.0,0.86058265,0.0,3.621026465
1772729834.6438103,0.392735,-0.957054,1.004472,-0.05480853,0.01778409,-0.00810825,0.99830557,-0.110007,0.034626,-0.01815,0.973433349,0.429244368,0.02970978,-0.103769901,-0.178150734,-0.012866866,-0.047975357,0.009254983,0.997679779,-0.04166431,-0.177244907,-0.028251798,48829.370374486,56389.550394488,53884.253694855,49520.83964885,0.395582441,-0.955473176,1.004453291,1.055310662,0.490386521,0.024971484,-0.067786714,0.098334725,-0.006990119,-6.580075611,1.374780976,-0.624275587,-0.057450657,-0.011664369,-0.006126953,0.998262678,0.852716329,-0.5223724,1.109997457,0.0,0.0,0.0,0.86058265,0.0,3.620327992
1772729834.6538103,0.402379,-0.95265,1.004665,-0.05596258,0.01699066,-0.00812109,0.99825526,-0.112303,0.033019,-0.018126,0.967568075,0.439806597,0.02782423,-0.05103998,-0.127212398,0.00382781,-0.044396828,-0.009916435,1.008412995,-0.009963584,-0.121631136,-0.016173487,48921.313465784,56177.580328673,53910.194751042,49771.616875153,0.409473398,-0.949241584,1.004859136,1.048503805,0.503365181,0.024129247,-0.065119843,0.094780028,-0.000884263,-6.585642118,1.536263273,-0.628572685,-0.057506272,-0.013068663,-0.006245765,0.998240287,0.860593907,-0.509267385,1.110507172,0.0,0.0,0.0,0.86058265,0.0,3.61962952
1772729834.6638103,0.412124,-0.94828,1.005015,-0.05585017,0.01670995,-0.00799496,0.99826731,-0.112067,0.032475,-0.017839,0.962608824,0.449206742,0.026020596,0.012035322,-0.139703383,-0.011210804,-0.045943101,-0.019649509,1.008442599,-0.004352094,-0.107836843,-0.015794191,49024.084694563,56381.645670172,53779.779033341,49577.407249944,0.425757442,-0.94155134,1.005317561,1.039875188,0.518868532,0.024038712,-0.077998608,0.100500265,-0.000222259,-6.57044676,1.645053017,-0.630880938,-0.057378632,-0.014016045,-0.006318421,0.9982291,0.868552556,-0.495589482,1.111034687,0.0,0.0,0.0,0.86058265,0.0,3.618931047
1772729834.6738105,0.421711,-0.943747,1.005333,-0.05531869,0.0159077,-0.00767883,0.99831249,-0.110976,0.030917,-0.017101,0.958456878,0.458193949,0.024855307,0.110551027,-0.237989461,-0.052682434,-0.052104199,-0.009356949,1.008331288,0.019927599,-0.085081307,-0.016615258,49291.146361037,56233.793599839,53590.65556503,49847.447860761,0.437534007,-0.935795403,1.005606008,1.033337519,0.530185839,0.023574365,-0.084044077,0.098663392,-0.005006756,-6.554266544,1.748687396,-0.633585917,-0.057242233,-0.014918379,-0.006391673,0.998227225,0.875467699,-0.483249779,1.111506218,0.0,0.0,0.0,0.86058265,0.0,3.618232558
1772729834.6838112,0.431238,-0.939071,1.005479,-0.0544485,0.01472708,-0.00854856,0.99837137,-0.109233,0.028479,-0.018682,0.953888439,0.467013285,0.023656336,0.113876729,-0.292064041,-0.081071583,-0.046350003,0.00529114,1.003274835,0.024305548,-0.095534503,-0.01807092,48895.264321632,56476.371267714,53950.594374805,49522.372446647,0.447393561,-0.930841022,1.005846445,1.027691393,0.539609293,0.023402855,-0.081150365,0.113816592,-0.006094592,-6.524317934,1.809043918,-0.63994275,-0.056984648,-0.015442677,-0.006473063,0.998233037,0.880322391,-0.474350397,1.111844122,0.0,0.0,0.0,0.86058265,0.0,3.617534035
1772729834.6938112,0.440726,-0.93431,1.005651,-0.05436646,0.01222013,-0.00884782,0.99840707,-0.109022,0.023441,-0.019003,0.949498128,0.474393013,0.024049013,0.087080011,-0.241061801,-0.082487057,-0.048580554,-0.004987729,1.000946366,0.03434088,-0.097971133,-0.008806492,49423.999838579,56452.838095238,53523.068119451,49604.414043584,0.457311425,-0.925772163,1.00612778,1.021960989,0.54895537,0.023409254,-0.07930223,0.111237287,-0.00535968,-6.497381756,1.872694933,-0.640793265,-0.056752703,-0.015998266,-0.006508274,0.998237363,0.885250271,-0.465088704,1.112193795,0.0,0.0,0.0,0.86058265,0.0,3.616835562
1772729834.7038112,0.450242,-0.929599,1.005966,-0.05345217,0.01086957,-0.00920341,0.99846884,-0.107169,0.020723,-0.019546,0.94541075,0.482110522,0.024081802,0.045648447,-0.194894578,-0.058124452,-0.047406443,-0.01991135,1.004926468,0.049234857,-0.110410582,-0.021530365,48942.255207788,56327.775358526,53837.616455564,49949.476290171,0.47046173,-0.918728518,1.006466732,1.015694569,0.562057987,0.022995609,-0.08122785,0.094248004,-0.002562853,-6.449744477,1.94706261,-0.644527706,-0.056341285,-0.016647002,-0.006570519,0.998249546,0.890472183,-0.455014365,1.112572031,0.0,0.0,0.0,0.86058265,0.0,3.616137089
1772729834.7138119,0.45968,-0.924744,1.006259,-0.05306275,0.01018443,-0.00945261,0.9984945,-0.106379,0.019336,-0.019963,0.943041109,0.487218452,0.027696569,0.023053891,-0.095047841,-0.001200078,-0.047693054,-0.016011797,1.008514033,0.054545144,-0.159359685,-0.028634206,49360.91833215,57035.005224713,53475.848635487,49058.257380542,0.483542822,-0.911692517,1.006829631,1.007288269,0.574141907,0.022809714,-0.084019981,0.099929393,0.000745386,-6.396958996,2.079049153,-0.654507675,-0.055888342,-0.017794984,-0.006713847,0.998254155,0.897590814,-0.44080659,1.113101793,0.0,0.0,0.0,0.86058265,0.0,3.615835905
1772729834.7238119,0.469101,-0.919843,1.006499,-0.05469286,0.01108096,-0.00900813,0.9984011,-0.109655,0.021143,-0.019205,0.938114356,0.49574177,0.028245365,0.009039625,-0.037840661,0.039419356,-0.049616879,-0.00962857,1.010399242,0.085003297,-0.164675656,-0.020884888,49757.511256334,57057.956608424,53139.0,49000.488743666,0.493557931,-0.906274224,1.00717625,0.997415731,0.581885555,0.023442068,-0.085759742,0.103310337,0.002579697,-6.322736376,2.212343854,-0.65858185,-0.055247832,-0.018958583,-0.006801916,0.998266632,0.902469248,-0.430725753,1.113475117,0.0,0.0,0.0,0.86058265,0.0,3.615835905
1772729834.7338123,0.478402,-0.914804,1.006761,-0.05374045,0.01104559,-0.00908712,0.99845249,-0.107748,0.021082,-0.019339,0.931281696,0.505463322,0.026622986,0.005525009,-0.016238254,0.031580339,-0.049548102,-0.01302306,1.009695779,0.106716547,-0.129808183,-0.016050789,49766.92378266,56924.317517815,53129.756799287,49150.731502375,0.504400181,-0.900050543,1.007458628,0.989306576,0.591824157,0.023741299,-0.087411337,0.098981686,0.00304837,-6.236151501,2.336778826,-0.658009121,-0.054498489,-0.020048055,-0.006841568,0.998285903,0.90757711,-0.419857529,1.113875399,0.0,0.0,0.0,0.86058265,0.0,3.615835905
1772729834.7438123,0.487755,-0.909735,1.007064,-0.05300152,0.00967441,-0.0084386,0.99851191,-0.106226,0.018427,-0.017882,0.925414519,0.514269857,0.026094353,0.019276414,-0.060224348,0.027598781,-0.043668549,-0.021034762,1.017528755,0.09741096,-0.128247386,-0.014784592,49576.942394588,57186.965323143,53274.128998941,48822.824575899,0.514907157,-0.893891189,1.007765047,0.981744902,0.601450866,0.024244036,-0.081555109,0.087696905,0.01076854,-6.148571015,2.433644248,-0.659703283,-0.053739705,-0.02089639,-0.006886181,0.99830901,0.912359345,-0.409368399,1.114259629,0.0,0.0,0.0,0.86058265,0.0,3.615835905
1772729834.753813,0.496982,-0.904603,1.007383,-0.05319603,0.01035034,-0.00829196,0.99849602,-0.106626,0.019789,-0.017665,0.920129141,0.522814757,0.026456377,0.06167992,-0.110506282,0.012385264,-0.052467572,-0.018809602,1.009445655,0.118022497,-0.118141772,-0.014792274,50013.135285779,57146.006342647,52871.043413497,48764.398697835,0.524831377,-0.888000719,1.008102447,0.974852066,0.610440225,0.025931932,-0.094273245,0.089415904,0.001697893,-6.064179433,2.514859839,-0.661544447,-0.053008092,-0.021608178,-0.006924201,0.998332561,0.916881643,-0.399144434,1.114632321,0.0,0.0,0.0,0.86058265,0.0,3.615835905
1772729834.7638135,0.506065,-0.899172,1.007469,-0.05327455,0.00870974,-0.008919,0.99850209,-0.106762,0.016444,-0.018743,0.913677911,0.532354412,0.02631947,0.106467502,-0.14855587,-0.026538338,-0.051794422,-0.011868054,1.007524709,0.118507449,-0.103343931,-0.010157826,49762.924663465,56892.348500354,53109.474218688,49040.657561206,0.534124513,-0.882226849,1.008389408,0.96808453,0.618844506,0.026394645,-0.099001478,0.090953913,0.003703083,-5.971667442,2.588420771,-0.661478978,-0.052205042,-0.022254695,-0.00693953,0.998359653,0.920579351,-0.390536701,1.114944576,0.0,0.0,0.0,0.86058265,0.0,3.615835905
1772729834.7738142,0.515191,-0.893922,1.007844,-0.05278877,0.00860437,-0.00895901,0.99852844,-0.105787,0.016238,-0.018804,0.909106578,0.539121668,0.027197229,0.121603304,-0.172165478,-0.02230493,-0.045560448,-0.003597373,1.011193716,0.099274677,-0.099430735,-0.001093842,50151.784722554,57089.893888067,52805.413402357,48705.293334606,0.543369756,-0.876474811,1.008677099,0.961348485,0.62717871,0.026832261,-0.090668236,0.100764199,0.004374486,-5.886502766,2.650323754,-0.659621109,-0.051465133,-0.022800018,-0.006934381,0.998388879,0.9248733,-0.380264439,1.115315693,0.0,0.0,0.0,0.86058265,0.0,3.615835905
1772729834.7838147,0.524347,-0.888528,1.008167,-0.05163301,0.00749377,-0.00842031,0.99860251,-0.103443,0.014098,-0.017594,0.903571821,0.546327133,0.028627844,0.151165383,-0.194825962,-0.02724227,-0.046460173,-0.010110222,1.004128061,0.074726004,-0.086463325,-7.8756e-05,50174.179102727,56833.930954941,52772.375544913,49075.555488222,0.551943765,-0.871098394,1.008997827,0.95517806,0.634419813,0.027335482,-0.091115724,0.093211893,-0.00628365,-5.824555247,2.69846824,-0.655836983,-0.050926548,-0.023224921,-0.00691031,0.998408547,0.928334051,-0.371729213,1.115622701,0.0,0.0,0.0,0.86058265,0.0,3.615835905
1772729834.7938144,0.533296,-0.882928,1.008381,-0.0508131,0.0064961,-0.00889334,0.99864745,-0.101787,0.012071,-0.018425,0.898225585,0.553499207,0.029626485,0.183527118,-0.228007775,-0.016971351,-0.048679796,-0.022426135,1.000047467,0.047370454,-0.06892496,-0.004160893,49838.8398788,56542.046447073,53172.486892777,49381.378301241,0.559060312,-0.86644435,1.009233817,0.949758352,0.640603304,0.026980867,-0.094287271,0.079893609,-0.006902436,-5.771359718,2.740835483,-0.652406431,-0.050464048,-0.023598795,-0.006888412,0.998421135,0.931498017,-0.363718579,1.115909844,0.0,0.0,0.0,0.86058265,0.0,3.615835905
1772729834.803815,0.54221,-0.877368,1.008679,-0.04971169,0.00530333,-0.00938278,0.99870545,-0.099563,0.00966,-0.019271,0.891470333,0.561239308,0.02999222,0.175499971,-0.201048429,-0.036891391,-0.047346682,-0.027166092,1.005109678,0.014092145,-0.059007849,-0.005407819,49753.171328546,56779.245489944,53186.126853142,49178.513985639,0.565997666,-0.861852493,1.009455056,0.944456749,0.646553636,0.026569552,-0.094422666,0.074103492,-0.003246021,-5.739544317,2.76916371,-0.649841101,-0.050187423,-0.023848656,-0.006871867,0.998428758,0.934335114,-0.356360473,1.116172718,0.0,0.0,0.0,0.86058265,0.0,3.615835905
1772729834.8138149,0.551204,-0.871848,1.009056,-0.04928118,0.00400543,-0.00842949,0.99874134,-0.098668,0.00717,-0.017234,0.885563956,0.568855127,0.029114111,0.139175019,-0.176788787,-0.039969931,-0.042000376,-0.017308795,1.013031191,-0.024837688,-0.071477876,0.001681495,49440.286438373,56787.333715981,53441.981721209,49180.430902637,0.572611235,-0.857436095,1.009678283,0.939392015,0.652190082,0.026643661,-0.090402497,0.079446925,-0.000615433,-5.727161798,2.800906969,-0.64846366,-0.050080474,-0.024126584,-0.006871074,0.99842936,0.9369926,-0.349322287,1.116423482,0.0,0.0,0.0,0.86058265,0.0,3.616227496
1772729834.8238149,0.559936,-0.866018,1.009307,-0.04914431,0.00371292,-0.00933353,0.99874118,-0.098395,0.006499,-0.01901,0.880398586,0.573547691,0.031187928,0.080862232,-0.079044926,-0.013405369,-0.039082095,-0.017451092,1.009840915,-0.026836175,-0.090915879,0.000865501,49188.998673932,56547.287963865,53677.429625179,49450.044816941,0.579138781,-0.853050537,1.009917218,0.934405789,0.657708341,0.027205291,-0.086382328,0.084790359,0.002015155,-5.724752655,2.841138181,-0.645519031,-0.050060402,-0.024478552,-0.006862406,0.998423871,0.939579746,-0.342329777,1.116672033,0.0,0.0,0.0,0.86058265,0.0,3.61666676
1772729834.833815,0.568707,-0.86022,1.009572,-0.04788903,0.00308277,-0.00935271,0.99880412,-0.095869,0.005262,-0.01898,0.875788967,0.579681963,0.031707412,0.016241246,0.029874209,0.006804377,-0.039223339,-0.025393176,1.009434952,-0.079771696,-0.102351214,0.004065209,49415.166421208,56076.184094256,53507.515169367,50024.00736377,0.586810622,-0.847881701,1.010218122,0.928658993,0.664007442,0.027766765,-0.089353603,0.073110885,0.003193173,-5.735770056,2.893335038,-0.639123942,-0.050156989,-0.024935479,-0.006831773,0.998408946,0.942637498,-0.333805669,1.11697387,0.0,0.0,0.0,0.86058265,0.0,3.617106034
1772729834.8438148,0.577448,-0.854405,1.009922,-0.04824148,0.00356966,-0.00971264,0.9987821,-0.096587,0.006194,-0.019748,0.869062095,0.587493587,0.030890317,-0.036031922,0.102212609,0.014583127,-0.037927186,-0.018050686,1.011809035,-0.121886963,-0.105022298,0.015525401,49241.401571597,55870.621391637,53703.354464395,50188.975408167,0.595342585,-0.841938737,1.010543296,0.921919994,0.671264324,0.028113793,-0.088341974,0.083758475,0.006060121,-5.767993068,2.946177064,-0.62905418,-0.05043744,-0.025398411,-0.006774332,0.998383566,0.945560874,-0.325420181,1.117269929,0.0,0.0,0.0,0.86058265,0.0,3.617545287
1772729834.8538144,0.586203,-0.848601,1.010282,-0.04874989,0.00425094,-0.0084578,0.99876616,-0.097609,0.007667,-0.017311,0.862772365,0.593964261,0.031196572,-0.089295132,0.122880284,0.034561191,-0.036164018,-0.00317996,1.012792323,-0.140580935,-0.113751696,0.022065594,49448.024306828,56183.970746305,53475.386405277,49780.852815439,0.602924032,-0.836363611,1.010778605,0.917831933,0.67948996,0.028730232,-0.086671264,0.103958807,0.006476376,-5.813036212,2.992175983,-0.618260829,-0.050829086,-0.025801313,-0.006710671,0.998354921,0.948344337,-0.317208203,1.117558974,0.0,0.0,0.0,0.86058265,0.0,3.617984529
1772729834.863814,0.594722,-0.842589,1.010591,-0.04962337,0.00561137,-0.00871561,0.99871421,-0.099386,0.010344,-0.017968,0.857168106,0.600663277,0.031793523,-0.13713443,0.120780191,0.067656894,-0.036465088,0.002269633,1.011672608,-0.14796661,-0.141426372,0.019616942,48361.179746749,56223.649982105,54353.610988974,49664.338599451,0.609080221,-0.831992144,1.011016634,0.911831816,0.684207758,0.029315684,-0.088073776,0.105286138,0.004650059,-5.858080429,3.038175998,-0.60746722,-0.051220741,-0.026204224,-0.006647009,0.998324659,0.950823272,-0.309693995,1.117822701,0.0,0.0,0.0,0.86058265,0.0,3.618423782
1772729834.8738208,0.603256,-0.836475,1.010832,-0.05018349,0.00585584,-0.00909881,0.9986814,-0.100516,0.010783,-0.018764,0.850584047,0.608781641,0.031629614,-0.169694653,0.049310431,0.0506205,-0.040676105,-0.018357895,1.011841647,-0.162740424,-0.193405309,0.017839488,48508.73139496,56222.621643421,54264.804713474,49593.010170558,0.615363304,-0.827487962,1.011274217,0.905663838,0.6890147,0.029747121,-0.092341561,0.085499747,0.003487275,-5.92451482,3.116961878,-0.59106339,-0.051798324,-0.026894152,-0.006554776,0.998283449,0.953195047,-0.302326214,1.118080669,0.0,0.0,0.0,0.86058265,0.0,3.618863339
1772729834.8838208,0.611704,-0.830367,1.011181,-0.05049575,0.00510782,-0.00831622,0.99867659,-0.101119,0.009362,-0.017128,0.844714908,0.615934348,0.0319747,-0.142678322,-0.072156443,0.027228408,-0.040137131,-0.021166572,1.017898791,-0.130509022,-0.172135973,0.013182301,48819.218660517,56411.156010378,54006.574632459,49287.680638032,0.622217344,-0.822429066,1.011550547,0.900030794,0.695185212,0.030123436,-0.095180841,0.083687836,0.010723429,-5.9848598,3.20829832,-0.57284242,-0.052322551,-0.027694686,-0.006451703,0.998236529,0.955692772,-0.294354914,1.118359107,0.0,0.0,0.0,0.86058265,0.0,3.619302602
1772729834.893821,0.620162,-0.824206,1.011535,-0.05183666,0.00507206,-0.00795381,0.99861102,-0.103801,0.009306,-0.016413,0.837382403,0.623506364,0.03343286,-0.12461647,-0.153317527,-0.012731062,-0.038603796,-0.019191102,1.018413297,-0.120739674,-0.226297622,0.013636445,48014.11037836,56890.056726094,54565.065724026,48623.749287431,0.628700304,-0.817554512,1.011808055,0.894541119,0.701242757,0.030974957,-0.096228684,0.089532794,0.012575117,-6.031355854,3.298240099,-0.556676451,-0.052726301,-0.028482986,-0.006363288,0.998190356,0.957954451,-0.286898098,1.118618919,0.0,0.0,0.0,0.86058265,0.0,3.619741876
1772729834.9038208,0.62851,-0.817911,1.011851,-0.05227305,0.0047468,-0.00818346,0.99858802,-0.104671,0.008625,-0.016841,0.831839624,0.628688595,0.035680085,-0.119688836,-0.228271803,-0.027738616,-0.037877708,-0.027867694,1.015837991,-0.099054871,-0.247478416,0.017665371,48176.630842601,56867.397622907,54442.39402746,48544.833100468,0.635501081,-0.81238508,1.012102344,0.888624361,0.707625207,0.032141393,-0.096439518,0.08169244,0.010342516,-6.068731597,3.391186244,-0.541000223,-0.053050569,-0.029297783,-0.006278743,0.998148163,0.960273106,-0.279021752,1.118892593,0.0,0.0,0.0,0.86058265,0.0,3.620181129
1772729834.9138207,0.636825,-0.811644,1.012228,-0.05291294,0.00196847,-0.00846195,0.99856134,-0.105905,0.003036,-0.017109,0.823531244,0.63646368,0.036010563,-0.094506793,-0.275045513,-0.050907716,-0.03959275,-0.031332328,1.014997169,-0.075361318,-0.212191661,0.017270293,48583.555468323,56224.428330122,53969.344277116,49509.322270597,0.643314978,-0.806305375,1.012448437,0.881527875,0.715114972,0.032972101,-0.09929574,0.08016866,0.008784912,-6.096132163,3.520638831,-0.51782059,-0.053286619,-0.03043463,-0.006143717,0.998100302,0.962789959,-0.270206262,1.119198148,0.0,0.0,0.0,0.86058265,0.0,3.620620393
1772729834.9238203,0.644975,-0.805203,1.012586,-0.05277613,0.00101253,-0.00872011,0.99856778,-0.105615,0.001102,-0.017523,0.816513269,0.643339522,0.03662488,-0.078964806,-0.308836092,-0.051323635,-0.046813437,-0.009850318,1.018341619,-0.058668378,-0.142732101,0.007588703,49245.149355572,56146.639762058,53366.056219747,49586.524406602,0.650436081,-0.800619057,1.012771625,0.874712772,0.722130458,0.033678843,-0.109718216,0.096656204,0.007406915,-6.121751198,3.618766767,-0.503920692,-0.053508412,-0.031294433,-0.006075021,0.998066039,0.965174985,-0.261555942,1.119497259,0.0,0.0,0.0,0.86058265,0.0,3.621059636
1772729834.93382,0.653032,-0.798677,1.012953,-0.0535245,0.00026937,-0.00907374,0.99852527,-0.107101,-0.000433,-0.018151,0.809413709,0.650914743,0.036258737,-0.042504736,-0.364483661,-0.029000154,-0.055208357,0.003763922,1.0182924,-0.014972368,-0.074817005,0.004947808,49929.123272674,56100.22662028,52805.817536006,49470.715502141,0.65785132,-0.794655861,1.013118194,0.867551262,0.729397392,0.034710896,-0.118563876,0.108807316,0.005427831,-6.129347138,3.677760741,-0.496456765,-0.053573878,-0.031811343,-0.006039531,0.998040492,0.967518191,-0.252754819,1.119800889,0.0,0.0,0.0,0.86058265,0.0,3.621114492
1772729834.9438202,0.661227,-0.792252,1.013342,-0.05405423,-0.00225363,-0.00877079,0.99849694,-0.108119,-0.005449,-0.017273,0.802398531,0.657484291,0.037612895,-0.035819964,-0.32077231,0.016265841,-0.03930047,-0.024013131,1.016432072,0.019655502,-0.006022432,0.017711418,50096.220976559,56145.633767257,52673.084267581,49232.081904938,0.665831431,-0.788116376,1.01348526,0.859652895,0.737309886,0.035880403,-0.104512316,0.087730419,0.008580179,-6.111606948,3.7045854,-0.486474898,-0.05341719,-0.032050564,-0.005960098,0.998038456,0.970019916,-0.242976577,1.120137352,0.0,0.0,0.0,0.86058265,0.0,3.621114492
1772729834.9538202,0.669129,-0.785539,1.013656,-0.05347686,-0.00369357,-0.00834207,0.99852741,-0.106942,-0.008269,-0.016266,0.796244718,0.664450575,0.037970102,-0.012960234,-0.2381005,0.048536015,-0.030956214,-0.036064918,1.008533258,0.039724917,0.031424918,0.032315968,50172.784407176,55728.640753563,52601.953734095,49680.942448631,0.673488748,-0.781568627,1.013820384,0.852891211,0.745927953,0.036585856,-0.095936846,0.070604748,0.003188488,-6.072570339,3.701015908,-0.47442258,-0.05307375,-0.032027082,-0.00584257,0.998055046,0.972207486,-0.234076089,1.120442854,0.0,0.0,0.0,0.86058265,0.0,3.621114492
1772729834.9638207,0.677138,-0.778956,1.014114,-0.05418153,-0.00481094,-0.00809029,0.99848674,-0.108339,-0.010484,-0.015636,0.791130922,0.670552932,0.038601669,0.017587454,-0.156103089,0.0479917,-0.041846645,-0.036853117,0.998750704,0.013445975,0.058347157,0.028730254,50253.058740178,55461.510498519,52599.936272796,49935.205774645,0.680411126,-0.775616541,1.014140984,0.846542869,0.753305529,0.036659303,-0.106309512,0.066344594,-0.007389723,-6.044881687,3.678155527,-0.465760113,-0.0528297,-0.03183337,-0.005748913,0.998075443,0.974107702,-0.226057421,1.120717507,0.0,0.0,0.0,0.86058265,0.0,3.621114492
1772729834.9738207,0.684949,-0.772104,1.014398,-0.05329295,-0.00618928,-0.00816236,0.99852638,-0.106539,-0.013231,-0.015643,0.78375168,0.678929222,0.037260486,0.083543067,-0.062352587,0.030052187,-0.039604172,-0.037336677,0.998459027,0.000771797,0.076320125,0.027640843,50439.178427943,55583.056457969,52518.510697603,49707.71038619,0.686457431,-0.77058675,1.014468183,0.838881422,0.757617673,0.03613757,-0.102680793,0.064774753,-0.010728828,-6.025155202,3.650467927,-0.4563178,-0.052654712,-0.031597537,-0.005648522,0.998093919,0.976052047,-0.217533515,1.12100895,0.0,0.0,0.0,0.86058265,0.0,3.621114492
1772729834.9838212,0.692732,-0.765376,1.014918,-0.0535895,-0.00426667,-0.00739495,0.99852655,-0.107168,-0.009313,-0.014312,0.776974711,0.685509997,0.037293664,0.093562359,0.053612234,0.009948822,-0.037566289,-0.02980213,0.999116586,0.014971141,0.089001173,0.037784688,51197.400407194,55649.564133017,51823.730488633,49686.417119104,0.692835791,-0.765008253,1.014822156,0.832476059,0.763690881,0.035577045,-0.100517679,0.074861644,-0.008188146,-6.00631551,3.612639464,-0.444371885,-0.052486596,-0.031274437,-0.005522042,0.998111839,0.977837894,-0.209332211,1.121288721,0.0,0.0,0.0,0.86058265,0.0,3.621114492
1772729834.9938211,0.700557,-0.758458,1.01519,-0.05279646,-0.00452318,-0.00774611,0.99856501,-0.105572,-0.009851,-0.014994,0.771811264,0.690793802,0.036156561,0.091302588,0.096735372,0.008029477,-0.046307282,-0.02391447,0.99274113,0.005741036,0.093859668,0.0403233,50968.574511819,54977.477903392,52224.16032888,50347.16032888,0.699977858,-0.758669293,1.015146049,0.825528412,0.770573834,0.035050234,-0.110136955,0.081869454,-0.015149882,-5.979852493,3.554703567,-0.428614675,-0.052250737,-0.03077825,-0.005351259,0.998142581,0.979690286,-0.200472422,1.121590453,0.0,0.0,0.0,0.86058265,0.0,3.621114492
1772729835.0038216,0.708234,-0.751509,1.015558,-0.05204208,-0.00416204,-0.00817904,0.99860273,-0.104063,-0.009164,-0.015903,0.765373282,0.69821741,0.035375092,0.082080091,0.102505503,-0.014003288,-0.044102334,-0.0322697,0.992545223,-0.010723459,0.079524692,0.035094048,50734.433790783,55460.974265965,52503.100538057,49803.649557665,0.707765096,-0.751633819,1.015502038,0.818017255,0.777978633,0.033706572,-0.104921171,0.072039764,-0.015087928,-5.968077548,3.509772959,-0.413418585,-0.0521433,-0.030394342,-0.005195367,0.998161101,0.98153182,-0.19124422,1.121904162,0.0,0.0,0.0,0.86058265,0.0,3.621114492
1772729835.0138218,0.715771,-0.744451,1.015858,-0.05131919,-0.00427645,-0.00793745,0.9986416,-0.102616,-0.009356,-0.015416,0.75956168,0.703057566,0.036336767,0.026840349,0.103618076,-0.013385406,-0.029878383,-0.039100851,0.998768391,-0.002133423,0.047284197,0.041751213,50327.486179955,55758.923800723,53013.385869109,49375.178442409,0.714498517,-0.74539263,1.01578952,0.811413221,0.784457837,0.032379952,-0.09156291,0.06612862,-0.007762073,-5.954831832,3.470026878,-0.397569638,-0.052023063,-0.030055916,-0.005035823,0.998178001,0.983265176,-0.182115828,1.12221384,0.0,0.0,0.0,0.86058265,0.0,3.621114492
1772729835.0238216,0.723407,-0.73751,1.016334,-0.05241905,-0.00241747,-0.00777595,0.99859198,-0.104847,-0.005643,-0.015277,0.753013597,0.708160524,0.036208815,-0.041635536,0.148377282,0.014238498,-0.026889684,-0.034966419,0.996366475,-0.005269831,0.005080325,0.050063294,49790.355622271,55611.268286026,53528.965201965,49594.207014192,0.721529907,-0.738860271,1.01613815,0.804692158,0.791096696,0.031966623,-0.089250717,0.067534892,-0.008755795,-5.942157376,3.453441693,-0.37449674,-0.051906354,-0.029922454,-0.004824028,0.998189823,0.984901806,-0.173042782,1.122521142,0.0,0.0,0.0,0.86058265,0.0,3.621114492
1772729835.0338216,0.730889,-0.730317,1.016593,-0.05206559,-0.00277254,-0.00775956,0.99860967,-0.104134,-0.006345,-0.01521,0.746060171,0.712307983,0.036657164,-0.093138679,0.208039376,0.059611776,-0.033676049,-0.036404934,0.989334138,-0.022747408,-0.051921751,0.044076501,50136.990360095,55613.254417536,53289.591868478,49610.299397732,0.727743998,-0.732991327,1.016426911,0.798809175,0.796972746,0.031216024,-0.093579845,0.065512142,-0.014349619,-5.928486729,3.462238496,-0.353575723,-0.051781917,-0.030009111,-0.004642177,0.998194672,0.986327568,-0.164724217,1.122802486,0.0,0.0,0.0,0.86058265,0.0,3.621114492
1772729835.0438218,0.738333,-0.72313,1.017032,-0.05259345,-0.00205987,-0.00832423,0.99857919,-0.105198,-0.00499,-0.016409,0.740722113,0.718854299,0.035100286,-0.095562772,0.154707427,0.064215641,-0.031548558,-0.039974522,0.99958099,-0.040260305,-0.083338846,0.029923161,50095.657999595,55957.598703316,53358.729925035,49222.475045587,0.734005388,-0.72685331,1.01668185,0.793447609,0.803759206,0.030034726,-0.091679727,0.061109904,-0.009997732,-5.918477732,3.494617793,-0.332142297,-0.051689476,-0.03030124,-0.004467401,0.998193146,0.987619396,-0.156817275,1.123069549,0.0,0.0,0.0,0.86058265,0.0,3.620753734
1772729835.053822,0.745672,-0.715999,1.017371,-0.05343297,-0.00025707,-0.00705634,0.99854647,-0.106911,-0.001267,-0.014065,0.732575543,0.727395196,0.033143194,-0.071428851,0.055098666,0.050266108,-0.020975952,-0.025714584,1.010308568,-0.016129332,-0.127472223,0.029568993,49727.969957584,56253.227942727,53637.197900312,48923.299955475,0.7410284,-0.719763934,1.016968189,0.787882314,0.812162996,0.029139246,-0.081951499,0.077049204,0.005585184,-5.91234114,3.557096587,-0.309727165,-0.051630678,-0.030855829,-0.004298583,0.99818101,0.989002146,-0.14786914,1.123371371,0.0,0.0,0.0,0.86058265,0.0,3.620257044
1772729835.0638223,0.752999,-0.708706,1.017659,-0.05407405,0.00077145,-0.00668582,0.99851425,-0.108209,0.000818,-0.013436,0.724523302,0.735824497,0.030155798,-0.024946697,-0.085355949,0.032353822,-0.038996602,-0.019811781,0.999675017,-0.020466889,-0.152452954,0.02699457,49728.174563591,56015.699085619,53575.271404821,49284.277639235,0.747627614,-0.713294247,1.017306955,0.781151837,0.818195816,0.029447737,-0.098776055,0.082639089,-0.0068581,-5.907817889,3.63062587,-0.288840908,-0.05158623,-0.031505898,-0.004148429,0.998163694,0.990272612,-0.139135586,1.123665625,0.0,0.0,0.0,0.86058265,0.0,3.619760354
1772729835.0738227,0.76018,-0.701266,1.017935,-0.05308662,-0.00148286,-0.00685617,0.99856527,-0.106201,-0.003689,-0.013536,0.718781746,0.742406108,0.028315664,0.017855356,-0.262503306,0.013088514,-0.049752868,-0.025363002,0.991693365,-0.025490171,-0.142107277,0.02336835,49945.835461794,55719.597897411,53395.648557116,49724.076130671,0.754391559,-0.70688586,1.017671465,0.772957189,0.82225375,0.029021659,-0.114591686,0.077430196,-0.018538946,-5.901924235,3.704394074,-0.269775729,-0.051530106,-0.032157253,-0.00401381,0.998146436,0.991659207,-0.128884095,1.124010448,0.0,0.0,0.0,0.86058265,0.0,3.619263652
1772729835.0838227,0.767383,-0.693763,1.018269,-0.05333859,-0.00359975,-0.00709469,0.99854479,-0.106676,-0.007946,-0.013786,0.713131158,0.748768313,0.027140877,0.068441782,-0.37396627,-0.024017823,-0.038824765,-0.031818637,0.996591282,-0.026717744,-0.121740555,0.010723633,50638.876767811,55571.465174955,52878.309806786,49999.375672266,0.761354603,-0.699693141,1.017950093,0.765976234,0.829200724,0.027364362,-0.103876962,0.067634896,-0.013350693,-5.897450252,3.774632727,-0.253189344,-0.051486816,-0.032776678,-0.003899559,0.998128809,0.992806765,-0.119700441,1.124318893,0.0,0.0,0.0,0.86058265,0.0,3.618766973
1772729835.0938234,0.774369,-0.686219,1.018496,-0.05323722,-0.00480255,-0.00703127,0.99854559,-0.106459,-0.01034,-0.013532,0.708086884,0.753228885,0.028514577,0.059657221,-0.349590173,-0.044609635,-0.036864003,-0.034231697,0.990443809,-0.031110204,-0.103253829,0.010222741,50511.904495546,55625.22622747,53041.860783095,50038.765071473,0.768486572,-0.691921372,1.018202312,0.760008612,0.838420895,0.026057658,-0.101083248,0.064739498,-0.017608978,-5.895092718,3.837847713,-0.239661632,-0.051462631,-0.033333453,-0.003809365,0.998111912,0.993909932,-0.110155844,1.124639169,0.0,0.0,0.0,0.86058265,0.0,3.61827026
1772729835.1038237,0.781516,-0.678744,1.018756,-0.05263688,-0.00681254,-0.0070039,0.99856592,-0.105232,-0.014343,-0.013272,0.701617588,0.755946875,0.030274796,-0.008504692,-0.161121763,-0.001829825,-0.03685704,-0.035761359,0.986828682,-0.017885061,-0.094627388,0.008381557,50789.872329576,55852.822323422,52868.905614263,49844.11508097,0.773851846,-0.686449805,1.018444585,0.752779281,0.841696291,0.024656328,-0.100681816,0.065922343,-0.018517103,-5.890049629,3.891638785,-0.229075739,-0.051415752,-0.033806898,-0.00373976,0.998098166,0.994774477,-0.101995061,1.124912715,0.0,0.0,0.0,0.86058265,0.0,3.61777357
1772729835.1138237,0.788516,-0.671152,1.019062,-0.05233459,-0.00882657,-0.00679989,0.99856745,-0.104607,-0.018341,-0.012659,0.695678247,0.76091273,0.029502767,-0.061492729,-0.000854064,0.030411015,-0.032633911,-0.036661469,0.9928149,-0.007689464,-0.086037595,-0.002894301,50825.271622738,55619.039491499,52773.770013891,50389.854183883,0.779754594,-0.680188714,1.018663466,0.746221834,0.846940558,0.022994337,-0.099139431,0.066003844,-0.012420399,-5.882517894,3.935496669,-0.221763743,-0.051348069,-0.03419243,-0.003693456,0.998088731,0.995597186,-0.093606914,1.125193655,0.0,0.0,0.0,0.86058265,0.0,3.617276891
1772729835.123824,0.795424,-0.663539,1.01944,-0.0530819,-0.00627139,-0.00717509,0.99854469,-0.106128,-0.013287,-0.013665,0.687244381,0.769172023,0.027541848,-0.048524642,0.031738373,0.021865173,-0.028657593,-0.034189948,1.003584226,-0.009890654,-0.077714877,-0.020349481,50457.347920744,56170.773777846,52991.658038836,49953.813625668,0.786399958,-0.67270812,1.018872338,0.739913263,0.855045125,0.021736388,-0.098818491,0.067967352,-0.005202363,-5.871583231,3.978735108,-0.222629261,-0.051253156,-0.034569004,-0.003717023,0.998080325,0.996415816,-0.084436233,1.12550055,0.0,0.0,0.0,0.86058265,0.0,3.616780201
1772729835.133824,0.802255,-0.655795,1.019687,-0.05397926,-0.00589652,-0.0065596,0.9985031,-0.107937,-0.012484,-0.012464,0.67963573,0.778615991,0.024696663,-0.014983484,-0.070735052,-0.0017668,-0.033162803,-0.030031649,1.003688696,0.019316673,-0.099750375,-0.029944615,49859.279832153,56540.025320077,53397.20701905,49694.355792385,0.79406914,-0.664076127,1.019176199,0.731507135,0.862978727,0.021049163,-0.10467592,0.071882543,-0.008521516,-5.85064117,4.03501205,-0.232259254,-0.051073771,-0.035055562,-0.003819591,0.998072125,0.997244027,-0.074031925,1.125848484,0.0,0.0,0.0,0.86058265,0.0,3.616283511
1772729835.1438239,0.808965,-0.647978,1.019937,-0.05433342,-0.00536768,-0.00632043,0.99848842,-0.108655,-0.011406,-0.01204,0.672428011,0.785137773,0.023197031,0.01057782,-0.155849621,0.009033791,-0.031541087,-0.040635353,1.003847371,0.046448144,-0.137235492,-0.037777215,50073.295502354,56673.243948045,53166.664730041,49687.699622692,0.802227035,-0.655033545,1.019550583,0.721547357,0.869810498,0.020584913,-0.10856369,0.068585089,-0.012983316,-5.803854744,4.121199306,-0.252406294,-0.050672745,-0.03579891,-0.004018709,0.998065216,0.998110013,-0.061316568,1.126273383,0.0,0.0,0.0,0.86058265,0.0,3.615732784
1772729835.1538231,0.815708,-0.640029,1.020037,-0.05312269,-0.0087423,-0.0066445,0.99852762,-0.10619,-0.018166,-0.012343,0.666311106,0.790226939,0.021955732,0.05192063,-0.278208639,0.011382044,-0.028983575,-0.03958246,0.995983756,0.054010903,-0.180567648,-0.041493504,49872.040107054,56792.245497993,53359.357598929,49611.89443701,0.810022766,-0.64630852,1.019896883,0.712174539,0.876684387,0.020079197,-0.103993454,0.064719066,-0.008933986,-5.754984943,4.215026392,-0.268539037,-0.050252562,-0.036610771,-0.00418493,0.998056764,0.998717212,-0.050534581,1.126633373,0.0,0.0,0.0,0.86058265,0.0,3.614688874
1772729835.1638231,0.822255,-0.632061,1.020286,-0.05226502,-0.01087752,-0.00704626,0.99854915,-0.104441,-0.022462,-0.012939,0.659191596,0.796301459,0.020367521,0.110843627,-0.401481031,0.002013639,-0.027383627,-0.038983563,0.99307052,0.064794372,-0.207329219,-0.038003934,49645.126151787,56822.714509654,53655.227738482,49569.398183904,0.815203255,-0.639875856,1.020040285,0.707041634,0.883865666,0.019273466,-0.10748135,0.068793026,-0.017352583,-5.715629385,4.305669926,-0.278116932,-0.049913294,-0.037397522,-0.004294881,0.998043085,0.999091056,-0.042378682,1.126905453,0.0,0.0,0.0,0.86058265,0.0,3.61364489
1772729835.1738229,0.82891,-0.624141,1.020515,-0.05214898,-0.01313666,-0.00644242,0.99853213,-0.104202,-0.02691,-0.0115,0.651308877,0.801249094,0.021025875,0.092642344,-0.335710817,-0.017972926,-0.026764794,-0.041905219,0.996096666,0.083350907,-0.219932115,-0.030173216,50609.795375331,57198.981397757,52863.526618734,49347.050668207,0.822544591,-0.631352566,1.020256042,0.69690996,0.888976131,0.016653792,-0.108113002,0.068981765,-0.016538548,-5.666968615,4.4139395,-0.283343937,-0.049491801,-0.038340117,-0.004370296,0.998017208,0.999464822,-0.032386925,1.127238751,0.0,0.0,0.0,0.86058265,0.0,3.612600931
1772729835.1838229,0.835404,-0.616216,1.020848,-0.05284795,-0.01188324,-0.00565779,0.99851583,-0.105632,-0.024332,-0.010046,0.642153565,0.808703899,0.019218608,0.067551425,-0.260604578,-0.022486178,-0.024977728,-0.042310207,1.002722012,0.094242719,-0.215099856,-0.025416138,50692.496823279,57206.499711207,52875.221772989,49416.386225577,0.827887555,-0.624479937,1.020378888,0.691166236,0.89630603,0.015421365,-0.103111445,0.062620024,-0.002514333,-5.618306685,4.522211655,-0.288571066,-0.049070298,-0.039282735,-0.004445712,0.997999933,0.999706855,-0.023705847,1.127528257,0.0,0.0,0.0,0.86058265,0.0,3.611556947
1772729835.193823,0.841683,-0.607971,1.020906,-0.05172041,-0.01463082,-0.00645159,0.99853358,-0.10333,-0.029891,-0.011376,0.63143481,0.81689501,0.017162798,0.050888332,-0.145985407,-0.023663514,-0.023428835,-0.04161847,1.010334483,0.095715181,-0.196248601,-0.022822277,50477.183175788,57176.521058067,53143.468265946,49404.205480975,0.832474713,-0.618985913,1.020567317,0.684999382,0.900037309,0.015369452,-0.104535409,0.057758249,0.003821459,-5.569643594,4.630486392,-0.29379832,-0.048648785,-0.040225375,-0.004521131,0.997993073,0.999858502,-0.016148023,1.12778024,0.0,0.0,0.0,0.86058265,0.0,3.610512938
1772729835.2038226,0.847983,-0.599732,1.021025,-0.05079155,-0.0162152,-0.0067737,0.99855466,-0.101446,-0.033078,-0.011887,0.622860773,0.823986314,0.015535737,0.054283606,-0.110071225,-0.035433219,-0.029155364,-0.045567855,1.007324822,0.069662894,-0.16555029,-0.02020568,50315.082101421,57096.485986182,53331.551974971,49498.100638769,0.837406336,-0.613094038,1.020776742,0.677697769,0.903234322,0.015621828,-0.118825274,0.055900497,-0.005238329,-5.502690284,4.727985687,-0.29710174,-0.048067341,-0.041075768,-0.004567363,0.997988145,0.999960623,-0.008366302,1.128039651,0.0,0.0,0.0,0.86058265,0.0,3.609469004
1772729835.213823,0.854181,-0.591528,1.021281,-0.05188287,-0.01486504,-0.00698064,0.99851814,-0.103638,-0.030415,-0.012404,0.614798935,0.829450597,0.016177987,0.043303924,-0.07326978,-0.029853446,-0.034129869,-0.048268221,1.004231608,0.042889756,-0.135516018,-0.015944312,50387.744579313,56802.468305841,53403.414851126,49828.255109451,0.84464261,-0.603706219,1.020948259,0.667418118,0.91050187,0.015049364,-0.118939562,0.049586227,-0.004224059,-5.444412152,4.817841794,-0.299576021,-0.047561169,-0.041859637,-0.004605185,0.997980344,0.999981361,0.003935896,1.12844974,0.0,0.0,0.0,0.86058265,0.0,3.60842497
1772729835.2238228,0.860264,-0.583111,1.021335,-0.05073853,-0.01626796,-0.00676435,0.99855656,-0.10134,-0.033181,-0.011865,0.609130321,0.832399531,0.018276513,0.012376914,-0.033859863,0.020500858,-0.031787632,-0.036081507,1.000197937,0.008878161,-0.115104285,0.006066115,50637.711976321,56546.639951427,53340.384942319,50152.27071949,0.85174224,-0.594160931,1.021111133,0.657914621,0.919031104,0.014538654,-0.114187376,0.060541006,-0.004537429,-5.409572275,4.893917575,-0.294319914,-0.047256198,-0.042525749,-0.004577945,0.997966991,0.999879012,0.014701999,1.128808634,0.0,0.0,0.0,0.86058265,0.0,3.607381011
1772729835.233822,0.8663,-0.574831,1.02159,-0.05104919,-0.01539905,-0.00646701,0.99855647,-0.101979,-0.031419,-0.011349,0.603420136,0.835135159,0.020287451,-0.028918459,0.02741846,0.064520016,-0.039796147,-0.019547628,0.997929643,-0.002028433,-0.119840705,0.020549615,50859.111226234,56736.809925918,53329.936823292,49828.582629643,0.858355643,-0.585252274,1.021284564,0.647849068,0.925347349,0.014015089,-0.124686498,0.075758614,-0.008130003,-5.388343806,4.967536957,-0.28295252,-0.047067389,-0.043172418,-0.00450119,0.997950176,0.999619535,0.026174722,1.129191162,0.0,0.0,0.0,0.86058265,0.0,3.606337101
1772729835.243822,0.872376,-0.566513,1.021833,-0.05142866,-0.01598231,-0.00633446,0.99852868,-0.102739,-0.032575,-0.011012,0.594553131,0.842699133,0.017820297,-0.039479778,0.009821534,0.062974928,-0.033385431,-0.03352297,1.006230344,0.020845427,-0.118345093,0.02444724,51059.814421608,56687.722426387,53285.899944044,49897.793445548,0.865415318,-0.575642314,1.021512036,0.636460398,0.931164879,0.013646334,-0.119084628,0.058277012,-0.000765658,-5.355634434,5.051376285,-0.260294645,-0.046774062,-0.043913051,-0.004325491,0.997936097,0.999253984,0.038050394,1.129587202,0.0,0.0,0.0,0.86058265,0.0,3.605293117
1772729835.2538211,0.878262,-0.558015,1.02198,-0.05161163,-0.01572312,-0.0058872,0.9985261,-0.103121,-0.032013,-0.010139,0.585477112,0.851132999,0.015894887,-0.04854327,-0.021252898,0.028338987,-0.028652763,-0.036479193,1.013535835,0.011991078,-0.11697785,0.015079772,51010.236343194,56514.700073663,53422.498158415,50151.697010817,0.87294867,-0.565155503,1.021761879,0.62489293,0.938487236,0.013456437,-0.121627983,0.057742047,0.003906603,-5.315078858,5.144418305,-0.234238351,-0.046410944,-0.044735432,-0.004120661,0.997912977,0.998654009,0.050900258,1.130015999,0.0,0.0,0.0,0.86058265,0.0,3.60527873
1772729835.2638216,0.884076,-0.549487,1.022145,-0.05174789,-0.01558531,-0.00554249,0.99852318,-0.103406,-0.031704,-0.00946,0.576760379,0.858600314,0.013919652,-0.088809548,-0.00065914,-0.010279265,-0.037065286,-0.030579944,1.010938741,0.013893816,-0.105604487,0.011177158,50209.962180529,56458.379819767,54081.365194268,50253.103560349,0.881022988,-0.553491776,1.022011969,0.61194492,0.94662946,0.014607477,-0.128291961,0.062950666,0.003883113,-5.280477236,5.214562811,-0.212236972,-0.04610089,-0.045356388,-0.003943684,0.997899012,0.99797719,0.063409764,1.130433603,0.0,0.0,0.0,0.86058265,0.0,3.60527873
1772729835.2738216,0.889805,-0.540826,1.022214,-0.05213539,-0.01601906,-0.00600639,0.99849347,-0.104165,-0.032622,-0.01033,0.569671561,0.866003895,0.010822912,-0.048643018,-0.066454244,-0.029545439,-0.025421211,-0.03581609,1.013505854,-0.015073944,-0.110313425,0.003166941,50391.214592275,56186.05248613,53841.520967235,50728.324631006,0.886618411,-0.545192206,1.022162992,0.602765911,0.952345708,0.014955988,-0.118913373,0.057271788,0.004346968,-5.264451963,5.271010652,-0.200806296,-0.045956644,-0.045853098,-0.003860368,0.997884281,0.997297243,0.073337912,1.130765338,0.0,0.0,0.0,0.86058265,0.0,3.60527873
1772729835.283822,0.895348,-0.532055,1.022298,-0.05262939,-0.01593144,-0.00615022,0.99846808,-0.105151,-0.032467,-0.01061,0.561366619,0.871580629,0.010010926,-0.040221874,-0.037952831,-0.04072108,-0.028220632,-0.029585874,1.013340267,-0.041585997,-0.110825182,-0.003505317,50824.255150555,55916.321513471,53409.972266244,51193.482567353,0.891529962,-0.537710483,1.022264437,0.594494099,0.957512628,0.014933485,-0.118458948,0.051851671,0.001709629,-5.259882539,5.316821071,-0.196363561,-0.045914922,-0.046253955,-0.003838154,0.997867651,0.996657314,0.081629287,1.131042513,0.0,0.0,0.0,0.86058265,0.0,3.60527873
1772729835.293822,0.900976,-0.523375,1.022493,-0.05275315,-0.01671514,-0.00678999,0.99844459,-0.105371,-0.034101,-0.011802,0.552525469,0.875847183,0.011934782,-0.047509868,0.04073729,-0.004224485,-0.034676547,-0.009013873,1.005562547,-0.052633993,-0.100193874,-0.002072403,51037.500070966,55885.9531627,53210.226616833,51347.453091735,0.896744734,-0.529457988,1.022367857,0.585598119,0.963675891,0.014747252,-0.130719069,0.081971735,-0.003632656,-5.266697485,5.360651527,-0.195958734,-0.04597394,-0.046635562,-0.003854916,0.997847408,0.995866671,0.090809305,1.13134965,0.0,0.0,0.0,0.86058265,0.0,3.60527873
1772729835.3038223,0.906544,-0.514643,1.022547,-0.05292584,-0.01640857,-0.00640061,0.99844311,-0.105733,-0.03345,-0.011051,0.541503061,0.883889382,0.011993582,0.012189487,-0.001681021,0.021138161,-0.027726002,-0.014859126,1.012035914,-0.038149001,-0.068458369,-0.014252221,50835.39705108,56308.053010356,53418.431455152,50904.989643672,0.903028095,-0.519289863,1.022517592,0.575287785,0.971828979,0.014594187,-0.121745578,0.081818174,0.000548081,-5.270201314,5.412191747,-0.199599194,-0.046005752,-0.047082788,-0.003908637,0.997821852,0.994678804,0.102566318,1.131743594,0.0,0.0,0.0,0.86058265,0.0,3.60527873
1772729835.3138223,0.911961,-0.505782,1.022692,-0.05198306,-0.01748356,-0.00600914,0.99847683,-0.10385,-0.035546,-0.010189,0.531445184,0.890690535,0.013940281,0.060566364,-0.122738212,0.006321898,-0.029341136,-0.027718223,1.019404894,-0.003913223,-0.082252991,-0.018540695,51037.131150788,56632.636597719,53253.289861634,50551.255793554,0.909563656,-0.508856752,1.022664955,0.563592739,0.97825261,0.015062578,-0.120893218,0.060106753,0.014901818,-5.265286655,5.469314425,-0.205419142,-0.045965144,-0.047578026,-0.003980134,0.997801606,0.993451121,0.114154597,1.132132062,0.0,0.0,0.0,0.86058265,0.0,3.60527873
1772729835.3238223,0.917053,-0.496787,1.022835,-0.0529316,-0.01527124,-0.00624549,0.99846183,-0.105758,-0.031162,-0.010861,0.521132432,0.896701341,0.016444246,0.078851342,-0.205285412,-0.009362216,-0.033346916,-0.035306404,1.023546514,0.035771937,-0.098107076,-0.019452957,51544.69344439,56420.481111135,52729.900873095,50861.643912648,0.914869145,-0.49997015,1.02279742,0.553722818,0.984315327,0.016247108,-0.129472368,0.058977328,0.014771443,-5.241220529,5.534638321,-0.206587288,-0.045755844,-0.048147204,-0.004006285,0.99778492,0.992239509,0.124246111,1.132470829,0.0,0.0,0.0,0.86058265,0.0,3.60527873
1772729835.333822,0.922206,-0.487796,1.023066,-0.05235527,-0.01647719,-0.00543589,0.99847778,-0.104621,-0.03348,-0.009135,0.511526886,0.902829377,0.019644327,0.065004578,-0.24494542,-0.043381638,-0.033989973,-0.026197598,1.019707083,0.082850789,-0.076631302,-0.01978655,51067.357379563,56315.726070167,53019.44603292,51104.973899707,0.919739654,-0.49164102,1.022930982,0.544322128,0.989741922,0.017415217,-0.13067237,0.067455926,0.010672016,-5.197385366,5.580940827,-0.214177661,-0.045377242,-0.048548938,-0.004072064,0.997780027,0.991050756,0.13340133,1.132778541,0.0,0.0,0.0,0.86058265,0.0,3.60527873
1772729835.3438215,0.927302,-0.478602,1.02312,-0.05025231,-0.02258862,-0.00677593,0.99845808,-0.100317,-0.045805,-0.011273,0.502656657,0.907879945,0.019575232,0.08801136,-0.34299147,-0.103008405,-0.027726893,-0.018414086,1.013890342,0.047794282,-0.098169683,-0.028320233,50350.115658329,56692.565927324,53601.465899009,50672.57285512,0.924532717,-0.483066414,1.023082103,0.535025855,0.996011766,0.018301515,-0.126730719,0.073749856,0.00512706,-5.150605959,5.624047659,-0.222872058,-0.044973489,-0.048922516,-0.004144882,0.997779863,0.989716713,0.142971071,1.133100647,0.0,0.0,0.0,0.86058265,0.0,3.605695935
1772729835.3538222,0.93239,-0.469692,1.023485,-0.05129635,-0.02299532,-0.00730921,0.99839194,-0.102382,-0.046684,-0.012249,0.493533027,0.913553863,0.019717657,0.095922845,-0.475817151,-0.109215828,-0.022419413,-0.029584229,1.012703245,0.028824419,-0.165367274,-0.037769005,50155.721992481,56903.652548037,53718.932873851,50497.578634085,0.928656391,-0.475819731,1.023227547,0.52598498,0.999137616,0.018648287,-0.120396942,0.064933854,0.004393602,-5.114682131,5.693496148,-0.232682352,-0.044664772,-0.049524691,-0.004241948,0.997766597,0.988471156,0.15137974,1.13338406,0.0,0.0,0.0,0.86058265,0.0,3.606208457
1772729835.3638222,0.937243,-0.460556,1.023701,-0.05116634,-0.02218893,-0.00668548,0.99842123,-0.102155,-0.045007,-0.011091,0.485175657,0.917792367,0.02151117,0.06593542,-0.447469317,-0.066935022,-0.021994673,-0.024321648,1.016698682,0.018686305,-0.151432352,-0.043203614,50536.667894483,56714.354461225,53343.218258578,50828.941744822,0.933760257,-0.466467962,1.02347782,0.515581288,1.004822854,0.019288836,-0.1230801,0.06304382,0.0068311,-5.082437805,5.783723437,-0.248547533,-0.044390837,-0.050305367,-0.004400942,0.997739062,0.98690273,0.161279218,1.133718112,0.0,0.0,0.0,0.86058265,0.0,3.606720942
1772729835.3738225,0.942056,-0.451258,1.023856,-0.05066421,-0.02498721,-0.00774944,0.99837304,-0.101078,-0.0507,-0.012959,0.474346878,0.924483807,0.022383704,0.036129735,-0.339006894,-0.028857774,-0.02363122,-0.006671561,1.017531251,0.049885769,-0.143016174,-0.027637206,50614.096680151,56864.623697711,53346.475106782,50486.722886393,0.93886506,-0.456854207,1.023713189,0.504929617,1.010917525,0.019964336,-0.125387444,0.081286622,0.005160927,-5.042084962,5.868540631,-0.262295767,-0.044045545,-0.051040129,-0.004535344,0.997715237,0.985138934,0.171659529,1.134069087,0.0,0.0,0.0,0.86058265,0.0,3.60723344
1772729835.383823,0.946633,-0.441938,1.02392,-0.04918491,-0.02954085,-0.00777473,0.99832246,-0.098078,-0.059783,-0.01264,0.466581117,0.928763473,0.026066711,0.01509937,-0.269347603,0.03198202,-0.017916021,-0.005014106,1.017999153,0.061638686,-0.171322341,-0.015077186,50494.97084864,56985.2858049,53528.321404974,50179.62864392,0.943972181,-0.446533942,1.023908334,0.493609272,1.018116698,0.020734113,-0.123833672,0.08265415,0.007550052,-4.987403344,5.961966276,-0.269665242,-0.043572798,-0.051852917,-0.004610472,0.997694902,0.983146672,0.182570861,1.134438839,0.0,0.0,0.0,0.86058265,0.0,3.607745949
1772729835.3938231,0.951276,-0.432617,1.024409,-0.05027845,-0.03104021,-0.00663306,0.99823073,-0.100332,-0.062679,-0.010141,0.457848067,0.934976688,0.027182971,0.029094535,-0.213764643,0.044642774,-0.027538706,-0.038417185,1.017912162,0.077385342,-0.161662304,-0.002079799,50872.689221768,56871.080504916,53270.468591706,50210.243167105,0.94907918,-0.436213924,1.024103474,0.482289196,1.025315699,0.021503871,-0.132329164,0.054438971,0.007950314,-4.924016861,6.066788174,-0.268168236,-0.043020304,-0.052768661,-0.004607902,0.997671069,0.981229648,0.192782478,1.13478521,0.0,0.0,0.0,0.86058265,0.0,3.608258447
1772729835.4038231,0.955928,-0.423374,1.024668,-0.05081063,-0.02757222,-0.00644135,0.99830685,-0.101425,-0.055735,-0.010075,0.448018609,0.941172071,0.027009194,0.032847182,-0.062027987,0.065447498,-0.025536948,-0.032097025,1.016979543,0.08776125,-0.16111829,-0.001099273,50580.335011442,56929.295194508,53532.967048055,50049.769336384,0.953611426,-0.426907707,1.024344571,0.471806418,1.031338217,0.022423264,-0.132988697,0.055677793,0.007026229,-4.857309502,6.155764118,-0.261798059,-0.042436605,-0.05354835,-0.004554454,0.997653698,0.979433321,0.201725146,1.135089254,0.0,0.0,0.0,0.86058265,0.0,3.608770932
1772729835.4138236,0.960302,-0.413818,1.024886,-0.04933025,-0.0303229,-0.00678946,0.99829903,-0.098424,-0.061251,-0.010584,0.435686954,0.94757841,0.027553406,0.044294056,0.135077464,0.054202513,-0.023535095,-0.025776563,1.01604688,0.098137653,-0.16057425,-0.000118699,50259.869341333,57046.195988,53793.801146286,49813.809743429,0.957521799,-0.418851118,1.024637804,0.462083247,1.035084851,0.023419588,-0.133585956,0.0572686,0.006101682,-4.790758756,6.234992292,-0.25506525,-0.041854025,-0.054243226,-0.004493489,0.997640615,0.977587822,0.210498487,1.135388036,0.0,0.0,0.0,0.86058265,0.0,3.609283442
1772729835.4238236,0.964683,-0.40446,1.025288,-0.05022947,-0.02923251,-0.00599927,0.99829178,-0.100279,-0.059002,-0.009057,0.423078065,0.955559789,0.027522384,0.069010494,0.113465851,-0.007968535,-0.024679298,-0.016350065,1.016159367,0.07507567,-0.162075604,0.002572191,50342.795602339,57020.213239766,53698.317333333,49794.117988304,0.961542835,-0.410677295,1.024945668,0.451847011,1.037621918,0.024275154,-0.131955113,0.071444183,0.005162227,-4.727501826,6.316745453,-0.248654996,-0.041300198,-0.054959768,-0.004437038,0.997625401,0.975546738,0.21977209,1.135704629,0.0,0.0,0.0,0.86058265,0.0,3.609795927
1772729835.4338238,0.968697,-0.394695,1.025369,-0.04890073,-0.02803366,-0.00615645,0.99839117,-0.09761,-0.056609,-0.009567,0.408969543,0.96370123,0.027032854,0.122996337,-0.064378239,-0.03334151,-0.041873616,-0.027649919,1.013530755,0.085379331,-0.147255672,0.006669413,50509.304523858,56840.25928528,53571.434976243,49940.291198781,0.966068691,-0.400458179,1.025286186,0.44005284,1.043093233,0.024985856,-0.135442008,0.056977921,0.003872696,-4.663593957,6.404423682,-0.239812985,-0.040739437,-0.055728704,-0.0043604,0.997607549,0.973186968,0.229988699,1.136054115,0.0,0.0,0.0,0.86058265,0.0,3.610308425
1772729835.4438243,0.97274,-0.384979,1.025581,-0.04785745,-0.02888528,-0.00632679,0.99841638,-0.095505,-0.058318,-0.009886,0.397921922,0.969654208,0.029116656,0.126004964,-0.152637671,-0.022315904,-0.023614592,-0.036187338,1.010335268,0.071312923,-0.15299449,0.018334704,50539.273443919,56570.539004727,53604.400788311,50169.05395525,0.971056948,-0.388053918,1.025632193,0.425696978,1.05008974,0.025000574,-0.138745418,0.044455197,0.001910245,-4.601320574,6.489845841,-0.22542759,-0.040190073,-0.05647978,-0.004234687,0.997588621,0.97052316,0.240965673,1.136430589,0.0,0.0,0.0,0.86058265,0.0,3.610276975
1772729835.4538248,0.97671,-0.37544,1.02614,-0.04836604,-0.02868925,-0.00726418,0.99839115,-0.096471,-0.058021,-0.01175,0.389143203,0.972969207,0.02953647,0.127603979,-0.172133784,-0.013648425,-0.019245657,-0.032311896,1.007009597,0.067076449,-0.138502528,0.027775773,50942.971356964,56402.0,53456.614154434,50131.094760711,0.976045205,-0.375649656,1.025978199,0.411341117,1.057086246,0.025015292,-0.140237782,0.048200387,-0.004514424,-4.524176502,6.587620252,-0.198364176,-0.039504616,-0.057343068,-0.003994403,0.997563474,0.967727972,0.25187092,1.136805864,0.0,0.0,0.0,0.86058265,0.0,3.609731948
1772729835.4638252,0.980584,-0.365607,1.026378,-0.04740926,-0.03302565,-0.00659325,0.99830767,-0.094573,-0.066614,-0.010055,0.380350033,0.977382226,0.030506944,0.157553512,-0.35204182,-0.015158065,-0.018787613,-0.041843531,1.006934434,0.065502911,-0.074360396,0.038171528,50800.176420881,55825.943289935,53727.788839509,50679.771532298,0.981033462,-0.363245394,1.026324205,0.396985255,1.064082753,0.02503001,-0.135739482,0.042381393,-0.004172572,-4.445634074,6.671842053,-0.165744939,-0.038804032,-0.058090104,-0.003699762,0.997549305,0.963525241,0.26761107,1.137348958,0.0,0.0,0.0,0.86058265,0.0,3.60918692
1772729835.4738252,0.984302,-0.35579,1.026619,-0.04614705,-0.03382513,-0.00589571,0.9983444,-0.092086,-0.068135,-0.00867,0.373009738,0.979410413,0.03158113,0.145764065,-0.443628833,0.022304406,-0.011768229,-0.043024067,1.008863438,0.087887359,-0.079734616,0.043227615,50795.065534094,56046.152525017,53798.557179428,50353.791808238,0.985623637,-0.351718216,1.026653075,0.38293762,1.069235297,0.024965964,-0.128706007,0.032231483,-0.000612184,-4.383323738,6.725145047,-0.133982462,-0.038244987,-0.058566727,-0.003409377,0.997544885,0.960506994,0.278233335,1.13771707,0.0,0.0,0.0,0.86058265,0.0,3.608641919
1772729835.4838252,0.988003,-0.34601,1.026871,-0.04573039,-0.03313996,-0.00615055,0.99838502,-0.091235,-0.066785,-0.009271,0.361915633,0.983723549,0.030754206,0.125787048,-0.335119627,0.053403983,-0.02869984,-0.029346986,1.002467197,0.075781624,-0.031385667,0.03381541,50834.836480884,55831.871718102,53755.016006449,50643.391294334,0.989063953,-0.342617474,1.026936132,0.370165527,1.070012862,0.024688784,-0.144799849,0.046095205,-0.0070127,-4.322346457,6.753648348,-0.110302553,-0.037701767,-0.05882446,-0.003181449,0.997547905,0.957752906,0.287575573,1.138041774,0.0,0.0,0.0,0.86058265,0.0,3.608096917
1772729835.4938247,0.991553,-0.336148,1.027233,-0.04516578,-0.03647855,-0.00587945,0.99829595,-0.090113,-0.07343,-0.008467,0.35066366,0.988432081,0.02959455,0.076720184,-0.141046685,0.071033697,-0.02851388,-0.030427196,1.001628538,0.067145143,-0.025155796,0.036905589,50769.932422189,56346.845246589,53838.819785071,49972.667974672,0.992056929,-0.334256889,1.027203367,0.359757063,1.072949531,0.024408534,-0.154969715,0.053174529,-0.012336021,-4.281069191,6.764769049,-0.096951253,-0.037335453,-0.05892677,-0.003047651,0.997557724,0.955654228,0.294468527,1.138281878,0.0,0.0,0.0,0.86058265,0.0,3.607551942
1772729835.5038245,0.995035,-0.326223,1.027589,-0.04455026,-0.03944879,-0.00550301,0.9982128,-0.088903,-0.07933,-0.007495,0.33825549,0.992982979,0.030330915,0.02076498,0.116360106,0.077309961,-0.025367937,-0.033947619,1.001759487,0.059613225,-0.026197966,0.042095637,50833.988138768,56279.04905021,53850.508784447,50017.553732275,0.993775979,-0.329319109,1.027369219,0.35385033,1.074871064,0.024057686,-0.151808222,0.047433345,-0.012822424,-4.254221798,6.772023714,-0.088398662,-0.037097248,-0.058993402,-0.002961731,0.997563184,0.953719334,0.300656363,1.138498017,0.0,0.0,0.0,0.86058265,0.0,3.607006953
1772729835.5138247,0.998392,-0.316315,1.027847,-0.04472339,-0.03720591,-0.00474612,0.99829505,-0.089309,-0.074779,-0.006165,0.326558004,0.999772651,0.027943616,0.018116002,0.262533784,0.088221235,-0.02110458,-0.038507722,1.003145519,0.059758916,-0.020022939,0.045845119,51707.666666667,55948.293838863,53238.492890995,50348.398104265,0.996550753,-0.321217812,1.027623905,0.344259229,1.078044666,0.023440418,-0.141460956,0.035463128,-0.008685334,-4.21506884,6.778066509,-0.073624553,-0.036748721,-0.05905172,-0.002814908,0.997578664,0.951228422,0.308453184,1.13877089,0.0,0.0,0.0,0.86058265,0.0,3.606461938
1772729835.5238247,1.001519,-0.306305,1.028177,-0.04544478,-0.03214063,-0.0044878,0.99843959,-0.090773,-0.064634,-0.006053,0.316132683,1.005021937,0.026107775,0.05896801,0.370715709,0.08661052,-0.016013931,-0.043523777,1.007690356,0.092339792,0.020095917,0.046849786,52380.282107201,55481.55705168,52779.207178728,50772.78123687,1.000519368,-0.309082791,1.027990109,0.329995107,1.082942843,0.023034804,-0.13593713,0.030397243,-0.000965507,-4.126087584,6.779199988,-0.033656878,-0.035953467,-0.059076349,-0.002421464,0.997599881,0.947412121,0.319977229,1.13917551,0.0,0.0,0.0,0.86058265,0.0,3.605916937
1772729835.5338244,1.004629,-0.296139,1.028299,-0.04476289,-0.0311518,-0.0042923,0.99850259,-0.089419,-0.062636,-0.005794,0.306513598,1.009413997,0.024658901,0.103889845,0.418323072,0.057432793,-0.019967347,-0.037686171,1.005539564,0.111717317,0.054985846,0.051534371,52253.955003057,55484.245159976,52889.905441206,50782.275565519,1.003271495,-0.300222706,1.028212544,0.319701479,1.086670901,0.022948754,-0.137590758,0.03405248,-0.00312623,-4.057426481,6.747477734,-0.006047264,-0.03534205,-0.05881013,-0.002135927,0.997632805,0.944519633,0.328417801,1.139472909,0.0,0.0,0.0,0.86058265,0.0,3.605371948
1772729835.5438247,1.007614,-0.286007,1.028576,-0.04356843,-0.02977709,-0.00398521,0.99859864,-0.087043,-0.059854,-0.005374,0.295553215,1.014436263,0.025012398,0.140600495,0.24499263,0.024127118,-0.022608816,-0.025424456,1.000421489,0.114573541,0.076928811,0.032948488,52623.2607705,55491.516564963,52532.153602388,50846.963858262,1.006308134,-0.290079111,1.028441583,0.308166461,1.090899848,0.022391903,-0.139110739,0.045068971,-0.009309129,-3.986230611,6.713048922,0.01496348,-0.034712077,-0.058518054,-0.00190604,0.997674532,0.94125875,0.337651154,1.139799317,0.0,0.0,0.0,0.86058265,0.0,3.60527873
1772729835.553824,1.010611,-0.275906,1.028864,-0.04280757,-0.03006196,-0.00420613,0.9986221,-0.085504,-0.060438,-0.005838,0.284103806,1.019436151,0.025315953,0.170760441,0.086836377,0.007609631,-0.021429856,-0.031077881,1.004199631,0.1228429,0.099816713,0.023509723,52045.082757025,55594.938118621,53061.901277734,50864.808828444,1.009514019,-0.279070027,1.028717589,0.295946102,1.095246558,0.021723334,-0.137124732,0.04042938,-0.004825563,-3.895323005,6.65140569,0.029782874,-0.033914224,-0.057987233,-0.001712332,0.997732488,0.937450251,0.348011707,1.14016729,0.0,0.0,0.0,0.86058265,0.0,3.60527873
1772729835.563824,1.013428,-0.265742,1.029174,-0.04189019,-0.03005333,-0.00404205,0.99866194,-0.083675,-0.060402,-0.005566,0.272357564,1.023746897,0.027030834,0.170177234,-0.008763433,-0.00060938,-0.021736567,-0.041739704,1.005945458,0.075478616,0.014826317,0.022673805,50458.982973207,55914.88159032,54575.870095073,50448.095246327,1.012654661,-0.267911084,1.029022704,0.283757327,1.099426503,0.021557688,-0.137259906,0.02685455,-0.002549739,-3.808719963,6.600388873,0.040640024,-0.033155683,-0.05754744,-0.001559171,0.997788368,0.93360294,0.358214793,1.140530761,0.0,0.0,0.0,0.86058265,0.0,3.60527873
1772729835.573824,1.016011,-0.255424,1.029389,-0.04154719,-0.02930264,-0.00400585,0.99869872,-0.08299,-0.058896,-0.005576,0.259997121,1.027080156,0.029503991,0.113468343,-0.126604582,-0.010471079,-0.019970695,-0.028392187,1.008440826,0.031024794,-0.057362808,0.013120405,51134.851847142,55749.417180645,53989.986837922,50686.245755707,1.015332501,-0.257492817,1.029250421,0.272898337,1.104927135,0.021322879,-0.134742899,0.036978301,-0.001526458,-3.771099544,6.600949709,0.051678149,-0.032822551,-0.057555996,-0.001444322,0.997799644,0.930028078,0.367455574,1.140861031,0.0,0.0,0.0,0.86058265,0.0,3.60527873
1772729835.5838234,1.018492,-0.245083,1.029662,-0.04130037,-0.03115409,-0.00391339,0.99865329,-0.082501,-0.062588,-0.005253,0.247463076,1.032054694,0.029235323,0.038359567,-0.355724121,0.018018145,-0.018413797,-0.010841506,1.011298649,0.017308334,-0.100003968,0.01429898,50519.556024194,55968.648837802,54554.601793701,50368.159185187,1.01775616,-0.247819662,1.02950954,0.262028528,1.1078034,0.021457093,-0.133312987,0.052191297,-0.000944578,-3.744125366,6.625892888,0.060685773,-0.03258263,-0.05777609,-0.001359448,0.99779636,0.926703215,0.375761007,1.141159256,0.0,0.0,0.0,0.86058265,0.0,3.60527873
1772729835.5938232,1.020938,-0.234754,1.029936,-0.04052468,-0.0307903,-0.00368677,0.99869721,-0.08096,-0.061839,-0.004878,0.234729264,1.037440286,0.02765768,-0.031690008,-0.56454661,0.041527237,-0.018963103,-0.012678546,1.007108163,0.011299018,-0.161260701,0.023861114,50767.445412667,55962.614373119,54369.856539784,50338.469301311,1.019501142,-0.240503582,1.029692189,0.253984966,1.110468326,0.021606026,-0.133067249,0.055798386,-0.002538536,-3.732156137,6.679383158,0.072163334,-0.032471424,-0.058245231,-0.001268649,0.997776052,0.923837921,0.382761295,1.141411419,0.0,0.0,0.0,0.86058265,0.0,3.60527873
1772729835.6038227,1.023297,-0.224401,1.030343,-0.04068105,-0.03599057,-0.00379551,0.99851656,-0.081269,-0.072246,-0.004664,0.222632069,1.04148726,0.026361039,-0.114257035,-0.756967768,0.061076106,-0.025199687,-0.023795309,1.001842502,0.030052527,-0.153728875,0.018551435,51316.120725553,55897.446024632,53917.743709638,50398.233863853,1.020882294,-0.234417954,1.029810527,0.247745705,1.113987196,0.021619593,-0.140613228,0.045823816,-0.000969821,-3.714405015,6.725421015,0.081986071,-0.032310814,-0.05864905,-0.001187082,0.997756518,0.921605908,0.388106498,1.141604517,0.0,0.0,0.0,0.86058265,0.0,3.60527873
1772729835.6138225,1.025486,-0.214043,1.030573,-0.04207178,-0.04108438,-0.00309382,0.99826473,-0.084128,-0.08238,-0.002729,0.213225534,1.043483046,0.025685767,-0.138118024,-0.722041261,0.05104926,-0.029059845,-0.0331402,0.99948151,0.052325299,-0.14975617,0.014195896,51083.742774464,56252.673465787,54116.819088118,49997.122878216,1.022664399,-0.226720787,1.030100124,0.23890992,1.115326948,0.021559678,-0.148159387,0.03584901,0.000598932,-3.693763965,6.767736446,0.09098222,-0.032125511,-0.059020241,-0.001110125,0.997739935,0.918571984,0.395222703,1.141862377,0.0,0.0,0.0,0.86058265,0.0,3.60527873
1772729835.6238225,1.027466,-0.203468,1.030755,-0.04298319,-0.04427545,-0.00181848,0.99809259,-0.086085,-0.088654,0.000177,0.201684652,1.047200008,0.026799443,-0.074012196,-0.542976499,0.040658666,-0.023836544,-0.035711993,1.008222934,0.088047932,-0.159387444,0.013487573,51063.204831404,56393.398087569,54079.397081027,49810.101660795,1.024711486,-0.217364122,1.030397136,0.228251897,1.117813204,0.021708196,-0.150305218,0.028996444,0.003821243,-3.642654637,6.854708062,0.104558574,-0.031671393,-0.059781725,-0.000989716,0.997710637,0.91504194,0.403272027,1.142155369,0.0,0.0,0.0,0.86058265,0.0,3.60527873
1772729835.6338215,1.029406,-0.192938,1.030948,-0.04297095,-0.04590274,-0.00237548,0.99801843,-0.086023,-0.091957,-0.0008,0.189735321,1.051284977,0.028275066,0.05493412,-0.26492434,0.033319838,-0.01886424,-0.038066899,1.016262919,0.125762556,-0.167411226,0.012430189,51355.086193568,56457.286062152,53811.306006494,49654.19322047,1.026701971,-0.207485934,1.030623614,0.217515418,1.122474027,0.022276072,-0.143830575,0.026389231,0.007122546,-3.56931918,6.93184493,0.11371498,-0.031026117,-0.060456335,-0.000892078,0.997682749,0.911437101,0.411331932,1.14244971,0.0,0.0,0.0,0.86058265,0.0,3.60527873
1772729835.6438212,1.031275,-0.182502,1.031333,-0.04294185,-0.04683495,-0.00204111,0.99797711,-0.086002,-0.093793,-5.2e-05,0.180013439,1.053163767,0.030792085,0.228048343,0.094678603,0.012159039,-0.01656763,-0.038107614,1.016818973,0.184796591,-0.158272653,0.00764301,51380.136470466,56584.331351744,53751.091418104,49465.791915805,1.028440312,-0.198206008,1.030832851,0.207053917,1.126409318,0.023002489,-0.139232223,0.02319444,0.007259917,-3.495978478,7.008987316,0.12287204,-0.030380795,-0.061130992,-0.000794432,0.997665927,0.907871728,0.419228741,1.142738542,0.0,0.0,0.0,0.86058265,0.0,3.60527873
1772729835.6538208,1.033185,-0.172032,1.031682,-0.04049265,-0.04350623,-0.00277889,0.99822835,-0.080996,-0.087194,-0.002032,0.169923122,1.055655572,0.032925828,0.368837725,0.310724925,-0.011272169,-0.019218218,-0.035727242,1.014503434,0.246912646,-0.142898414,0.005434027,51238.337415541,56772.711570946,53813.072635135,49223.871621622,1.029995439,-0.189466258,1.031063345,0.196377145,1.128423585,0.023688502,-0.144328584,0.024744964,0.005978073,-3.386602138,7.087626712,0.129980414,-0.029422741,-0.061818242,-0.000694646,0.997653712,0.904404534,0.426672836,1.143012245,0.0,0.0,0.0,0.86058265,0.0,3.605537262
1772729835.6638207,1.034649,-0.161337,1.03208,-0.0379327,-0.0436643,-0.00186166,0.99832413,-0.075938,-0.087435,-0.000406,0.159869675,1.056614333,0.03375617,0.429098406,0.411739057,-0.004044822,-0.01893149,-0.030059229,1.009780365,0.27753092,-0.142717525,-0.001334002,51653.894403731,56680.672218521,53439.640572951,49263.606262492,1.031607368,-0.180253643,1.031298937,0.185329791,1.130949931,0.024288404,-0.14445285,0.027985621,-0.000443001,-3.311802992,7.124554327,0.13248779,-0.028769223,-0.06214084,-0.000642009,0.99764873,0.900230095,0.435413256,1.143335154,0.0,0.0,0.0,0.86058265,0.0,3.606150796
1772729835.6738207,1.036198,-0.150751,1.032286,-0.03628126,-0.04070219,-0.00193765,0.99851051,-0.072601,-0.081514,-0.000919,0.146954763,1.061360394,0.031057295,0.427644086,0.425913235,-0.005111543,-0.014926767,-0.033327259,1.011493202,0.264551826,-0.063691447,0.006791442,51934.398302121,56077.644971543,53226.49238498,50002.673619281,1.033710357,-0.167104587,1.031614872,0.170889951,1.136708393,0.024362019,-0.145105177,0.01615979,0.001088668,-3.177975771,7.176727861,0.134380775,-0.027601738,-0.062596225,-0.000565403,0.997657581,0.895018925,0.446011649,1.14372876,0.0,0.0,0.0,0.86058265,0.0,3.60676433
1772729835.6838195,1.037686,-0.140202,1.032623,-0.03409349,-0.0384828,-0.00250753,0.99867433,-0.068159,-0.077111,-0.002391,0.133339443,1.067413139,0.026821918,0.406030762,0.371258413,-0.064711322,-0.020906694,-0.045714744,1.010313004,0.234592572,-0.011483566,-0.011174743,51719.002761024,55887.479077872,53349.702613591,50248.249591208,1.03573442,-0.153405087,1.032046356,0.155032246,1.140001014,0.024881507,-0.146486609,0.00898903,0.001730452,-2.980206216,7.23913068,0.139078162,-0.025875761,-0.063141481,-0.000430783,0.997683093,0.889132012,0.457623492,1.144162724,0.0,0.0,0.0,0.86058265,0.0,3.60737779
1772729835.69382,1.038917,-0.129457,1.03287,-0.03238679,-0.037283,-0.00245364,0.99877678,-0.064737,-0.074703,-0.002493,0.121765268,1.069754303,0.027753406,0.337257883,0.161969848,-0.107958115,-0.024796871,-0.026745488,1.006416686,0.212109845,0.035689506,-0.007296986,52070.354242135,55303.754623451,53003.415061964,50946.637368923,1.037475296,-0.140312572,1.032454546,0.139689589,1.14301311,0.025420634,-0.149474751,0.021826118,-0.003903102,-2.764963447,7.251497341,0.136553558,-0.024002825,-0.06324934,-0.000336938,0.997727782,0.883520055,0.46837041,1.14456686,0.0,0.0,0.0,0.86058265,0.0,3.607991353
1772729835.7038202,1.040141,-0.118849,1.033237,-0.03097563,-0.03663366,-0.00281091,0.99884462,-0.06188,-0.073423,-0.003355,0.110598843,1.07298051,0.029136469,0.318778625,0.017746864,-0.135192372,-0.014751359,-0.015791031,1.005493106,0.189922305,0.028420548,-0.002115501,51452.551438156,55954.926166366,53695.320401317,50015.742219047,1.039058156,-0.127608805,1.03283235,0.125209448,1.145290421,0.025351229,-0.144890164,0.021369545,-0.00625101,-2.602282428,7.226472722,0.129647681,-0.022590757,-0.063030505,-0.000302364,0.997777435,0.877616538,0.479356778,1.14498261,0.0,0.0,0.0,0.86058265,0.0,3.608604902
1772729835.7138202,1.041062,-0.107938,1.03338,-0.02938109,-0.03672689,-0.00407812,0.99888501,-0.058589,-0.073678,-0.006005,0.097719421,1.074174393,0.030538005,0.22426524,-0.154682316,-0.090742455,-0.011976194,-0.032203875,1.003271654,0.11323546,0.026277591,-0.00304467,50909.311493454,55392.5575252,54201.02189781,50731.055150041,1.040458091,-0.114389349,1.033187014,0.110286136,1.147437969,0.0249815,-0.135516998,0.01132926,-0.006032466,-2.445665853,7.204114602,0.125813735,-0.021229679,-0.062835458,-0.00024529,0.997816725,0.871521452,0.490323043,1.145400902,0.0,0.0,0.0,0.86058265,0.0,3.609218435
1772729835.7238195,1.042001,-0.097182,1.033713,-0.02779024,-0.03804602,-0.00467369,0.99887855,-0.055352,-0.076341,-0.007243,0.084318709,1.076414041,0.029828117,0.122531788,-0.255106853,-0.036210671,-0.009448632,-0.035996213,1.003285813,0.082448143,-0.027962886,-0.001684151,50512.560052794,55743.295256334,54613.47594524,50231.068191817,1.041535562,-0.102906109,1.033498871,0.09740324,1.149083826,0.024786739,-0.134522304,-0.001315897,-0.001485935,-2.332076142,7.176598093,0.122249353,-0.020243115,-0.062595437,-0.000209134,0.997830405,0.865978284,0.499990433,1.145772374,0.0,0.0,0.0,0.86058265,0.0,3.609831925
1772729835.7338195,1.042896,-0.086584,1.034205,-0.02799302,-0.04163829,-0.00406965,0.99873224,-0.055799,-0.083496,-0.005818,0.075602228,1.073974606,0.03188552,0.018345341,-0.243747433,0.054173765,-0.00980981,-0.03663925,1.003471388,0.062460941,-0.076137048,0.000319057,50784.941940413,55821.492456073,54355.667112299,50151.820760122,1.04249859,-0.090422007,1.033787838,0.083340995,1.150992413,0.024683885,-0.13564334,0.003006914,-0.002983188,-2.273761178,7.186879553,0.124114197,-0.019734097,-0.062685387,-0.000162799,0.997822561,0.860435936,0.5095339,1.14614024,0.0,0.0,0.0,0.86058265,0.0,3.610445459
1772729835.7438192,1.043512,-0.075713,1.034379,-0.0273414,-0.04006053,-0.00355821,0.99881677,-0.054536,-0.080307,-0.004933,0.064870614,1.074460368,0.032149914,-0.056380291,-0.159596812,0.115549632,-0.022887142,-0.027683287,1.00334506,0.078144794,-0.062979224,-0.00046827,51383.995800465,55537.578060269,53750.004199535,50570.260711651,1.043344308,-0.078284016,1.034175652,0.06973287,1.152441557,0.024682555,-0.149378791,0.011006488,-0.010439362,-2.222482213,7.220706614,0.125407609,-0.019286178,-0.062980229,-0.000129221,0.997816114,0.854652564,0.519177504,1.146515048,0.0,0.0,0.0,0.86058265,0.0,3.610061894
1772729835.7538192,1.044121,-0.065092,1.034669,-0.02963053,-0.04143879,-0.00282576,0.99869759,-0.059188,-0.083032,-0.003199,0.052038395,1.078326514,0.030545173,-0.03839159,-0.02467603,0.100286509,-0.019404739,-0.020100761,1.003796889,0.100109779,-0.027739905,-0.016415145,51099.052609729,55775.355928685,53915.964873031,50481.165924764,1.044116343,-0.064326057,1.034573381,0.054083135,1.154012637,0.023783959,-0.149576652,0.020376488,-0.011711464,-2.148005133,7.253188264,0.121044252,-0.01863942,-0.063262433,-0.000131591,0.997815683,0.848049224,0.529902385,1.146934879,0.0,0.0,0.0,0.86058265,0.0,3.609455989
1772729835.7638187,1.044483,-0.054097,1.034997,-0.02838452,-0.04231668,-0.00246239,0.99869793,-0.056721,-0.084764,-0.002525,0.03930874,1.081969369,0.03007229,0.027478953,-0.00932677,0.038783979,-0.016196687,-0.025471594,1.006499452,0.14002802,0.002845217,-0.024716437,51657.262351431,55867.444982814,53398.24528927,50442.241976229,1.044593725,-0.050817472,1.034931552,0.03876982,1.155399797,0.023481666,-0.1401824,0.012354799,-0.002790939,-2.076969686,7.269710995,0.109254172,-0.018027069,-0.063404538,-0.000197664,0.997826541,0.842062471,0.539373085,1.147308409,0.0,0.0,0.0,0.86058265,0.0,3.608850112
1772729835.7738187,1.04508,-0.043546,1.035413,-0.02885346,-0.04042207,-0.00170286,0.99876455,-0.057719,-0.080931,-0.001072,0.02679043,1.084123042,0.030997213,0.136219997,-0.034035191,-0.029952811,-0.013152284,-0.038581008,1.010546781,0.190674349,0.030652312,-0.028450988,51355.809909825,55811.57598894,53648.001131115,50495.836648129,1.045044441,-0.03717595,1.035329693,0.023452796,1.156557148,0.023584155,-0.14044324,-0.005192109,-0.000621577,-1.96191638,7.266812351,0.086273374,-0.017037971,-0.063376048,-0.000333704,0.997859645,0.834575063,0.550875587,1.147765859,0.0,0.0,0.0,0.86058265,0.0,3.608244206
1772729835.7838187,1.045072,-0.032455,1.035583,-0.02730344,-0.04075978,-0.00324633,0.99879058,-0.054485,-0.081689,-0.004273,0.013793797,1.086150162,0.031684607,0.229758354,-0.108187901,-0.101430777,-0.011428879,-0.03725161,1.012513303,0.20365015,0.022104171,-0.02190603,52293.780535677,55877.517860917,52818.711507685,50285.347646224,1.045249701,-0.023228534,1.035729127,0.007800897,1.157645013,0.024315704,-0.13692869,-0.00686631,0.001129112,-1.798728133,7.245928294,0.060004003,-0.015631742,-0.06319101,-0.000469357,0.997897335,0.827261093,0.561795763,1.148203975,0.0,0.0,0.0,0.86058265,0.0,3.6076383
1772729835.7938187,1.045113,-0.021535,1.035868,-0.02518679,-0.04145398,-0.00381632,0.99881561,-0.050192,-0.083098,-0.005555,0.002759191,1.085681902,0.031037462,0.29124113,-0.042045716,-0.119607199,-0.007677934,-0.036776909,1.010574896,0.22282566,0.031286262,-0.015634868,52052.231946363,55998.894440237,53149.225598075,49960.922506348,1.045221068,-0.012130704,1.036154516,-0.00517362,1.156410785,0.025448361,-0.13341414,-0.008540511,0.002879802,-1.629948803,7.219270287,0.041488906,-0.014172472,-0.062957207,-0.00053425,0.997936961,0.820974602,0.570946315,1.148574035,0.0,0.0,0.0,0.86058265,0.0,3.607032394
1772729835.8038185,1.045247,-0.010944,1.036385,-0.024821,-0.04441448,-0.00349318,0.99869869,-0.049483,-0.089004,-0.004791,-0.006056805,1.082455014,0.030727788,0.26769338,0.046261551,-0.113347635,-0.01060032,-0.039737391,1.008095543,0.239048055,0.039042732,-0.016378286,51770.914275219,56005.393268745,53292.137770329,49998.722232426,1.045079849,0.001003525,1.03648858,-0.019487453,1.158603403,0.025909189,-0.135759007,-0.015869751,-0.001240739,-1.491925644,7.193341045,0.031132831,-0.01297643,-0.062730811,-0.000545676,0.997969525,0.814902569,0.579582248,1.148925977,0.0,0.0,0.0,0.86058265,0.0,3.606426503
1772729835.8138185,1.044991,5.1e-05,1.03654,-0.02287647,-0.04210004,-0.00428696,0.99884227,-0.045517,-0.084399,-0.006662,-0.017108233,1.083206608,0.031271125,0.268562161,0.120076817,-0.090878685,-0.013070262,-0.040505886,1.009651579,0.234165269,0.034921693,-0.018209793,52130.280020245,55416.368720739,52944.260154372,50763.028217133,1.0448259,0.010486952,1.03673223,-0.030033295,1.158794326,0.025881494,-0.137809068,-0.019836895,-0.001451512,-1.349391219,7.162449599,0.021978713,-0.01174039,-0.062461482,-0.00054419,0.997999617,0.809359201,0.58729712,1.149242586,0.0,0.0,0.0,0.86058265,0.0,3.605820597
1772729835.8238182,1.044778,0.010926,1.036828,-0.02156225,-0.04169952,-0.00519564,0.99888399,-0.042806,-0.083627,-0.008612,-0.02702048,1.082399731,0.032804208,0.251995826,0.125408064,-0.085783645,-0.008795045,-0.03844714,1.013075151,0.221051157,0.031869618,-0.02345526,51818.045721034,55485.361002151,53184.848622886,50734.723691425,1.044512312,0.019972233,1.036980629,-0.04047036,1.158709682,0.026030925,-0.134135282,-0.018768293,0.003458705,-1.206996084,7.132512304,0.009109524,-0.010507471,-0.062200198,-0.000575891,0.998024848,0.804176123,0.594370538,1.149534927,0.0,0.0,0.0,0.86058265,0.0,3.60527873
1772729835.833818,1.044626,0.02153,1.037262,-0.02077428,-0.03938065,-0.0044439,0.99899842,-0.041297,-0.078949,-0.007265,-0.040734266,1.084649578,0.033762348,0.243301409,-0.042929673,-0.072786199,-0.008364332,-0.039064635,1.011555482,0.20798592,0.027169474,-0.035960098,51629.709609293,55896.82312566,53231.652587117,50272.593980993,1.044110601,0.031515345,1.037352165,-0.052925034,1.157981055,0.026861188,-0.134381817,-0.02266499,0.002957528,-1.065002244,7.101334075,-0.005214264,-0.009278723,-0.061928162,-0.00062103,0.998053742,0.797834912,0.602856863,1.149888076,0.0,0.0,0.0,0.86058265,0.0,3.60527873
1772729835.843818,1.04408,0.032503,1.037522,-0.01946332,-0.0394105,-0.0054437,0.9990187,-0.038589,-0.079038,-0.009372,-0.053627479,1.085442974,0.034512057,0.239243733,-0.189528898,-0.027851982,-0.011818139,-0.033732115,1.008948128,0.16831524,0.005751872,-0.044331549,51352.026297758,55800.526053052,53329.09223792,50538.17132696,1.04346692,0.044376394,1.037742002,-0.066780247,1.157123338,0.0273586,-0.133580814,-0.021602391,0.000694894,-0.894137808,7.072122678,-0.034532651,-0.007806436,-0.061672905,-0.000782112,0.998078127,0.790649232,0.612256882,1.150282419,0.0,0.0,0.0,0.86058265,0.0,3.60527873
1772729835.853818,1.043347,0.043462,1.0379,-0.0180395,-0.04260022,-0.00555002,0.99891391,-0.035705,-0.085412,-0.009586,-0.065573994,1.084599519,0.035780454,0.203306424,-0.317294196,0.012845922,-0.014421581,-0.033281198,1.007278144,0.153797538,0.007965885,-0.051906813,51421.018144263,55891.861811996,53142.890567413,50459.843100725,1.042290277,0.060298216,1.038268088,-0.084259929,1.155862392,0.028052026,-0.128457382,-0.015638045,0.001722354,-0.738662182,7.062793476,-0.074001993,-0.00647345,-0.061590894,-0.001041816,0.998089233,0.779840482,0.625926,1.150863305,0.0,0.0,0.0,0.86058265,0.0,3.60527873
1772729835.863818,1.042682,0.054269,1.038281,-0.01665797,-0.0459161,-0.00580724,0.99878952,-0.032887,-0.092044,-0.010114,-0.080092132,1.088904457,0.031902653,0.211371458,-0.229120992,0.012484202,-0.020010249,-0.03805799,1.004109468,0.15452164,0.015891379,-0.05860426,51521.401517726,55698.270670518,52887.690140446,50777.549807453,1.040832307,0.078089897,1.038877502,-0.103644715,1.153821787,0.028853033,-0.139224863,-0.028209599,-0.005754645,-0.583186557,7.053464274,-0.113471334,-0.005140464,-0.061508883,-0.001301521,0.99809623,0.770890752,0.63696208,1.151336975,0.0,0.0,0.0,0.86058265,0.0,3.60527873
1772729835.873818,1.041926,0.065004,1.03865,-0.01664909,-0.04691176,-0.00402977,0.99875215,-0.03303,-0.093979,-0.006516,-0.088439459,1.086583534,0.031294047,0.19946644,-0.022958957,0.026979538,-0.014737757,-0.040679893,1.00075617,0.166180899,0.04565416,-0.076614752,51577.542608628,55831.991850488,52526.075774791,50990.513027465,1.039401002,0.092113407,1.039245126,-0.118702071,1.152097433,0.028244555,-0.13558683,-0.035026961,-0.007950284,-0.439882974,7.031133643,-0.159774544,-0.003916802,-0.061314413,-0.001627399,0.998113296,0.76200552,0.647552191,1.151797817,0.0,0.0,0.0,0.86058265,0.0,3.60527873
1772729835.8838184,1.040945,0.075947,1.038843,-0.01536463,-0.04345102,-0.0045816,0.9989269,-0.030418,-0.08706,-0.007848,-0.093901041,1.081563133,0.031280041,0.169086431,0.282341004,-0.007358037,-0.00789165,-0.034228586,1.002110887,0.180238565,0.06815134,-0.091161376,51864.970377827,56234.726228565,52014.168943452,50819.335586152,1.037572739,0.108459714,1.039691053,-0.136071329,1.149876873,0.027544927,-0.128022688,-0.0215036,-0.006063703,-0.307510396,6.99711882,-0.212220898,-0.00279132,-0.061018878,-0.002012755,0.998146853,0.753244253,0.657671106,1.152243963,0.0,0.0,0.0,0.86058265,0.0,3.60527873
1772729835.8938184,1.039888,0.086851,1.039162,-0.01446912,-0.04288788,-0.00528222,0.99896115,-0.028564,-0.085945,-0.009347,-0.103367523,1.078765714,0.032646671,0.140282995,0.439943616,-0.046036742,-0.003044948,-0.021420744,1.007149388,0.192910149,0.078587957,-0.099691034,51727.7588525,55908.283423806,52058.649602761,51304.853291153,1.036565136,0.117392192,1.040075665,-0.145236611,1.146105028,0.027787559,-0.123215828,-0.010680882,-0.000102667,-0.175804334,6.961372056,-0.265099225,-0.001671775,-0.060708406,-0.002402344,0.998169998,0.747103009,0.664662573,1.152554191,0.0,0.0,0.0,0.86058265,0.0,3.60527873
1772729835.903818,1.038795,0.097674,1.039464,-0.01313361,-0.04006761,-0.00537919,0.99909617,-0.025899,-0.08029,-0.009728,-0.114692436,1.077409361,0.03456332,0.12959937,0.394740975,-0.074158574,-0.001468888,-0.019220214,1.008861319,0.204518927,0.08395448,-0.098889546,51975.803813647,56164.737949934,51790.058033761,50973.918476383,1.035244964,0.127602798,1.040375281,-0.155820176,1.145124255,0.028072116,-0.122466606,-0.017567406,0.001401565,-0.050242581,6.910194971,-0.32173178,-0.000606843,-0.060264899,-0.00282898,0.998197267,0.740820205,0.671686102,1.152868324,0.0,0.0,0.0,0.86058265,0.0,3.60527873
1772729835.913818,1.037811,0.10814,1.039973,-0.01314013,-0.03802262,-0.00523755,0.99917675,-0.025938,-0.076194,-0.009495,-0.125928869,1.075806815,0.037249647,0.134257699,0.141573853,-0.106356726,-0.006827763,-0.039781538,1.002648273,0.209361117,0.077143455,-0.081971947,52006.333759766,56058.44629232,51740.055306803,51063.464705076,1.033717652,0.138198144,1.040735848,-0.166946366,1.143638806,0.028577874,-0.12509846,-0.036650024,-0.003315126,0.06945873,6.856495346,-0.376913577,0.000408379,-0.059800255,-0.003247078,0.998225627,0.734302647,0.678804102,1.153190001,0.0,0.0,0.0,0.86058265,0.0,3.60527873
1772729835.9238176,1.03639,0.119054,1.040229,-0.01256962,-0.03758516,-0.00734823,0.99918735,-0.024639,-0.075365,-0.013779,-0.138600734,1.075551511,0.038495006,0.150232772,-0.156740886,-0.129488614,-0.005163971,-0.044376007,1.001107223,0.210013844,0.059960091,-0.088723655,51902.778622553,56587.280168212,51787.543320244,50469.341855349,1.031923097,0.14986075,1.041123304,-0.179007008,1.141098559,0.028498813,-0.122605832,-0.046108639,-0.005080075,0.218428626,6.789892535,-0.436355188,0.0016773,-0.059225115,-0.003688361,0.99825116,0.726952476,0.686669994,1.153548878,0.0,0.0,0.0,0.86058265,0.0,3.60527873
1772729835.9338179,1.034858,0.129781,1.040712,-0.01190124,-0.03982246,-0.00590199,0.99911846,-0.023388,-0.0798,-0.010881,-0.150266538,1.075140147,0.036510621,0.180611914,-0.265788464,-0.143796774,-0.000766156,-0.04443829,1.003432443,0.20947484,0.025855521,-0.091903321,51212.831993925,56340.10333481,52337.238625577,50917.535784345,1.030285357,0.159834273,1.041458096,-0.189268457,1.138744498,0.028379343,-0.117489553,-0.048983773,-0.00414484,0.341616981,6.744033176,-0.483581779,0.002727764,-0.058830667,-0.004037368,0.998259894,0.720414342,0.693526731,1.153864699,0.0,0.0,0.0,0.86058265,0.0,3.60527873
1772729835.9438171,1.03332,0.140627,1.040961,-0.01050625,-0.04126101,-0.0073577,0.99906607,-0.020457,-0.082694,-0.013883,-0.161641335,1.074541332,0.035338398,0.213344308,-0.323865128,-0.138502016,-0.003226935,-0.04258014,1.002423939,0.177255755,0.017575737,-0.095346402,51102.363082028,56518.060718364,52310.425933507,50851.557130853,1.028745013,0.168862488,1.041782782,-0.198450172,1.134951199,0.028336365,-0.120237164,-0.050412549,-0.004775748,0.472063043,6.716309423,-0.533180801,0.003839855,-0.058595417,-0.004403551,0.998264337,0.71442856,0.699691104,1.154151113,0.0,0.0,0.0,0.86058265,0.0,3.60527873
1772729835.9538136,1.031633,0.151362,1.041376,-0.00913929,-0.04452237,-0.00862739,0.99892933,-0.017562,-0.089225,-0.016489,-0.173360849,1.074402889,0.032185578,0.235087612,-0.114658562,-0.090931348,-0.011000745,-0.034015026,1.008852566,0.180114524,-0.00245381,-0.100098984,50647.762660582,56584.770199891,52604.743911512,50905.082188384,1.026884094,0.179087951,1.042126061,-0.208865881,1.131005258,0.028442994,-0.126914972,-0.044849082,-0.001150093,0.594717372,6.691968,-0.586153243,0.004882417,-0.058390323,-0.004803461,0.998264197,0.70766754,0.706528545,1.154471659,0.0,0.0,0.0,0.86058265,0.0,3.60527873
1772729835.9638135,1.029876,0.162065,1.04167,-0.00774073,-0.04405698,-0.00937806,0.99895501,-0.014697,-0.088282,-0.018126,-0.182707128,1.071445738,0.031751409,0.234401008,0.192572491,-0.066810412,-0.004612554,-0.030515366,1.008650741,0.15682634,-0.015927177,-0.090475998,50839.13530016,56096.247660352,52440.506648026,51457.181436887,1.024450006,0.191482968,1.04246715,-0.221578045,1.127655879,0.028765721,-0.123808703,-0.043474435,0.001594885,0.736626682,6.676712761,-0.656892638,0.006083409,-0.058267061,-0.005348261,0.998254311,0.699408648,0.71470465,1.154859019,0.0,0.0,0.0,0.86058265,0.0,3.60527873
1772729835.9738135,1.02813,0.172605,1.04198,-0.00729775,-0.04051203,-0.00818829,0.99911885,-0.013966,-0.081161,-0.015824,-0.194241522,1.071300672,0.03068548,0.240398484,0.439216896,-0.086624397,-0.009313435,-0.028100156,1.013329204,0.117991612,0.002143664,-0.085693058,50828.210447612,56373.427076064,52478.72006779,51093.693749377,1.022079283,0.203131063,1.042840665,-0.233313642,1.124141896,0.029203256,-0.127549956,-0.042974315,0.002133591,0.84491571,6.676392081,-0.715534733,0.006996971,-0.058272887,-0.005804084,0.99825138,0.691350569,0.722504193,1.155232829,0.0,0.0,0.0,0.86058265,0.0,3.60527873
1772729835.9838142,1.026004,0.183433,1.042326,-0.00586968,-0.0397016,-0.00877586,0.9991558,-0.011068,-0.079523,-0.017126,-0.204659616,1.068759586,0.032301818,0.236036489,0.499491917,-0.074880431,-0.004484356,-0.031601103,1.013065398,0.109487842,0.008178827,-0.083454435,51026.429415414,56252.507189296,52102.859963851,51340.790849497,1.019307972,0.216133033,1.043202239,-0.246624051,1.122041605,0.029828844,-0.121696599,-0.048156304,0.003188271,0.958270459,6.660187602,-0.779149324,0.007953129,-0.058141901,-0.006301851,0.998248368,0.682946915,0.730458768,1.155618526,0.0,0.0,0.0,0.86058265,0.0,3.60527873
1772729835.9938145,1.023819,0.19423,1.042533,-0.00474183,-0.03440976,-0.00911067,0.99935503,-0.008872,-0.068916,-0.017927,-0.213363199,1.065241439,0.033760172,0.23615706,0.407938979,-0.118383167,0.002485724,-0.036640551,1.01154859,0.110879451,0.037396537,-0.078660902,51824.097766422,56139.54322921,51363.732844309,51344.238012033,1.016936506,0.226868889,1.043678166,-0.25708193,1.115868782,0.031073482,-0.116293609,-0.054033132,0.005374374,1.038863989,6.646552611,-0.82828659,0.008631209,-0.05803124,-0.00669015,0.998252122,0.6749027,0.737902579,1.15598384,0.0,0.0,0.0,0.86058265,0.0,3.60527873
1772729836.0038147,1.021735,0.204794,1.042994,-0.00298562,-0.03411937,-0.01072708,0.99935573,-0.005248,-0.068312,-0.021288,-0.221293529,1.060024787,0.036839487,0.224760527,0.128610797,-0.16047603,0.005716869,-0.035661898,1.012023264,0.115816982,0.067038839,-0.061700386,52016.999373609,55811.126514465,51282.14721833,51559.26453474,1.015148848,0.23446545,1.043891675,-0.264918891,1.114699723,0.031476969,-0.112187897,-0.054592327,0.005630626,1.100163264,6.62913744,-0.86618209,0.009147242,-0.057886083,-0.006990743,0.99826011,0.669645495,0.742665582,1.156220363,0.0,0.0,0.0,0.86058265,0.0,3.60527873
1772729836.0138154,1.019503,0.215326,1.043348,-0.00195938,-0.03473138,-0.01121583,0.99933183,-0.003145,-0.069516,-0.022336,-0.228191884,1.053918041,0.038593801,0.199876399,-0.110676862,-0.169101098,0.006848754,-0.033848287,1.011759499,0.120763112,0.09008483,-0.040859999,51746.313646203,55778.037495405,51621.877915288,51469.464240493,1.013553281,0.241122338,1.04411939,-0.271672503,1.112816509,0.031961984,-0.110348163,-0.054648192,0.004142526,1.15886508,6.60138652,-0.895658786,0.009645775,-0.057650428,-0.00722046,0.998272121,0.665213224,0.746641051,1.156418858,0.0,0.0,0.0,0.86058265,0.0,3.60527873
1772729836.0238152,1.017208,0.225801,1.043739,-0.00148902,-0.0361099,-0.01188231,0.99927607,-0.002123,-0.072266,-0.023704,-0.23471792,1.0475692,0.039257302,0.142466765,-0.248549925,-0.127689184,0.003158259,-0.034025697,1.009261502,0.116527157,0.080549452,-0.032907101,51313.468597258,55848.274884614,52108.971354273,51273.027964983,1.012093441,0.247115424,1.044357097,-0.277660935,1.1104297,0.032504453,-0.112801121,-0.055480738,0.001345024,1.199901609,6.578650071,-0.914046098,0.009995705,-0.057456521,-0.007362159,0.998281708,0.661474309,0.749954744,1.156585384,0.0,0.0,0.0,0.86058265,0.0,3.60527873
1772729836.0338156,1.014774,0.236261,1.044154,-0.00070368,-0.0373354,-0.01223181,0.99922768,-0.000494,-0.0747,-0.024463,-0.245384713,1.04692965,0.038078785,0.100880232,-0.362727039,-0.136990674,-0.000532499,-0.034203121,1.006763327,0.112290899,0.071013392,-0.024953634,51726.669803321,55738.250966848,51662.847930842,51411.367960623,1.010906735,0.251858011,1.044536994,-0.282345857,1.10855074,0.032766177,-0.115345962,-0.055979976,-0.000694555,1.229215914,6.559239599,-0.92507379,0.010247026,-0.057290305,-0.007445442,0.99828832,0.657812178,0.753170497,1.156747839,0.0,0.0,0.0,0.86058265,0.0,3.60527873
1772729836.0438159,1.01227,0.246763,1.044512,-0.00027362,-0.03966583,-0.01271152,0.99913211,0.000463,-0.079353,-0.025462,-0.256889989,1.045924968,0.036319382,0.072831467,-0.295117397,-0.109586466,-0.002568563,-0.034928573,1.00449558,0.120476598,0.08669841,-0.024941031,52148.686141501,55626.349409551,51207.000889293,51553.196678593,1.009769145,0.256375756,1.044706498,-0.286796414,1.106763091,0.032977451,-0.118123781,-0.055632079,-0.000807622,1.258529521,6.53982959,-0.93610122,0.010498342,-0.057124093,-0.007528723,0.998294932,0.654236812,0.756275731,1.156905696,0.0,0.0,0.0,0.86058265,0.0,3.60527873
1772729836.0538163,1.009662,0.257201,1.044868,0.00010224,-0.03965865,-0.01321466,0.99912589,0.001256,-0.079328,-0.026501,-0.267663387,1.042665291,0.035743818,0.066412508,-0.099771177,-0.055672518,-0.003255094,-0.035387178,1.002351172,0.131129237,0.110035636,-0.027867443,51822.400417827,55458.993795898,51548.031970119,51722.739807546,1.007907296,0.263570389,1.044969877,-0.293835952,1.103866201,0.033202989,-0.118833353,-0.054609784,-0.001673551,1.320480586,6.496091232,-0.95273166,0.011033174,-0.056748735,-0.007647327,0.998311663,0.649574019,0.760284246,1.157110675,0.0,0.0,0.0,0.86058265,0.0,3.60527873
1772729836.0638168,1.006948,0.267621,1.045207,0.00014688,-0.04031624,-0.0137712,0.99909205,0.001408,-0.080643,-0.027623,-0.27738793,1.037644191,0.03558799,0.050362465,0.153162622,0.035175303,0.002070493,-0.030614773,1.000391186,0.109368127,0.094305415,-0.023854386,51742.190828025,55465.020653928,51690.622029724,51659.452535032,1.00572652,0.271831291,1.045274851,-0.301741434,1.099830792,0.033260263,-0.111669068,-0.051020148,-0.005405541,1.382889363,6.448736113,-0.967803684,0.011573177,-0.056341877,-0.007752946,0.998328448,0.643171229,0.765714246,1.157390521,0.0,0.0,0.0,0.86058265,0.0,3.60527873
1772729836.073817,1.004092,0.278039,1.045548,0.00061769,-0.04081998,-0.01421663,0.99906518,0.002403,-0.081637,-0.028556,-0.285298971,1.031830413,0.035840516,0.030144762,0.374650847,0.120848081,0.002259667,-0.027432188,1.005961763,0.101549836,0.094621178,-0.012250252,52098.569869832,55576.019078612,51427.151097499,51451.17547218,1.003916697,0.278579992,1.045532068,-0.307976958,1.095547886,0.033091233,-0.109900626,-0.050664316,-0.002669823,1.445767094,6.398425494,-0.981711738,0.012118182,-0.055909287,-0.007848921,0.998345638,0.63761896,0.770345256,1.157631449,0.0,0.0,0.0,0.86058265,0.0,3.60527873
1772729836.0838175,1.001185,0.288219,1.045982,0.00088647,-0.03753085,-0.0119479,0.99922365,0.002676,-0.075053,-0.024014,-0.294051388,1.027059099,0.038525503,0.027979684,0.403126277,0.193028421,0.005372234,-0.031832034,1.009479528,0.111215347,0.103486819,-0.004042959,52222.362454729,55398.997511498,51450.359655165,51513.475725998,1.001181537,0.288188546,1.045899281,-0.317259025,1.091221195,0.033285392,-0.106132103,-0.05504194,0.002712786,1.511416925,6.341550104,-0.992334232,0.012689587,-0.055419437,-0.007916204,0.99836758,0.630324827,0.776322333,1.157945782,0.0,0.0,0.0,0.86058265,0.0,3.60527873
1772729836.093818,0.998187,0.298496,1.046296,0.00086627,-0.03251191,-0.01062507,0.9994145,0.002428,-0.065013,-0.021341,-0.302482728,1.023666846,0.040101281,0.037792064,0.331487187,0.212346868,0.006472108,-0.034343083,1.007735724,0.127901217,0.093781115,0.001842654,51932.520985624,55935.810007332,51764.432243873,50757.651187593,0.998429473,0.297489529,1.04619095,-0.326559365,1.088921112,0.033750559,-0.105101926,-0.058682677,0.002555888,1.575808532,6.279648284,-0.995529333,0.013254122,-0.054884935,-0.007920556,0.998392453,0.623705255,0.781645562,1.158228988,0.0,0.0,0.0,0.86058265,0.0,3.60527873
1772729836.1038184,0.995201,0.308695,1.04675,0.00085692,-0.03232029,-0.01009035,0.99942626,0.00237,-0.064631,-0.020268,-0.311179862,1.020821312,0.041309849,0.050689372,0.102606343,0.185852945,0.004351149,-0.031459148,1.005845541,0.13858861,0.070463904,0.00686267,51815.31526618,55901.219465099,51863.651145853,50801.134351869,0.995997221,0.30553753,1.046464285,-0.334258307,1.08569902,0.034036859,-0.105462318,-0.059169281,0.000311632,1.627414487,6.226231645,-0.994037726,0.013708847,-0.054422933,-0.00788967,0.998405766,0.617475669,0.786573843,1.158493805,0.0,0.0,0.0,0.86058265,0.0,3.60527873
1772729836.1138186,0.99204,0.318934,1.047126,0.00120089,-0.0331025,-0.00951114,0.99940598,0.003037,-0.066191,-0.019134,-0.322110195,1.020491455,0.040341705,0.078966865,-0.130520796,0.120806451,0.003718123,-0.026604934,1.006361938,0.135767181,0.045713984,0.003738477,51761.648692039,55825.591698933,51894.753470583,50894.110916989,0.993368088,0.314112382,1.046788414,-0.342181968,1.081633959,0.034250805,-0.105367267,-0.056953932,-0.001418028,1.702073345,6.164907441,-0.988842687,0.01436682,-0.053893112,-0.007817143,0.998418847,0.610922057,0.79167775,1.158770681,0.0,0.0,0.0,0.86058265,0.0,3.60527873
1772729836.1238186,0.988691,0.329146,1.047629,0.0017754,-0.03628343,-0.00891392,0.99930021,0.004206,-0.072548,-0.017993,-0.333188313,1.019125234,0.038830126,0.11501214,-0.221283619,0.053673049,0.004424798,-0.029953963,1.002824778,0.140154746,0.02996794,0.001730006,51717.255924365,55653.044755044,51907.372037818,51118.866328326,0.990484728,0.323372876,1.047201829,-0.350403178,1.076465097,0.034544071,-0.103306962,-0.058812423,-0.00211274,1.776404153,6.117618937,-0.98373774,0.015020727,-0.053485491,-0.007744286,0.998426891,0.603537134,0.797324331,1.159080511,0.0,0.0,0.0,0.86058265,0.0,3.60527873
1772729836.1338189,0.985354,0.339278,1.047927,0.00249796,-0.03530981,-0.00889748,0.99933368,0.005635,-0.070587,-0.018005,-0.343479485,1.014439021,0.038714295,0.142541106,-0.163978085,0.040090174,0.002334935,-0.035064178,1.013154177,0.139102856,0.012758551,-0.000338475,51678.394660786,55508.656993936,51929.426001103,51271.008703787,0.987871204,0.331526028,1.04759167,-0.357577265,1.071516046,0.034985695,-0.105635949,-0.063928102,0.007657052,1.896787592,6.074341652,-0.980309827,0.016074769,-0.053116044,-0.007664707,0.998429063,0.596771717,0.802406533,1.159362624,0.0,0.0,0.0,0.86058265,0.0,3.60527873
1772729836.143819,0.981867,0.349412,1.048327,0.00296014,-0.03854172,-0.00848199,0.99921661,0.006589,-0.077049,-0.017231,-0.35138025,1.009038375,0.037685817,0.147369709,-0.029646664,0.012663019,0.006009577,-0.03550125,1.01418012,0.136309619,0.007296177,0.001260764,51700.817487763,55531.780534256,51925.221721044,51129.464608497,0.985321906,0.339084742,1.047840232,-0.365025355,1.069330501,0.035453012,-0.103666225,-0.067298964,0.007877958,1.967549643,6.050107665,-0.978940661,0.016693942,-0.052909442,-0.007623562,0.998427723,0.591068213,0.80661134,1.159598766,0.0,0.0,0.0,0.86058265,0.0,3.605395101
1772729836.153819,0.978239,0.359567,1.048636,0.00409402,-0.03537812,-0.00849695,0.99932949,0.008806,-0.070698,-0.017316,-0.359232879,1.004055076,0.036513574,0.138925363,0.073524579,-0.013027879,0.008439001,-0.034268806,1.011663703,0.129056279,-0.000103565,-0.00052771,51296.912918323,55486.514597185,52240.80559373,51169.961129889,0.982914212,0.346205663,1.048135852,-0.37135669,1.064806655,0.036170163,-0.100942785,-0.068930492,0.004271197,1.973961797,6.042046951,-0.978576529,0.016750641,-0.052839586,-0.007618669,0.99842484,0.585201478,0.810872552,1.159840477,0.0,0.0,0.0,0.86058265,0.0,3.605899954
1772729836.1638196,0.974689,0.369474,1.049071,0.00455134,-0.03410877,-0.00853234,0.99937134,0.009702,-0.06815,-0.017406,-0.367652915,0.999229547,0.03710967,0.130504305,0.062847406,-0.015506553,0.003776941,-0.031688083,1.005991364,0.111076544,-0.02032327,-0.013681641,51277.640838334,55686.608835551,52078.306113575,51073.855161318,0.979964807,0.354676177,1.048462714,-0.378998045,1.059838911,0.036524405,-0.099158147,-0.066916761,-0.00239749,2.087696791,6.038382144,-0.977809239,0.017742257,-0.052815064,-0.007560139,0.998416668,0.578494576,0.815672459,1.160115403,0.0,0.0,0.0,0.86058265,0.0,3.606404831
1772729836.1738193,0.970973,0.379428,1.049496,0.00521451,-0.03608909,-0.00871957,0.99929693,0.01108,-0.072099,-0.017851,-0.376574504,0.994091177,0.039489412,0.131440994,-0.024029699,-0.010831382,0.002007376,-0.021311853,1.005724163,0.111513166,-0.026233422,-0.025629438,51460.128195747,55759.493802881,51782.104504917,51105.477795564,0.976353075,0.364656867,1.048808645,-0.388540277,1.055709594,0.036463975,-0.102816873,-0.059843207,-0.001971876,2.118438181,6.029157731,-0.977067103,0.018011209,-0.052736614,-0.007541018,0.998404854,0.570465489,0.82130832,1.160442379,0.0,0.0,0.0,0.86058265,0.0,3.606909672
1772729836.1838195,0.967209,0.38936,1.049811,0.0057437,-0.03607417,-0.0090251,0.99929186,0.012162,-0.072056,-0.018501,-0.383744927,0.988757586,0.038863168,0.135280025,-0.026379464,-0.017830652,0.012148941,-0.030992342,1.005065,0.10093936,-0.023714576,-0.025424565,51454.403245375,55615.849711859,51800.719745223,51235.685623294,0.972791082,0.374331614,1.049189649,-0.397546414,1.050866014,0.036660964,-0.095926274,-0.066054725,-0.000189073,2.223154127,6.033268619,-0.999459956,0.018912909,-0.052783044,-0.007687193,0.998392913,0.562526479,0.826767052,1.160763592,0.0,0.0,0.0,0.86058265,0.0,3.607414537
1772729836.1938195,0.963196,0.399308,1.050149,0.00643092,-0.03525557,-0.00870778,0.9993197,0.013501,-0.070409,-0.017902,-0.391173586,0.983292371,0.039099532,0.131352047,-0.054975962,-0.03201804,0.006559397,-0.044932046,1.003495585,0.093580598,-0.05221161,-0.018686508,51553.391616859,55539.466302556,51688.706744641,51290.345476092,0.968967965,0.384558549,1.04962264,-0.406481899,1.043997164,0.036809797,-0.097464546,-0.082006308,-0.005600099,2.26301191,6.024791536,-1.006218271,0.019257795,-0.052712944,-0.00772923,0.998378143,0.553679924,0.832715967,1.161118964,0.0,0.0,0.0,0.86058265,0.0,3.60791939
1772729836.2038195,0.959289,0.409058,1.050681,0.00713923,-0.03719916,-0.00858202,0.99924552,0.014948,-0.074288,-0.017732,-0.401013961,0.979778673,0.038391451,0.123636447,0.091365532,-0.036060591,0.004490465,-0.042261097,1.003189615,0.086352999,-0.058232484,-0.02594163,51521.850528063,55528.025503851,51571.438315731,51432.979246414,0.964861488,0.395086648,1.050000503,-0.41624409,1.03826847,0.036545513,-0.103139089,-0.078148637,-0.002159517,2.371711104,6.050128858,-1.027925304,0.020192628,-0.052944842,-0.007863646,0.998362042,0.544806551,0.838547256,1.161472842,0.0,0.0,0.0,0.86058265,0.0,3.608424243
1772729836.21382,0.955276,0.418809,1.051026,0.00792288,-0.03576697,-0.00905648,0.99928771,0.016525,-0.0714,-0.018716,-0.409963211,0.974752425,0.03826715,0.099824366,0.178273816,-0.055127109,-0.000196215,-0.031716163,1.007530684,0.069716364,-0.055755316,-0.051221065,51233.243671845,55581.416516838,51732.553867599,51486.929718592,0.961318152,0.403908634,1.050352278,-0.424515633,1.033340969,0.036574525,-0.106897799,-0.07108094,-0.000134904,2.387513431,6.043976046,-1.029599543,0.020330075,-0.052892601,-0.007872099,0.998345449,0.537056002,0.843533229,1.161780038,0.0,0.0,0.0,0.86058265,0.0,3.60892912
1772729836.2238195,0.951194,0.428526,1.051331,0.0083121,-0.03393025,-0.0095543,0.99934397,0.017302,-0.067709,-0.019707,-0.416496376,0.968385267,0.038999085,0.063065121,0.151668299,-0.053329356,0.004051194,-0.020899144,1.009039059,0.061187087,-0.054226539,-0.043358113,51080.379155291,55602.417054762,51831.249397784,51476.920025695,0.957851899,0.412398471,1.050722147,-0.43242707,1.028403699,0.036776592,-0.104102599,-0.063263547,-0.000150866,2.446812028,6.072171711,-1.063021901,0.020828665,-0.053148461,-0.008130465,0.998328528,0.529873559,0.848068236,1.162063245,0.0,0.0,0.0,0.86058265,0.0,3.609433949
1772729836.2338195,0.94693,0.438179,1.051784,0.00843837,-0.03348144,-0.00988914,0.99935479,0.017568,-0.066802,-0.020377,-0.42508267,0.963709272,0.038088634,0.02419635,0.131249417,-0.026604527,0.007069139,-0.024110875,1.004760645,0.031847998,-0.055042032,-0.036464748,51344.218372644,55566.235272543,51541.172074258,51480.909124252,0.953452452,0.422847268,1.051129001,-0.442492328,1.022919269,0.036891549,-0.10032502,-0.064069839,-0.002178752,2.483533785,6.07907622,-1.080833934,0.021139743,-0.053214426,-0.008267361,0.998311696,0.521017712,0.853535824,1.162410137,0.0,0.0,0.0,0.86058265,0.0,3.609938803
1772729836.24382,0.942512,0.447902,1.052134,0.00848659,-0.03214241,-0.00940812,0.99940299,0.017605,-0.064131,-0.019392,-0.43512423,0.959572186,0.037569072,0.025551932,0.05665983,0.017564795,0.005116636,-0.017670114,1.003421265,0.065687491,-0.008780267,-0.035441249,51417.792600275,55459.26755264,51407.060056439,51656.881213671,0.948788835,0.433658524,1.051542681,-0.4527815,1.016880918,0.036839922,-0.103370413,-0.059673908,-0.002567197,2.547228624,6.092762485,-1.119527748,0.021675361,-0.053345594,-0.008572148,0.998301513,0.511445845,0.859302447,1.162782596,0.0,0.0,0.0,0.86058265,0.0,3.61044368
1772729836.2538204,0.938217,0.457391,1.052521,0.00866375,-0.03350188,-0.01001969,0.99935087,0.018029,-0.066836,-0.020654,-0.443123441,0.953077113,0.040125854,0.01976978,-0.005825788,0.02008766,0.01239588,-0.027830713,1.001499366,0.050937096,0.02723231,-0.028367306,51541.843772927,55547.011005136,51351.240645635,51498.652925532,0.944693882,0.442992783,1.051919005,-0.460883013,1.009344858,0.036550367,-0.096730579,-0.070422064,-0.004946283,2.562148617,6.084304776,-1.125409091,0.021803426,-0.053274119,-0.008618141,0.998299648,0.502986267,0.864281766,1.163109833,0.0,0.0,0.0,0.86058265,0.0,3.610105636
1772729836.2638211,0.933882,0.466807,1.052971,0.00845231,-0.03364648,-0.00912688,0.99935638,0.017548,-0.067146,-0.018854,-0.451770283,0.947672291,0.040087762,0.016416585,0.029162516,-0.006543809,0.005125677,-0.046323115,0.999087388,0.077599902,0.037183602,-0.03466666,51644.38840791,55463.549075002,51326.051945685,51566.405267475,0.940422417,0.452374282,1.052285129,-0.469445,1.002095435,0.036034454,-0.100444127,-0.089405875,-0.006520041,2.603145072,6.060561432,-1.139657375,0.022156271,-0.053073133,-0.00872804,0.99830278,0.49482752,0.868980185,1.163423703,0.0,0.0,0.0,0.86058265,0.0,3.609522747
1772729836.273821,0.929123,0.476392,1.053291,0.00890906,-0.032857,-0.0090714,0.99937919,0.018444,-0.065559,-0.018758,-0.459396145,0.942141458,0.038687352,0.035971882,0.058328588,-0.052538329,0.002446513,-0.041539461,1.013371673,0.091227283,0.055321402,-0.02378531,51701.558368826,55390.463797445,51225.349530555,51700.34788338,0.936240641,0.461434729,1.052659704,-0.477660729,0.995540909,0.035961452,-0.107041666,-0.083063292,0.005181863,2.660214095,6.025336419,-1.155861143,0.022649411,-0.052773802,-0.008850071,0.998310312,0.486373563,0.873740663,1.163747073,0.0,0.0,0.0,0.86058265,0.0,3.6089399
1772729836.2838218,0.924538,0.485745,1.053714,0.00965253,-0.0331138,-0.0097016,0.99935789,0.01998,-0.066046,-0.020075,-0.47151294,0.938148952,0.038726999,0.040740645,0.167831055,-0.081924218,0.001167581,-0.025803629,1.007936273,0.110603114,0.03504724,-0.02138603,51912.725757808,55457.393855748,50982.336093646,51584.985533916,0.931737552,0.470894524,1.053051762,-0.486737579,0.989755839,0.036457454,-0.102012221,-0.075844872,-0.000806556,2.718027201,5.977971151,-1.168640627,0.023151905,-0.052368205,-0.008944792,0.998316656,0.477930171,0.878388693,1.164068388,0.0,0.0,0.0,0.86058265,0.0,3.608357011
1772729836.2938223,0.919806,0.495053,1.054168,0.00891173,-0.0304604,-0.01086129,0.99943723,0.01851,-0.06073,-0.022296,-0.481110404,0.933800424,0.038388187,0.08615367,0.203404972,-0.061127121,0.007628262,-0.004879133,1.001847539,0.115534643,0.012215669,-0.017041609,52032.040779148,55499.802830717,50940.758338004,51450.667881166,0.92686359,0.480800446,1.053444047,-0.496317308,0.983864365,0.036388176,-0.09791493,-0.058295511,-0.005322351,2.783670882,5.935955159,-1.180069432,0.023722794,-0.052009653,-0.009023446,0.998317225,0.468387605,0.883511496,1.164429399,0.0,0.0,0.0,0.86058265,0.0,3.607774136
1772729836.3038223,0.914927,0.504421,1.054453,0.00960836,-0.03045668,-0.01073834,0.99943222,0.019898,-0.06071,-0.022092,-0.489014122,0.926225883,0.039333973,0.101371901,0.181794419,-0.067500188,0.011595634,-0.026750293,0.998882971,0.160103937,-0.002867378,-0.021275826,51711.223577598,55870.110275131,51230.332294542,50995.630531564,0.922388709,0.489742374,1.053815772,-0.504449889,0.977556681,0.036112074,-0.093029712,-0.068258909,-0.004135308,2.851784862,5.902430973,-1.189518684,0.024315315,-0.051724958,-0.009082271,0.998309015,0.459733567,0.888046794,1.164755081,0.0,0.0,0.0,0.86058265,0.0,3.607191289
1772729836.3138227,0.910049,0.51362,1.054843,0.0107803,-0.03049076,-0.01100475,0.99941633,0.022262,-0.060746,-0.022698,-0.495374948,0.918276245,0.039532283,0.121781189,0.121252203,-0.041004737,0.016414313,-0.040402342,1.004036203,0.174647924,-0.05288223,-0.014210224,51363.588029752,56075.975758899,51451.337435608,50844.737099033,0.915690354,0.502558306,1.054319483,-0.517117167,0.970070586,0.035711266,-0.093009299,-0.077479462,-0.000462765,2.940388364,5.879822137,-1.198580316,0.025085448,-0.051536989,-0.009126366,0.99826737,0.449573653,0.893208546,1.165134936,0.0,0.0,0.0,0.86058265,0.0,3.606608414
1772729836.3238235,0.904877,0.522846,1.055297,0.0109185,-0.02739861,-0.01062569,0.99950848,0.022444,-0.054565,-0.021874,-0.504045333,0.911878375,0.040357944,0.146892415,0.083544104,-0.038049385,0.016969116,-0.032331247,1.006598238,0.17905902,-0.067898147,-0.02133525,51540.332091518,55947.72854335,51213.702889149,51143.262130185,0.907250815,0.518429927,1.054975504,-0.532059891,0.959134528,0.035609234,-0.092680729,-0.083238192,0.002302908,3.13880523,5.900806655,-1.222171354,0.026801161,-0.051741073,-0.009237422,0.998210506,0.432458704,0.901641985,1.165770996,0.0,0.0,0.0,0.86058265,0.0,3.606025525
1772729836.333824,0.900034,0.531829,1.055706,0.01265041,-0.03020531,-0.01052751,0.99940821,0.025972,-0.060145,-0.021848,-0.510904236,0.904700241,0.04166152,0.167309162,-0.011110056,-0.048585672,0.015387995,-0.013385007,1.007571719,0.176036671,-0.060203921,-0.035100196,51683.750963396,55783.457764549,51014.597967772,51384.916928704,0.901763942,0.528306839,1.055401247,-0.541660048,0.952044084,0.03588486,-0.092442023,-0.069989278,-8.3263e-05,3.282759473,5.933694364,-1.244436135,0.02804155,-0.05204464,-0.009357825,0.998169561,0.422871762,0.9061766,1.166124516,0.0,0.0,0.0,0.86058265,0.0,3.60544265
1772729836.3438244,0.894752,0.540833,1.056124,0.01212353,-0.02865154,-0.01196699,0.9994443,0.024962,-0.057012,-0.024658,-0.517589907,0.898571292,0.04081521,0.186024505,-0.097386601,-0.045520911,0.015320063,-0.019477673,1.005242309,0.138195134,0.003934609,-0.025504515,51803.90356713,55594.031509802,50842.392281638,51586.867233352,0.895230492,0.539835841,1.055933845,-0.552819759,0.943273201,0.036406125,-0.101409214,-0.070300026,0.000309072,3.409705323,5.962489228,-1.265508166,0.029134692,-0.052311041,-0.009476359,0.998133138,0.411576782,0.911362102,1.166538788,0.0,0.0,0.0,0.86058265,0.0,3.60560218
1772729836.3538249,0.889608,0.54983,1.056464,0.0138258,-0.02990326,-0.01170263,0.99938866,0.028389,-0.059481,-0.024263,-0.524217808,0.892115789,0.040819561,0.171113927,-0.142522572,-0.032987982,0.010406458,-0.033988377,1.001666212,0.118520214,0.039860529,-0.019788487,51914.768513173,55399.490728981,50686.626457617,51791.089708361,0.889627365,0.549591289,1.05642149,-0.561213839,0.934053177,0.03681384,-0.09873713,-0.086456169,-0.006017885,3.519050959,5.95304802,-1.282432777,0.030080469,-0.052242268,-0.009576449,0.99811723,0.40078361,0.916163155,1.166932527,0.0,0.0,0.0,0.86058265,0.0,3.606052181
1772729836.363825,0.884276,0.55873,1.056982,0.01454935,-0.02971408,-0.0119666,0.9993809,0.029848,-0.059078,-0.024829,-0.532507015,0.887188472,0.039484498,0.202828825,-0.199567356,-0.02547798,0.011213412,-0.042288746,1.007462603,0.08455815,0.056044692,-0.015005024,51759.7492036,55059.059010918,51001.349147929,52059.706584604,0.884266785,0.558424539,1.056775709,-0.570806074,0.928241521,0.036302904,-0.095253445,-0.10157961,-0.001023515,3.599611148,5.926561631,-1.294567178,0.030779629,-0.052021559,-0.009652823,0.99811661,0.390966045,0.920352231,1.167288324,0.0,0.0,0.0,0.86058265,0.0,3.606502171
1772729836.373826,0.878901,0.567594,1.057293,0.01572156,-0.03229487,-0.01153262,0.99928818,0.032238,-0.064225,-0.024116,-0.541893543,0.881561427,0.040376981,0.169166916,-0.093194572,-0.001761112,0.014079148,-0.041312305,1.011378174,0.049400585,0.056541922,-0.011122437,51564.93016872,55055.950566863,51260.600428495,51906.026156044,0.877681239,0.569199636,1.057309132,-0.581365129,0.919426974,0.03681375,-0.089963442,-0.109815023,0.003491005,3.662742191,5.882665998,-1.306125022,0.03132925,-0.051647689,-0.009737271,0.998126045,0.381287669,0.924445961,1.167638615,0.0,0.0,0.0,0.86058265,0.0,3.606952193
1772729836.383826,0.873505,0.576356,1.057646,0.01692081,-0.03279451,-0.0112864,0.99925513,0.034637,-0.065204,-0.023718,-0.550095824,0.875835198,0.038356563,0.172235567,-0.076870007,-0.027506115,0.015574292,-0.037250278,1.009636215,0.020233272,0.056193989,-0.007384179,51332.486118387,54919.063383971,51490.010476689,51998.687794657,0.87291961,0.577048771,1.057662637,-0.587865071,0.911599978,0.037366971,-0.088418652,-0.105756374,0.004156029,3.702599947,5.836542161,-1.311132243,0.03167942,-0.051250716,-0.009776132,0.998139329,0.371683848,0.92835587,1.167984328,0.0,0.0,0.0,0.86058265,0.0,3.607402173
1772729836.3938267,0.867967,0.584995,1.058211,0.01612432,-0.03104112,-0.01219504,0.99931363,0.033052,-0.061685,-0.025425,-0.560227457,0.86902307,0.039674844,0.088368991,0.01349297,-0.057366524,0.02006176,-0.015724398,1.009180892,-0.00591509,0.020076086,-0.011951198,50976.026230907,55005.192706528,51768.625863034,51895.242635886,0.866095316,0.587510408,1.058119722,-0.599322665,0.904139053,0.037917549,-0.084285614,-0.080564687,0.001795179,3.719452939,5.806664798,-1.315012723,0.031827909,-0.050992997,-0.009810971,0.998157256,0.361660574,0.932256959,1.168342843,0.0,0.0,0.0,0.86058265,0.0,3.607852184
1772729836.4038267,0.86224,0.593797,1.058422,0.01841823,-0.03276296,-0.01220264,0.99921892,0.037696,-0.065071,-0.02565,-0.565743896,0.860543653,0.03974221,0.020810181,0.164624097,-0.05023506,0.019653955,-0.017414073,1.007489191,-0.005016538,-0.005183788,-0.019625569,51068.695956888,55037.052589663,51609.412195705,51891.580503863,0.860610316,0.595875803,1.058561766,-0.607419144,0.896944499,0.038210629,-0.082156545,-0.079313641,-0.006277438,3.719945319,5.795035084,-1.320334811,0.031831183,-0.05089322,-0.00986046,0.99816545,0.352077631,0.935968432,1.168685383,0.0,0.0,0.0,0.86058265,0.0,3.608302164
1772729836.4138265,0.856589,0.602279,1.058942,0.01695262,-0.02924787,-0.0122819,0.99935295,0.034667,-0.058074,-0.025585,-0.574624985,0.853894754,0.040296678,-0.015274911,0.28186839,0.001768945,0.01892434,-0.020696486,1.005705444,-0.002737577,-0.029136869,-0.02729653,51033.400105406,55112.037385483,51458.249946736,52004.43759181,0.856418984,0.602158655,1.058806642,-0.61355547,0.891800006,0.037715827,-0.084799693,-0.077875614,-0.002068452,3.720437687,5.783405647,-1.325656771,0.031834457,-0.050793446,-0.009909949,0.998165195,0.347213149,0.937773247,1.168858342,0.0,0.0,0.0,0.86058265,0.0,3.608752132
1772729836.4238267,0.850723,0.610885,1.059199,0.01807398,-0.03054271,-0.01310929,0.99928405,0.036999,-0.060605,-0.027358,-0.582117047,0.846281499,0.041547204,-0.055145986,0.322495406,0.041090499,0.018194689,-0.023979055,1.003921612,-0.000458506,-0.053091092,-0.034967857,50679.708227273,55496.301034997,51636.97722558,51696.368203277,0.8529222,0.607304613,1.05905814,-0.618554734,0.887391786,0.037756709,-0.08783489,-0.076422161,0.003149368,3.720930078,5.771775656,-1.330978985,0.031837731,-0.050693667,-0.00995944,0.998163435,0.342175967,0.939619744,1.169037188,0.0,0.0,0.0,0.86058265,0.0,3.609202122
1772729836.4338274,0.844993,0.619161,1.059852,0.01614075,-0.02805308,-0.01173801,0.99940718,0.032978,-0.055723,-0.024408,-0.588961129,0.838738446,0.042636424,-0.068713127,0.290981455,0.060161955,0.017465004,-0.027261781,1.002137695,0.001820673,-0.077046457,-0.04263955,50470.22549272,55699.064697014,51731.493133181,51563.577465436,0.849716335,0.612006743,1.059300751,-0.623032318,0.883244367,0.037855979,-0.084684175,-0.087795288,-0.004533589,3.721422493,5.760145111,-1.336301453,0.031841005,-0.050593883,-0.010008933,0.998156644,0.336287052,0.941671693,1.169245063,0.0,0.0,0.0,0.86058265,0.0,3.609652134
1772729836.4438276,0.839139,0.627505,1.060098,0.01644019,-0.02431145,-0.01152362,0.99950282,0.03347,-0.048239,-0.023865,-0.594329141,0.830597723,0.04396059,-0.058787291,0.188525911,0.034451617,0.016735354,-0.03054435,1.000353863,0.004099743,-0.10100068,-0.050310877,50497.215491249,55604.214130755,51687.923564127,51718.191599868,0.847515495,0.615246948,1.059486952,-0.625608031,0.879893449,0.03779121,-0.084128112,-0.092069774,-0.004906538,3.721914884,5.74851512,-1.341623667,0.031844279,-0.050494104,-0.010058424,0.998145581,0.330398418,0.943723544,1.169452928,0.0,0.0,0.0,0.86058265,0.0,3.610102124
1772729836.453828,0.832901,0.635953,1.060561,0.0170759,-0.0257142,-0.01078711,0.99946527,0.034741,-0.051055,-0.022472,-0.601892396,0.825008207,0.043676013,-0.000131423,-0.032561203,-0.013228723,0.015990502,-0.032492303,1.006214501,-0.000665054,-0.101020453,-0.05520157,50524.206133255,55509.361303133,51644.352956317,51872.809420503,0.845314602,0.61848723,1.059673157,-0.628183806,0.876542451,0.037726441,-0.085053376,-0.092412044,-0.001239031,3.723129147,5.740656016,-1.349085268,0.031852457,-0.050427831,-0.010125145,0.998134519,0.324509643,0.945775443,1.169660798,0.0,0.0,0.0,0.86058265,0.0,3.610552125
1772729836.4638283,0.826976,0.644043,1.061136,0.01572933,-0.02520328,-0.01230827,0.99948281,0.032108,-0.050014,-0.025431,-0.611165501,0.81947852,0.045552549,-0.005757676,-0.130940248,-0.066536237,0.01589673,-0.030261294,1.011291246,0.000874339,-0.090536252,-0.056513629,50759.427587863,55500.207669522,51310.636858538,51888.1995837,0.841034628,0.624446108,1.059946995,-0.634692788,0.871954881,0.037879539,-0.085978619,-0.092754305,0.002428389,3.731121591,5.768208023,-1.376634167,0.031906679,-0.050676194,-0.010353635,0.998123456,0.318621009,0.947827294,1.169868664,0.0,0.0,0.0,0.86058265,0.0,3.610557318
1772729836.4738288,0.820836,0.652245,1.061459,0.01659817,-0.02771056,-0.01224175,0.9994032,0.033913,-0.055009,-0.02543,-0.62012767,0.813879001,0.047134738,-0.009455906,-0.230398798,-0.10166892,0.016276655,-0.020769592,1.012158488,0.009516143,-0.071395971,-0.053324827,50701.801815819,55208.082735938,51305.946510162,52201.948203876,0.835984616,0.631414631,1.060255812,-0.642200651,0.866422235,0.038189778,-0.087169336,-0.087764617,0.0046248,3.735982096,5.798771736,-1.406887185,0.031931918,-0.050951283,-0.010606155,0.998107836,0.312126682,0.950029513,1.170097255,0.0,0.0,0.0,0.86058265,0.0,3.610557318
1772729836.4838293,0.814701,0.660295,1.061927,0.01695531,-0.02898888,-0.01284505,0.99935337,0.034698,-0.057536,-0.026704,-0.628482476,0.806917048,0.050356711,-0.056796674,-0.195226801,-0.107677185,0.013464129,0.004366693,1.011195076,-0.013507106,-0.02652109,-0.045050752,50655.577159115,54975.044346211,51391.010722096,52378.479696207,0.830894552,0.638399826,1.06058439,-0.649155332,0.860249849,0.038585076,-0.089199091,-0.06592169,0.002171376,3.744048813,5.825538276,-1.435342621,0.03198622,-0.051193112,-0.010842652,0.998100142,0.304383173,0.95254567,1.170368648,0.0,0.0,0.0,0.86058265,0.0,3.610557318
1772729836.4938295,0.808217,0.668402,1.062513,0.01597932,-0.02953149,-0.0135691,0.999344,0.032801,-0.058624,-0.028116,-0.638694704,0.802742257,0.048351212,-0.062072857,-0.04878763,-0.089621236,0.016758888,0.000671096,1.011795493,-0.002976958,0.003878156,-0.035377361,51038.34217219,54901.613764959,51121.55765629,52269.311535201,0.824840775,0.646480873,1.061019748,-0.657541485,0.853279623,0.039204447,-0.087145788,-0.052905939,0.010013121,3.747326629,5.836106393,-1.462751531,0.032001214,-0.051293118,-0.01107686,0.998103053,0.294973417,0.955501413,1.170697477,0.0,0.0,0.0,0.86058265,0.0,3.610557318
1772729836.5038297,0.801737,0.676435,1.062983,0.01555859,-0.02781863,-0.01343201,0.99940164,0.0319,-0.055214,-0.027759,-0.649717073,0.798953462,0.046411758,-0.043394286,0.098055733,-0.051349744,0.015089435,-0.024581508,1.011274133,0.004186009,0.051321817,-0.009047449,51460.9796024,54453.373603106,50807.492459711,52555.084084225,0.819515057,0.653511334,1.061458,-0.664649818,0.846892579,0.040140185,-0.088171985,-0.089456028,0.000444022,3.748732907,5.823056606,-1.48273459,0.032006183,-0.051185177,-0.011254082,0.998117892,0.286570067,0.958056687,1.170990246,0.0,0.0,0.0,0.86058265,0.0,3.610557318
1772729836.51383,0.795364,0.684269,1.063505,0.01508198,-0.02787962,-0.01360131,0.99940496,0.030957,-0.055344,-0.028074,-0.653261074,0.790157727,0.045847557,-0.047662113,0.302857636,-0.009634694,0.018925794,-0.03584674,1.017659708,0.014533856,0.090796903,0.009718825,51810.145272895,54432.697349641,50716.31235208,52258.026630052,0.813810161,0.660927147,1.06184355,-0.672154965,0.840282199,0.040586274,-0.085765912,-0.099816299,0.010680067,3.751810632,5.790415743,-1.491536393,0.032033222,-0.05090364,-0.011338873,0.998139573,0.277712028,0.960658234,1.171297932,0.0,0.0,0.0,0.86058265,0.0,3.610557318
1772729836.5238297,0.788676,0.69224,1.06386,0.01565503,-0.02712568,-0.01444496,0.99940505,0.032127,-0.053793,-0.029769,-0.65794412,0.782414324,0.043074264,0.005723957,0.472120241,0.079398255,0.020150058,-0.029257766,1.022375308,0.035143618,0.101467915,0.024325891,51906.379017543,54206.131289408,50657.208162454,52333.043486116,0.809084102,0.666966317,1.062187603,-0.678246577,0.834729355,0.041809257,-0.084461538,-0.096116466,0.014884435,3.756914837,5.742282464,-1.489594181,0.032084666,-0.050484349,-0.011333734,0.998162932,0.270390827,0.962739161,1.171551623,0.0,0.0,0.0,0.86058265,0.0,3.610557318
1772729836.5338297,0.782053,0.700067,1.064255,0.01575524,-0.0243113,-0.01312675,0.99949408,0.032176,-0.048203,-0.027041,-0.661729691,0.773012645,0.045094254,0.069318685,0.439456196,0.150448299,0.018185972,-0.017334363,1.020811375,0.064612472,0.099683803,0.040654934,52293.707517619,53912.098146698,50370.101540068,52369.937483686,0.80462243,0.672546558,1.062544423,-0.684013916,0.829679024,0.043036431,-0.083340201,-0.086666386,0.0117075,3.771524072,5.688428769,-1.476205188,0.032224556,-0.050012926,-0.011226497,0.998181966,0.263542503,0.96463582,1.171788494,0.0,0.0,0.0,0.86058265,0.0,3.610557318
1772729836.5438297,0.77549,0.707674,1.064724,0.01624556,-0.02148555,-0.01255519,0.99955831,0.033052,-0.042557,-0.025824,-0.672053166,0.766305043,0.049240451,0.13413403,0.119634476,0.158252217,0.020114016,-0.010288035,1.005274685,0.113467859,0.111073895,0.061538496,52542.116048376,54133.330479685,50253.000815328,51869.861258323,0.800233055,0.677951416,1.062908617,-0.689654361,0.824845635,0.044099327,-0.081216653,-0.071948177,0.002588016,3.786133307,5.634575073,-1.462816194,0.032364445,-0.049541504,-0.01111926,0.998199025,0.256871325,0.966443356,1.172018894,0.0,0.0,0.0,0.86058265,0.0,3.610557318
1772729836.55383,0.768844,0.715232,1.065291,0.01650682,-0.0198155,-0.01093685,0.99960755,0.033466,-0.039264,-0.022539,-0.679305077,0.758913719,0.050994571,0.190778378,-0.204027005,0.131290767,0.021043738,-0.010850868,1.001099309,0.140988599,0.108568285,0.072349607,52648.27121145,54669.10220845,50289.970881904,51076.878166347,0.795564444,0.683607444,1.06327567,-0.695444986,0.819845309,0.044375045,-0.078420523,-0.075507537,-0.00136556,3.80572507,5.588935928,-1.447901342,0.032547251,-0.049141623,-0.010994315,0.998210766,0.25000583,0.968234991,1.17225546,0.0,0.0,0.0,0.86058265,0.0,3.610557318
1772729836.5638297,0.761834,0.722884,1.06577,0.01781183,-0.02076308,-0.01022559,0.99957344,0.036071,-0.041156,-0.021202,-0.687693974,0.752585955,0.05162705,0.24232127,-0.474373951,0.083086611,0.021598472,-0.014271404,1.00119108,0.160495235,0.100844078,0.079377246,52884.686203335,54490.450041808,50179.396330726,51124.326201367,0.792194024,0.687652986,1.063542589,-0.699450652,0.816146784,0.044357361,-0.076214714,-0.081628576,-0.004275345,3.831186338,5.552979571,-1.431189677,0.032780612,-0.048826071,-0.010848515,0.998214436,0.244743473,0.969576888,1.172436515,0.0,0.0,0.0,0.86058265,0.0,3.610557318
1772729836.5738297,0.754967,0.73033,1.066419,0.0192995,-0.02865314,-0.01052569,0.99934766,0.039251,-0.056893,-0.022181,-0.696187202,0.74647408,0.050735538,0.29001484,-0.627196306,0.019951963,0.020404226,-0.017771352,1.001805034,0.18735304,0.093323716,0.094410712,53121.106831932,54311.793615661,50068.81914318,51171.775367665,0.789217701,0.691209622,1.06377911,-0.702914427,0.812843439,0.044250579,-0.077268144,-0.085944859,-0.006204834,3.86398729,5.513305468,-1.411067257,0.03307976,-0.048477785,-0.010671088,0.998218106,0.240297064,0.970689877,1.172589317,0.0,0.0,0.0,0.86058265,0.0,3.610557318
1772729836.5838304,0.747832,0.737848,1.066806,0.02105044,-0.03393469,-0.01148473,0.99913634,0.042955,-0.067378,-0.024436,-0.702677885,0.73949245,0.048727319,0.297052636,-0.583089093,0.009620253,0.019278895,-0.021356908,1.002624844,0.215196229,0.081753613,0.108985371,52894.6587168,54675.378511313,50508.259394469,50580.475265056,0.784287468,0.69700595,1.064114531,-0.708627653,0.807543345,0.043851341,-0.077314683,-0.08920358,-0.00559475,3.936221719,5.453658562,-1.37262036,0.033732353,-0.04795365,-0.010323739,0.998216681,0.233749829,0.972284279,1.172813923,0.0,0.0,0.0,0.86058265,0.0,3.610557318
1772729836.5938315,0.741039,0.745113,1.067202,0.02185787,-0.0316887,-0.01095787,0.99919867,0.044478,-0.062889,-0.023332,-0.705468622,0.729996889,0.046975861,0.252233688,-0.415052697,-0.000576174,0.022722856,-0.024889865,1.003118942,0.229439461,0.052829326,0.103960779,52680.180716567,54711.061944967,50889.055951704,50407.583490091,0.778128864,0.7041514,1.064497011,-0.715617388,0.800923736,0.043371714,-0.073255193,-0.092504722,-0.003803568,4.030823649,5.398372708,-1.320341019,0.034584633,-0.047464736,-0.009846014,0.998206124,0.224916255,0.974366527,1.173116414,0.0,0.0,0.0,0.86058265,0.0,3.610928093
1772729836.603832,0.733749,0.752459,1.06774,0.02330983,-0.03233286,-0.01022985,0.99915294,0.047357,-0.064178,-0.021997,-0.709005882,0.720673784,0.046657368,0.162040121,-0.216968737,0.011472612,0.030122933,-0.025313106,1.002595554,0.225117414,0.040654913,0.10409712,52845.158256725,54528.930541369,50780.901532176,50555.405039156,0.772142978,0.710998834,1.064867799,-0.722121841,0.794253652,0.04291697,-0.063869682,-0.100379976,-0.010533344,4.147023499,5.349428435,-1.261933135,0.03562647,-0.047030186,-0.00930475,0.998188149,0.216229272,0.976333502,1.173413313,0.0,0.0,0.0,0.86058265,0.0,3.611374366
1772729836.6138327,0.726747,0.75951,1.068278,0.02400363,-0.03463976,-0.0102589,0.99905889,0.048808,-0.068776,-0.022216,-0.71768429,0.71439837,0.046166711,0.081012557,-0.075427077,0.028792362,0.027553679,-0.026428365,0.998073937,0.220818036,0.06148171,0.091019557,53115.267113289,54423.824592044,50504.418838955,50654.907212867,0.7667892,0.717038307,1.065222945,-0.727684392,0.788022178,0.042425976,-0.066269954,-0.099575202,-0.00625859,4.243552636,5.316582649,-1.215493548,0.036489906,-0.046737067,-0.008871364,0.998174404,0.208019633,0.978121181,1.173693415,0.0,0.0,0.0,0.86058265,0.0,3.61182065
1772729836.6238325,0.719486,0.766683,1.068671,0.02417935,-0.03531032,-0.01017242,0.99903206,0.049171,-0.070118,-0.022089,-0.727800927,0.708695781,0.04681438,0.026882805,-0.077227753,0.029913171,0.022232076,-0.021524702,1.000756514,0.213093579,0.071684598,0.083195747,53258.492231896,54313.39911892,50344.247236849,50764.786025233,0.763221506,0.721003167,1.065486819,-0.731285614,0.783755819,0.042243168,-0.072639399,-0.095568404,-0.005097531,4.327223354,5.288252505,-1.175965784,0.037237849,-0.04648399,-0.008502328,0.998164412,0.202752969,0.979217463,1.173872751,0.0,0.0,0.0,0.86058265,0.0,3.612266891
1772729836.6338325,0.712265,0.773692,1.069134,0.02369692,-0.03623315,-0.01065515,0.99900555,0.048262,-0.071951,-0.023068,-0.735136268,0.701941889,0.046098471,-0.015752581,-0.075425777,0.022437821,0.015479353,-0.013491918,1.007184178,0.203588126,0.076365707,0.078102372,53230.725827975,54403.871406041,50259.71466699,50756.572000485,0.758707835,0.725941599,1.065811047,-0.735919516,0.77845551,0.042079454,-0.07784098,-0.092928094,-0.004788754,4.400339079,5.260008979,-1.142224903,0.037891316,-0.046232243,-0.008188327,0.998156889,0.196706116,0.980453858,1.174078484,0.0,0.0,0.0,0.86058265,0.0,3.612713143
1772729836.6438322,0.704793,0.780709,1.069612,0.02346186,-0.03600622,-0.01035606,0.99902244,0.047764,-0.071517,-0.022441,-0.73821403,0.692922533,0.046701676,-0.066555032,0.031422792,0.065088029,0.023128732,-0.026216893,1.001509151,0.186848056,0.052667475,0.06109165,52997.333482043,54165.688601383,50456.579031898,51034.050814187,0.752499069,0.732603574,1.066264009,-0.742362192,0.771224346,0.042023547,-0.068545039,-0.104712512,-0.004484828,4.494495585,5.216160199,-1.100603273,0.038732605,-0.045842931,-0.007802997,0.998145562,0.188430959,0.982079817,1.174359545,0.0,0.0,0.0,0.86058265,0.0,3.613159384
1772729836.6538315,0.697256,0.78768,1.070053,0.02353657,-0.034649,-0.00940358,0.9990781,0.047813,-0.068846,-0.020471,-0.747056443,0.685282297,0.048206553,-0.08783197,0.084527307,0.109897411,0.022179951,-0.022696865,1.000511897,0.138406128,0.049662778,0.053173339,52814.700203922,53742.573066957,50656.704144371,51468.945753668,0.746018103,0.739433676,1.066777648,-0.749010596,0.763520925,0.042098451,-0.069206625,-0.103000857,-0.009176044,4.581310029,5.176431583,-1.066910336,0.039506153,-0.045491206,-0.007488747,0.998136458,0.180355985,0.98355088,1.174633152,0.0,0.0,0.0,0.86058265,0.0,3.613605604
1772729836.6638317,0.689792,0.794455,1.070543,0.02339106,-0.034276,-0.00911437,0.99909706,0.047493,-0.068116,-0.019863,-0.753233119,0.676089942,0.049288936,-0.085828536,0.055900248,0.129624624,0.025519457,-0.028648965,0.999199968,0.09262323,0.048984936,0.042537327,52884.155624722,53714.919519787,50491.425967096,51599.496220542,0.741196112,0.744415265,1.067096925,-0.754014537,0.757931266,0.041723157,-0.064031683,-0.11118874,-0.010173018,4.652260624,5.142836056,-1.040989278,0.040137648,-0.045194174,-0.007246772,0.998131991,0.17228024,0.985022084,1.174906785,0.0,0.0,0.0,0.86058265,0.0,3.614051866
1772729836.673832,0.682498,0.801037,1.071087,0.02237629,-0.03526325,-0.00853437,0.99909107,0.045441,-0.070138,-0.018678,-0.761188119,0.668593878,0.047987789,-0.07363254,0.011450724,0.1158416,0.027564836,-0.035280226,1.00144387,0.039846885,0.035465884,0.028954715,51966.872760223,53642.085685844,51381.344376946,51787.988641585,0.734507353,0.7513044,1.067508828,-0.760472206,0.749833401,0.04105565,-0.063048743,-0.116433678,-0.00638159,4.704710802,5.101940984,-1.01396754,0.040608912,-0.044831635,-0.007005603,0.998136653,0.162968528,0.986620121,1.175221699,0.0,0.0,0.0,0.86058265,0.0,3.614498129
1772729836.6838326,0.674717,0.807744,1.071578,0.02170005,-0.03508878,-0.00759943,0.99911968,0.044017,-0.069843,-0.01675,-0.768824743,0.66074488,0.046942605,-0.058073624,-0.066044971,0.054090022,0.024657053,-0.032761473,1.006515676,-0.015969918,-6.6421e-05,0.021244341,51645.216754329,53410.218695682,51665.903270954,52023.530576311,0.727561721,0.758274433,1.06796218,-0.767283106,0.741576016,0.041008503,-0.066428311,-0.109792194,0.002914372,4.751246568,5.062447554,-0.988470662,0.041027912,-0.044481467,-0.006779549,0.998144748,0.153447431,0.988144888,1.175543109,0.0,0.0,0.0,0.86058265,0.0,3.614944412
1772729836.693832,0.666801,0.814394,1.071976,0.02179281,-0.03481987,-0.00774986,0.99912591,0.044208,-0.069297,-0.017046,-0.777582055,0.65378586,0.046246761,-0.012660916,-0.104302401,-0.002388876,0.025284372,-0.032176954,1.006114256,-0.049706946,-0.03965154,0.021580654,51344.163207083,53569.621052632,51909.006689621,51766.672995573,0.720285794,0.765433267,1.068476109,-0.774245794,0.732676821,0.041764544,-0.066060435,-0.109076028,0.00175396,4.753147896,5.035209032,-0.973499497,0.041052739,-0.044238968,-0.006658334,0.998161309,0.143551525,0.989631042,1.17587671,0.0,0.0,0.0,0.86058265,0.0,3.615390632
1772729836.703832,0.659096,0.820877,1.07244,0.02225014,-0.035878,-0.00775737,0.99907834,0.045146,-0.071405,-0.017142,-0.786507121,0.647496791,0.044639437,0.048408603,-0.098528598,-0.016768126,0.025668533,-0.032647602,1.008293874,-0.064883631,-0.084795718,0.024718591,50999.760125973,53969.206753565,52289.444825475,51222.583868428,0.713868716,0.771602543,1.068895817,-0.780271998,0.72504504,0.042242201,-0.064557412,-0.115518818,-0.000587469,4.729137487,5.023034209,-0.961887198,0.040849167,-0.044127383,-0.006570879,0.998168066,0.134640535,0.990881936,1.176176653,0.0,0.0,0.0,0.86058265,0.0,3.615835905
1772729836.713832,0.651208,0.827289,1.07287,0.02233253,-0.03635656,-0.00823205,0.9990554,0.045356,-0.07234,-0.018121,-0.792000309,0.639147502,0.043825469,0.093467264,-0.080317561,-0.027869478,0.024964608,-0.032593781,1.012912999,-0.051658875,-0.133276154,0.030796883,50834.315349491,54038.721882684,52446.154689146,51073.750544433,0.707766528,0.777426862,1.069279797,-0.785987046,0.717899711,0.042564337,-0.066735687,-0.112735658,0.00441998,4.69891624,5.033626104,-0.954454221,0.040587843,-0.044215278,-0.006513953,0.998164878,0.126345699,0.991956494,1.176455461,0.0,0.0,0.0,0.86058265,0.0,3.615835905
1772729836.723832,0.643297,0.833611,1.073358,0.02275517,-0.03710517,-0.00865127,0.9990148,0.04625,-0.073811,-0.019027,-0.794452506,0.629000075,0.044155695,0.100627011,-0.068567179,-0.016172824,0.020613147,-0.019922283,1.008252584,-0.045663367,-0.149900305,0.027917045,50923.176209333,54059.037827904,52357.856761546,50960.338394557,0.701447157,0.78337925,1.069679784,-0.791955235,0.710646029,0.042886573,-0.069965204,-0.102099636,0.001006334,4.666440953,5.082684316,-0.945986644,0.040303971,-0.044637792,-0.006435315,0.9981521,0.117800815,0.992989347,1.176742406,0.0,0.0,0.0,0.86058265,0.0,3.615835905
1772729836.7338324,0.635316,0.839872,1.073803,0.02356463,-0.03686198,-0.00819663,0.99900887,0.047834,-0.07333,-0.018164,-0.801758671,0.620663529,0.043838173,0.102825747,0.010290063,-0.003014516,0.017000543,-0.004790407,1.00596813,-0.020059892,-0.162378018,0.024568472,50958.888488913,54241.825790924,52374.163779981,50645.285699593,0.694726788,0.789546576,1.070103259,-0.798395572,0.703256098,0.043060817,-0.073563847,-0.08738815,-0.004499968,4.633454337,5.140444537,-0.937284675,0.040014986,-0.045136005,-0.006351764,0.998133232,0.109262805,0.994009188,1.177029067,0.0,0.0,0.0,0.86058265,0.0,3.615835905
1772729836.7438335,0.627198,0.846078,1.074183,0.0239788,-0.03687559,-0.00756337,0.99900351,0.048618,-0.073381,-0.016926,-0.808490573,0.611761889,0.044172614,0.106533888,0.035724825,0.023453536,0.01980955,-0.013137703,1.000856711,0.001889027,-0.179263885,0.035321869,51010.930519087,54226.741803003,52370.230256514,50598.591934289,0.687817789,0.79577493,1.070522997,-0.805032551,0.695891771,0.042772479,-0.071164403,-0.091931253,-0.005741268,4.614087339,5.205367463,-0.929416497,0.039843758,-0.045697681,-0.00626778,0.998108327,0.100793812,0.994904215,1.1773129,0.0,0.0,0.0,0.86058265,0.0,3.615835905
1772729836.753834,0.619143,0.852121,1.074643,0.02438587,-0.03648261,-0.00804758,0.9990043,0.049461,-0.072564,-0.017907,-0.8129317,0.60261864,0.04472885,0.105794818,0.009151206,0.042764602,0.020943856,-0.01515182,1.001253772,0.035745822,-0.1453084,0.035254204,51655.799535732,53918.141187199,51759.186702039,50965.702536893,0.678847937,0.803633397,1.071071591,-0.813710158,0.686360566,0.042182505,-0.072952848,-0.094417599,-0.004838014,4.643185263,5.252125709,-0.911636047,0.040100335,-0.04610011,-0.006084495,0.998065352,0.090321406,0.995911497,1.177663598,0.0,0.0,0.0,0.86058265,0.0,3.615835905
1772729836.763834,0.610966,0.858101,1.075096,0.0248284,-0.03637704,-0.00795317,0.998998,0.050339,-0.072349,-0.017744,-0.821128697,0.595289418,0.044345536,0.093149465,0.000631493,0.033665679,0.023365078,-0.036546488,0.992996144,0.07664825,-0.024812634,0.016965702,52423.583850108,53512.68986901,50981.665992373,51563.795390483,0.659902571,0.819544795,1.072187759,-0.82982443,0.664235016,0.040455263,-0.070211317,-0.11443206,-0.014134503,4.716332654,5.273600621,-0.882255462,0.040747508,-0.046280405,-0.005791286,0.998026455,0.074713413,0.996938308,1.178185029,0.0,0.0,0.0,0.86058265,0.0,3.615835905
1772729836.7738342,0.602674,0.864022,1.07553,0.02552846,-0.03572501,-0.00784894,0.99900471,0.05172,-0.071038,-0.017551,-0.831674259,0.589202971,0.043050507,0.077766949,0.014582687,0.035534355,0.018682255,-0.002792625,1.000804065,0.077649558,0.045914257,0.007536574,52468.808414598,53467.756376954,50969.213771665,51596.590086446,0.641379755,0.834680113,1.073287377,-0.839015379,0.63743601,0.03870047,-0.072944164,-0.096977961,-0.002795233,4.789481789,5.295076045,-0.852874177,0.041394696,-0.046460704,-0.005498071,0.998026698,0.042244674,0.999059421,1.179269704,0.0,0.0,0.0,0.86058265,0.0,3.615835905
1772729836.7838342,0.594457,0.86982,1.076035,0.02575264,-0.03766128,-0.00674866,0.99893588,0.052129,-0.074965,-0.015467,-0.839272246,0.582177944,0.042019251,0.072371865,0.014002671,0.039426699,0.015711365,-0.001891616,0.9982271,0.090674946,0.072978313,0.005109996,52296.896233445,53531.162947664,51186.671517694,51459.50686667,0.632082071,0.84187296,1.073809354,-0.848329927,0.628851316,0.038186831,-0.077492495,-0.081263605,-0.004948648,4.842377184,5.276439281,-0.836806306,0.041863366,-0.046295246,-0.005343744,0.998032555,0.027918983,0.999602152,1.179747605,0.0,0.0,0.0,0.86058265,0.0,3.615723472
1772729836.793834,0.585959,0.875667,1.076379,0.02609868,-0.03679719,-0.00718528,0.99895605,0.052838,-0.073208,-0.016321,-0.847525769,0.575770537,0.039974514,0.071528145,0.033776021,0.044565971,0.019154905,-0.016687838,0.995940052,0.08845802,0.069998764,0.01950824,51772.315060105,53764.236327307,51747.712978182,51218.241644913,0.621982809,0.849569768,1.074345263,-0.85811195,0.619303953,0.037245257,-0.069112762,-0.093734445,-0.005526323,4.88827763,5.222077936,-0.827495795,0.042271207,-0.045820472,-0.005264621,0.998037366,0.016354041,0.999854579,1.180133245,0.0,0.0,0.0,0.86058265,0.0,3.615371243
1772729836.8038344,0.577296,0.881443,1.076747,0.02644687,-0.03551968,-0.00717508,0.99899321,0.053509,-0.070647,-0.016256,-0.853457049,0.567214313,0.039544094,0.075509868,0.070856082,0.01807784,0.027364004,-0.018578065,1.002728109,0.091369801,0.029313004,0.018191758,51697.140278831,54066.113575099,51881.173658495,50849.461797658,0.613514979,0.85583025,1.074775534,-0.865769851,0.610856158,0.036472216,-0.06316644,-0.105078982,-0.00529263,4.937704413,5.166124021,-0.81671455,0.042710452,-0.045331429,-0.005172,0.998033645,0.006213142,0.999968736,1.180471292,0.0,0.0,0.0,0.86058265,0.0,3.615018988
1772729836.8138347,0.568761,0.887039,1.07713,0.0266661,-0.03517666,-0.00660765,0.99900343,0.053902,-0.069988,-0.015116,-0.859420614,0.557659273,0.039972163,0.093550874,0.156950393,-0.008121685,0.028411785,-0.029352859,1.001924042,0.103684793,-0.000112746,0.013255878,51713.656566832,54130.892693441,51876.937430262,50765.055778539,0.609400704,0.858832057,1.074989886,-0.869401107,0.606660669,0.036265134,-0.060134803,-0.115073517,-0.004087344,4.955171833,5.154449925,-0.81347575,0.042864787,-0.045229324,-0.005141316,0.998030789,-8.205e-06,0.999998646,1.180678673,0.0,0.0,0.0,0.86058265,0.0,3.614666742
1772729836.8238351,0.560368,0.892483,1.077615,0.02738844,-0.03596345,-0.0070874,0.99895259,0.055399,-0.071524,-0.016172,-0.862994529,0.546818548,0.041703439,0.129804008,0.13424845,-0.033857923,0.028038644,-0.030803617,1.002881581,0.104659997,-0.008394827,0.010951611,51672.072856879,54083.584910053,51902.695760719,50833.576304657,0.608058421,0.859792168,1.075060925,-0.870563751,0.605275368,0.036226698,-0.059945403,-0.11667944,-0.004399875,4.968908473,5.147945171,-0.811117441,0.042985863,-0.045172392,-0.005117862,0.998028417,-0.001662514,0.999990829,1.180733809,0.0,0.0,0.0,0.86058265,0.0,3.614314488
1772729836.833836,0.551552,0.897995,1.077972,0.02814226,-0.03434359,-0.00686128,0.99899022,0.056862,-0.068285,-0.015679,-0.866048611,0.53620663,0.043139455,0.144510054,0.025357796,-0.039644311,0.027288911,-0.029783353,1.004306024,0.102629938,-0.011073695,0.009344686,51630.487164153,54036.274870959,51928.455319371,50902.100097935,0.606716075,0.860752325,1.075131968,-0.871726449,0.603890001,0.03618826,-0.059925534,-0.11778506,-0.004802958,4.982645769,5.141440107,-0.80875902,0.043106945,-0.045115456,-0.005094407,0.998026045,-0.003316902,0.999983011,1.180788948,0.0,0.0,0.0,0.86058265,0.0,3.613962216
1772729836.8438363,0.542874,0.903263,1.078438,0.02878143,-0.03376449,-0.00732622,0.99898845,0.058163,-0.067089,-0.016619,-0.872092129,0.527730282,0.042490775,0.137863283,-0.022318089,-0.046818299,0.026539232,-0.028763162,1.005730366,0.100600025,-0.013752371,0.007737877,51588.904445586,53988.968215424,51954.21303573,50970.618990471,0.605373824,0.861712414,1.075203005,-0.872889065,0.602504734,0.036149825,-0.059905665,-0.1188906,-0.005206012,4.996382082,5.134935509,-0.806400767,0.043228018,-0.045058525,-0.005070954,0.998023673,-0.004971171,0.999975194,1.180844084,0.0,0.0,0.0,0.86058265,0.0,3.61360997
1772729836.8538368,0.534085,0.90851,1.078853,0.02973665,-0.03301262,-0.00762013,0.9989834,0.060081,-0.065552,-0.017226,-0.881489632,0.520350516,0.0402635,0.14821112,-0.030555036,-0.07847349,0.025789535,-0.027742946,1.007154742,0.098570063,-0.01643111,0.006131029,51547.320735633,53941.660432036,51979.971366187,51039.139516589,0.604031542,0.862672525,1.075274044,-0.874051708,0.601119433,0.036111389,-0.059885796,-0.119996167,-0.005609076,5.010118723,5.128430755,-0.804042458,0.043349094,-0.045001592,-0.0050475,0.998021301,-0.00662548,0.999967376,1.18089922,0.0,0.0,0.0,0.86058265,0.0,3.613257715
1772729836.863837,0.52536,0.91364,1.079282,0.03054674,-0.03655102,-0.00806869,0.99883223,0.061814,-0.072587,-0.018401,-0.88851056,0.512286794,0.038643588,0.158002891,-0.064191793,-0.097474323,0.025039856,-0.026722755,1.008579084,0.096540149,-0.019109786,0.004524219,51505.738017066,53894.353776501,52005.729082546,51107.658409126,0.602689291,0.863632613,1.075345081,-0.875214323,0.599734166,0.036072954,-0.059865928,-0.121101708,-0.00601213,5.023855036,5.121926157,-0.801684206,0.043470167,-0.044944661,-0.005024047,0.998018929,-0.008279749,0.999959559,1.180954356,0.0,0.0,0.0,0.86058265,0.0,3.612905469
1772729836.8738368,0.516365,0.918768,1.079609,0.03073756,-0.03566843,-0.00823151,0.99885695,0.062188,-0.070808,-0.018685,-0.895696289,0.50522047,0.037938595,0.163946033,-0.092595757,-0.097426263,0.024290212,-0.025702613,1.010003358,0.094510333,-0.021788334,0.002917486,51619.171322292,53722.194206752,51867.392543456,51300.70714114,0.599835681,0.86563973,1.07549468,-0.877681117,0.596777318,0.036123319,-0.059846061,-0.122207196,-0.006415165,5.037590695,5.115421868,-0.799326065,0.043591234,-0.044887732,-0.005000595,0.99801059,-0.010612872,0.999939605,1.181032133,0.0,0.0,0.0,0.86058265,0.0,3.61255324
1772729836.8838372,0.507368,0.923778,1.079994,0.03157395,-0.03477044,-0.00838093,0.99886128,0.063854,-0.068987,-0.018985,-0.904594122,0.498463024,0.036767906,0.153123451,-0.020187412,-0.066641663,0.027683196,-0.028172077,1.005813541,0.084256489,-0.013129678,0.007232902,51790.035315739,53508.247004337,51668.154510035,51535.365566419,0.594289097,0.869512471,1.075784262,-0.882471724,0.591020198,0.036331894,-0.059826192,-0.123312763,-0.006818229,5.063779863,5.108866512,-0.797123064,0.043820702,-0.044830944,-0.00497368,0.99800097,-0.017622171,0.999836058,1.18126588,0.0,0.0,0.0,0.86058265,0.0,3.612200985
1772729836.8938372,0.498234,0.928711,1.08033,0.03327353,-0.03472295,-0.00997202,0.99879315,0.067369,-0.068753,-0.022285,-0.910728083,0.489224787,0.037537293,0.124767736,0.09117856,-0.043362892,0.026835323,-0.020504606,1.001204361,0.082650497,-0.009318278,0.001035334,51853.552613394,53515.955414247,51579.353627876,51546.774013085,0.586165627,0.875092218,1.076241212,-0.889255095,0.582500285,0.036353923,-0.061769027,-0.114065294,-0.004289096,5.105995937,5.102246335,-0.795120069,0.044189674,-0.044774343,-0.004942313,0.9979878,-0.027017838,0.999624848,1.181579114,0.0,0.0,0.0,0.86058265,0.0,3.611848747
1772729836.9038374,0.489179,0.933554,1.08077,0.03353187,-0.03541456,-0.0094117,0.99876566,0.067867,-0.070168,-0.021229,-0.915782905,0.479343153,0.038648619,0.11101658,0.190866656,-0.014197595,0.02443622,-0.006720101,1.002419706,0.096916402,-0.002936449,-0.01372031,51917.071425421,53523.664007939,51490.550628538,51558.18273175,0.578363658,0.88028194,1.07660917,-0.895885343,0.574634492,0.036083309,-0.065291331,-0.096486373,0.000599671,5.149039318,5.095853128,-0.795809413,0.04456478,-0.044720807,-0.004934009,0.997970823,-0.038332428,0.99925912,1.181956437,0.0,0.0,0.0,0.86058265,0.0,3.611496501
1772729836.9138377,0.479898,0.938368,1.081127,0.03365351,-0.0342631,-0.00874715,0.99880777,0.068035,-0.067908,-0.019827,-0.920716476,0.470119776,0.038723716,0.092672748,0.221462554,0.018275739,0.026201121,-0.004431927,1.004859645,0.104270703,0.020089562,-0.018527422,51980.590237448,53531.372601632,51401.747629199,51569.591450415,0.570667385,0.885377137,1.076960836,-0.90244707,0.56692485,0.035776614,-0.067123466,-0.096740805,-0.004031077,5.193833419,5.089941146,-0.802203236,0.044952862,-0.044673766,-0.004974572,0.997955333,-0.050877854,0.998487585,1.182375479,0.0,0.0,0.0,0.86058265,0.0,3.611144255
1772729836.923833,0.470767,0.942942,1.081511,0.03387396,-0.03212696,-0.00879312,0.99887091,0.068428,-0.063629,-0.019784,-0.92732165,0.461338416,0.037199045,0.062396841,0.272184869,0.0159053,0.027761377,-0.006287925,1.003739424,0.102971435,0.052923543,-0.019772258,51695.542988959,53621.129985891,51661.46113189,51539.414122864,0.559278242,0.892536205,1.077489254,-0.911602054,0.55526555,0.035419562,-0.065395119,-0.098580087,-0.006099179,5.24596144,5.072768428,-0.809118418,0.045405518,-0.044529211,-0.005021492,0.997952128,-0.063543053,0.997666552,1.182798599,0.0,0.0,0.0,0.86058265,0.0,3.610792185
1772729836.9338331,0.461471,0.947492,1.081913,0.03427862,-0.03045817,-0.00895726,0.99890793,0.069209,-0.060272,-0.020021,-0.931267788,0.451341611,0.036011009,0.035908108,0.285557045,0.012141187,0.023827619,-0.024490344,1.004191985,0.137611485,0.07868087,-0.018374517,52022.551193742,53707.826951141,51325.676522094,51522.68314751,0.545883708,0.900816657,1.078113644,-0.922166182,0.541461816,0.035035007,-0.06614048,-0.111773533,-0.000192843,5.342788361,4.987186214,-0.819222556,0.046251713,-0.043792266,-0.005107165,0.997942669,-0.076214597,0.996845108,1.18322193,0.0,0.0,0.0,0.86058265,0.0,3.610783316
1772729836.943833,0.452092,0.951985,1.082259,0.03505382,-0.02952519,-0.00871865,0.99891115,0.070726,-0.058408,-0.019523,-0.935316374,0.441313805,0.035437796,0.024501071,0.268067904,0.007662506,0.027300578,-0.023357953,1.009891342,0.156891185,0.062411344,-0.018578295,51955.106708357,54182.946901649,51333.611881751,51007.183115406,0.532643966,0.9089829,1.078731544,-0.932586966,0.527804071,0.034694765,-0.059094854,-0.119860256,0.002146262,5.436324002,4.906057019,-0.826297295,0.047070078,-0.04309277,-0.005166437,0.997929534,-0.088885838,0.996023683,1.183645252,0.0,0.0,0.0,0.86058265,0.0,3.611461503
1772729836.953834,0.442626,0.95643,1.082554,0.03495419,-0.02830977,-0.00869663,0.99895001,0.070496,-0.055981,-0.019386,-0.940763387,0.432901695,0.035732416,0.015117714,0.139468688,0.005378283,0.027679053,-0.007644004,1.007844848,0.134950523,0.059398399,-0.025981423,51556.457571444,53874.132459214,51599.667414869,51429.896145845,0.522743609,0.914714543,1.079208525,-0.939921431,0.517302631,0.035178176,-0.059013301,-0.105512185,0.003068307,5.529372309,4.841061569,-0.832178812,0.047883464,-0.042533421,-0.00521016,0.997910243,-0.100575167,0.994927574,1.184036575,0.0,0.0,0.0,0.86058265,0.0,3.612139756
1772729836.963834,0.433262,0.960649,1.082925,0.03481953,-0.0285012,-0.00929003,0.99894393,0.070264,-0.056325,-0.020579,-0.947154749,0.424587604,0.035531658,0.049299387,0.025891985,-0.015822318,0.029061703,-0.003389983,1.008000844,0.119361364,0.044575288,-0.033701728,51358.338349382,53855.762465401,51735.573817785,51477.149701766,0.513624372,0.919856557,1.079637643,-0.946427425,0.507545245,0.035292795,-0.055127668,-0.101798517,0.002637108,5.618979849,4.780540663,-0.84743721,0.048663204,-0.042017051,-0.005336133,0.997896694,-0.109869268,0.993940486,1.184348131,0.0,0.0,0.0,0.86058265,0.0,3.612817943
1772729836.9738343,0.423894,0.964796,1.083314,0.03455825,-0.0277571,-0.00823228,0.99898323,0.069665,-0.054916,-0.018395,-0.952518177,0.415296025,0.034868429,0.073425822,-0.083290338,-0.037219152,0.020674653,-0.006567864,0.999279233,0.090038362,0.063343434,-0.028640891,51565.247084753,53581.872009617,51488.563534362,51830.904387898,0.500921083,0.926730093,1.080152084,-0.955419027,0.494244761,0.034495595,-0.059524418,-0.109902144,-0.009082117,5.704201778,4.718006819,-0.866043481,0.049403754,-0.041484481,-0.005494193,0.997886691,-0.123321601,0.992254047,1.184800051,0.0,0.0,0.0,0.86058265,0.0,3.613496147
1772729836.9838347,0.414242,0.968946,1.083691,0.03519521,-0.02754532,-0.00827608,0.9989665,0.070938,-0.054478,-0.018502,-0.960128693,0.407513209,0.03416565,0.086032192,-0.111182102,-0.045177792,0.026614342,-0.005420067,0.998080544,0.091480705,0.062182571,-0.040698345,51426.312110255,53532.050935388,51508.564586281,52149.23051931,0.488217492,0.933603794,1.080666539,-0.964410844,0.48094396,0.033698376,-0.055784081,-0.115246978,-0.01557208,5.777524096,4.661155191,-0.88631173,0.050039705,-0.04100168,-0.00566893,0.997880986,-0.136774254,0.990567567,1.185251982,0.0,0.0,0.0,0.86058265,0.0,3.614174367
1772729836.9938354,0.404505,0.973039,1.083993,0.03647802,-0.03020784,-0.01004688,0.99882726,0.073675,-0.059647,-0.022316,-0.967802632,0.399591446,0.033466563,0.097922109,-0.051499563,-0.054192811,0.024792761,-0.020438,1.000231336,0.082090704,0.069465305,-0.042917392,51179.132889336,54048.48958414,51776.94215132,51701.073724154,0.477893349,0.938917064,1.081095292,-0.971255948,0.470243328,0.032036962,-0.057026574,-0.125688578,-0.01376679,5.823068083,4.612079666,-0.907414006,0.050433024,-0.040585871,-0.005858266,0.997877541,-0.148480323,0.988912093,1.185646185,0.0,0.0,0.0,0.86058265,0.0,3.614852603
1772729837.0038357,0.394908,0.976921,1.084319,0.03749348,-0.02970263,-0.01003264,0.99880496,0.075695,-0.058616,-0.022309,-0.972457338,0.390017757,0.033532122,0.099742577,0.07160047,-0.06793369,0.029939901,-0.028899346,0.997457408,0.063705109,0.061677277,-0.049606385,51076.360132068,53963.208997111,51858.294841106,51866.349319026,0.467700131,0.943978016,1.081491357,-0.977902466,0.45964676,0.0311818,-0.056548538,-0.122587496,-0.010339319,5.867040799,4.550491344,-0.930889234,0.050813082,-0.040062224,-0.006074771,0.99787836,-0.160061773,0.987000401,1.18603748,0.0,0.0,0.0,0.86058265,0.0,3.615530807
1772729837.0138357,0.385124,0.980804,1.084621,0.0366631,-0.02980605,-0.00953587,0.99883757,0.074005,-0.058878,-0.021274,-0.975426027,0.378946535,0.035361125,0.120639202,0.150245933,-0.066772267,0.021868209,-0.003470072,1.004998872,0.020762472,0.081510436,-0.064225727,50923.410721911,53444.640907856,51888.468679236,52593.894566582,0.45705774,0.949190288,1.08191064,-0.984735777,0.448544938,0.030399242,-0.054453038,-0.112462557,-0.007099551,5.911328689,4.48039122,-0.958543477,0.051195424,-0.039466502,-0.006331803,0.997890204,-0.171660326,0.985071846,1.186429418,0.0,0.0,0.0,0.86058265,0.0,3.615536635
1772729837.0238357,0.37531,0.984577,1.085003,0.0371403,-0.02696204,-0.00969176,0.99889925,0.074897,-0.05317,-0.021397,-0.977545532,0.367625234,0.037187098,0.136668286,0.203749274,-0.039190806,0.026613122,-0.001645788,1.001931375,0.039811356,0.064568065,-0.054434509,51042.269393512,53564.042313117,51738.674188999,52548.847672779,0.446656093,0.954085513,1.082320755,-0.991167813,0.437667108,0.030006815,-0.052654525,-0.100813088,-0.002839694,5.929664595,4.414733274,-0.987633298,0.051351155,-0.038908793,-0.006608593,0.997899944,-0.182411104,0.98321064,1.186793124,0.0,0.0,0.0,0.86058265,0.0,3.614992634
1772729837.033836,0.365575,0.988142,1.085412,0.03833024,-0.02557844,-0.01043017,0.99888325,0.077283,-0.050321,-0.022829,-0.98207955,0.35731658,0.037977173,0.174749863,0.202375423,-0.034295479,0.028267688,-0.003101077,1.001707796,0.04168827,0.090534848,-0.041072401,51060.207527498,53434.05460564,51798.718943857,52674.973674608,0.436987485,0.958524202,1.082667874,-0.997068974,0.42773648,0.029609119,-0.052812271,-0.101691737,-0.003712582,5.946259895,4.355893983,-1.020093234,0.051490217,-0.038411963,-0.006912411,0.997912857,-0.192233252,0.981337479,1.187126399,0.0,0.0,0.0,0.86058265,0.0,3.61444862
1772729837.0438356,0.355808,0.991634,1.085813,0.03978602,-0.02535417,-0.01049689,0.99883134,0.080197,-0.049834,-0.023017,-0.988016405,0.348603518,0.036963982,0.221904376,0.101602831,-0.050524234,0.029515759,-0.006303304,1.000734451,0.051917701,0.115957765,-0.030586451,51376.618090212,53626.879868192,51607.850951551,52426.053511306,0.42700643,0.962978209,1.083016476,-1.002923944,0.417500991,0.028985342,-0.048249086,-0.106410973,-0.004967294,5.959954559,4.29187186,-1.045402828,0.051607169,-0.037866676,-0.007157439,0.99792897,-0.203030968,0.979111813,1.187493892,0.0,0.0,0.0,0.86058265,0.0,3.613904631
1772729837.0538359,0.345777,0.995138,1.08617,0.04117168,-0.02625636,-0.01030913,0.99875383,0.082988,-0.051621,-0.022787,-0.993621091,0.340101412,0.035538204,0.23822226,0.030091198,-0.012762055,0.027272183,-0.013288325,1.003753468,0.110417678,0.124114279,-0.031456271,51733.355582325,53958.982642501,51331.395499097,52077.552483163,0.416737599,0.967422315,1.083398323,-1.00854129,0.406838342,0.028285282,-0.050428672,-0.112408079,0.00101103,5.978547732,4.202860548,-1.060743645,0.05177269,-0.03709963,-0.007325648,0.997940733,-0.213924102,0.976735255,1.187865584,0.0,0.0,0.0,0.86058265,0.0,3.613360617
1772729837.0638359,0.335858,0.998467,1.086473,0.04156754,-0.02566726,-0.01062896,0.9987494,0.083781,-0.050408,-0.023397,-1.000093339,0.331997675,0.034529462,0.202731454,0.006069359,0.031434985,0.03036711,-0.008252132,1.00942776,0.165498947,0.112845253,-0.018068722,51861.674752463,54359.007228854,51279.336472625,51546.009799679,0.404411753,0.972534436,1.083848075,-1.015352287,0.394225613,0.028215218,-0.047766817,-0.111465948,-0.000973698,6.025262575,4.112532153,-1.06948444,0.052185528,-0.036319988,-0.007428399,0.997938113,-0.224816977,0.974358753,1.188237268,0.0,0.0,0.0,0.86058265,0.0,3.612816616
1772729837.0738363,0.325834,1.00174,1.086805,0.042642,-0.02492083,-0.0102705,0.99872675,0.085896,-0.048922,-0.022669,-1.005759118,0.322999628,0.032820855,0.139587546,0.083272112,0.0682421,0.028641269,0.00224422,0.998592229,0.208739436,0.10225318,-0.017975246,51930.925395933,54475.484113794,51180.476647277,51487.270517646,0.392120622,0.977554567,1.084287529,-1.022052108,0.381608786,0.028370513,-0.04141509,-0.105235315,-0.009027254,6.112690461,4.02054811,-1.072898211,0.052954841,-0.035526232,-0.007473913,0.997905846,-0.237216515,0.971454595,1.188661739,0.0,0.0,0.0,0.86058265,0.0,3.612272589
1772729837.083836,0.31574,1.004962,1.087146,0.04339629,-0.02497008,-0.00975314,0.99869822,0.087383,-0.049048,-0.021676,-1.006893579,0.311330095,0.031943309,0.094840274,0.189754196,0.075876248,0.025784502,0.009870203,0.999547933,0.224904827,0.110993733,-0.019240158,51997.042782774,54541.088962753,51067.205775247,51515.460101183,0.385581168,0.980122669,1.084508507,-1.024077369,0.373930172,0.027668355,-0.039420133,-0.111609591,-0.010936763,6.206027071,3.929996289,-1.07637494,0.053775456,-0.03474538,-0.007517769,0.997880326,-0.244454638,0.96965041,1.188910369,0.0,0.0,0.0,0.86058265,0.0,3.611728601
1772729837.0938368,0.305641,1.008017,1.087506,0.04387245,-0.02408414,-0.00902707,0.998706,0.08828,-0.047332,-0.020168,-1.007422989,0.299347566,0.032036569,0.065426628,0.247677756,0.073282012,0.027024063,-0.000499387,1.002627126,0.219453848,0.118598749,-0.018256224,51796.462347646,54453.382465989,51357.155186365,51610.652404794,0.376967689,0.983435518,1.084782459,-1.027502113,0.364347888,0.02707307,-0.038591301,-0.121359067,-0.011201662,6.329157663,3.852594488,-1.080164083,0.05485418,-0.034081253,-0.007550933,0.997839155,-0.25293238,0.967471741,1.189202166,0.0,0.0,0.0,0.86058265,0.0,3.61118456
1772729837.1038363,0.295566,1.010919,1.087835,0.04416939,-0.0221814,-0.00905455,0.99873673,0.08883,-0.043521,-0.020066,-1.010219573,0.288249051,0.032755859,0.047105386,0.244133793,0.05628476,0.027411462,-0.018625496,1.003083582,0.193802669,0.122436124,-0.015969561,52026.027186888,54160.942455015,51155.542704436,51942.80295742,0.368419101,0.986638987,1.085069705,-1.031292265,0.355130375,0.026631113,-0.039988011,-0.129574742,-0.007800295,6.431416158,3.790077894,-1.083709353,0.055749756,-0.033545332,-0.007582044,0.997815685,-0.261239056,0.965261282,1.189488686,0.0,0.0,0.0,0.86058265,0.0,3.610640585
1772729837.1138363,0.28545,1.013754,1.088046,0.04357506,-0.02073266,-0.00830002,0.99880052,0.087574,-0.040703,-0.018403,-1.014455532,0.277983074,0.03273218,0.030840296,0.266066596,0.028480561,0.024910404,-0.021126323,1.006569747,0.1604536,0.142540501,-0.007390593,51998.204670393,53885.514159006,51256.152838731,52171.346745507,0.35989002,0.98985062,1.085453189,-1.034141249,0.345742944,0.02690036,-0.043121077,-0.132316892,-0.001534934,6.529137295,3.717799228,-1.086299715,0.05660707,-0.032923719,-0.007612173,0.997796086,-0.269977971,0.962835399,1.189790975,0.0,0.0,0.0,0.86058265,0.0,3.610557318
1772729837.1238368,0.275402,1.016451,1.088442,0.04449725,-0.01901979,-0.00848358,0.99879241,0.089391,-0.037247,-0.018653,-1.019371563,0.268540194,0.033451217,0.044080083,0.327381201,0.031401448,0.024844355,-0.001158233,1.004769353,0.128360509,0.16505014,-0.009235641,51850.73315643,53605.882143551,51404.584169309,52449.18082972,0.348832893,0.993844828,1.085943765,-1.038197249,0.333631211,0.027370637,-0.037822529,-0.121138157,-0.00481679,6.622479572,3.612718633,-1.08268561,0.057431168,-0.032013134,-0.007607572,0.997783663,-0.281399856,0.959554567,1.190187106,0.0,0.0,0.0,0.86058265,0.0,3.610557318
1772729837.1338372,0.2651,1.019122,1.088809,0.04466367,-0.01880355,-0.00843931,0.99878945,0.089718,-0.036816,-0.018551,-1.025090857,0.260550637,0.033029829,0.093038569,0.305873792,0.025515926,0.031505358,-0.005796953,1.003765346,0.0958311,0.1877934,-0.001842817,51864.204650863,53373.703877867,51482.477518681,52600.456647771,0.338409448,0.997210522,1.086255447,-1.04394348,0.322316105,0.027073521,-0.030709196,-0.124107474,-0.003173863,6.710319822,3.501542778,-1.077422342,0.058208391,-0.031048288,-0.00759369,0.997787311,-0.291039167,0.956698178,1.190522239,0.0,0.0,0.0,0.86058265,0.0,3.610557318
1772729837.143838,0.254794,1.021683,1.089154,0.04508472,-0.01738567,-0.008214,0.9987981,0.090522,-0.033995,-0.017987,-1.028917784,0.250881533,0.033019864,0.125654287,0.270082381,0.015573713,0.033432876,-0.012137246,1.005285903,0.072742555,0.180917128,0.008378324,52311.697892938,53354.451574195,51130.810242434,52530.237796941,0.329498297,1.000045611,1.086528934,-1.04827952,0.312590329,0.026955733,-0.028358886,-0.127171568,-0.001892263,6.751867164,3.409438827,-1.070670202,0.058580899,-0.030245636,-0.007571208,0.997798007,-0.299409714,0.954111833,1.190814323,0.0,0.0,0.0,0.86058265,0.0,3.610557318
1772729837.153839,0.244431,1.024174,1.089436,0.04563646,-0.01467898,-0.00768703,0.99882068,0.091556,-0.028626,-0.016703,-1.029697796,0.239365729,0.032670486,0.12944575,0.228175887,-0.003161845,0.029717531,-0.003847959,1.004922443,0.082043033,0.189554491,0.011768641,52168.391373455,53778.771512023,51300.749246026,51822.437168863,0.314411911,1.004557572,1.087046851,-1.01940931,0.284754866,0.024923885,-0.030057296,-0.122573407,-0.005563985,6.941646044,2.720896278,-0.963520432,0.060305491,-0.024203181,-0.006976344,0.997807224,-0.307505897,0.951535461,1.191097587,0.0,0.0,0.0,0.86058265,0.0,3.610557318
1772729837.163839,0.234217,1.02648,1.089779,0.04636374,-0.01287956,-0.00730906,0.99881485,0.092969,-0.025053,-0.015801,-1.030277187,0.228367059,0.031158654,0.078209061,0.228594209,-0.002827826,0.030523531,-0.001640178,1.000981365,0.065395673,0.234415301,0.021382912,51492.038418693,54477.916478739,51958.298790925,50694.232577096,0.292100724,1.01099975,1.087818918,-0.954123625,0.236279481,0.020553505,-0.026128915,-0.126981931,-0.00809701,7.171538815,1.870937727,-0.829198587,0.062395979,-0.01674266,-0.006226566,0.997824854,-0.317570677,0.948222356,1.191450777,0.0,0.0,0.0,0.86058265,0.0,3.610557318
1772729837.1738389,0.22388,1.028742,1.090032,0.0473223,-0.0143527,-0.00823985,0.99874256,0.094942,-0.027893,-0.017825,-1.030806364,0.217275615,0.031747175,0.011845962,0.220048124,-0.011199114,0.033322523,0.003251702,0.999118765,-0.015626382,0.268398281,0.031297262,56721.800758317,49976.351027397,46016.573711676,55920.282493477,0.269790069,1.017441775,1.088590966,-0.888839495,0.187805252,0.016183228,-0.005047216,-0.12601335,-0.005763974,7.401426105,1.020999441,-0.694879945,0.064486418,-0.009282318,-0.005476806,0.997862987,-0.34830721,0.937089819,1.192540643,0.0,0.0,0.0,0.86058265,0.0,3.610557318
1772729837.1838396,0.213619,1.03079,1.090434,0.04655276,-0.01322343,-0.00810176,0.99879545,0.093374,-0.025664,-0.017422,-1.034005104,0.207088484,0.034180608,-0.081127656,0.069827782,0.005396416,0.035368359,0.00585238,1.005955203,-0.109740922,0.120100823,0.038383319,55620.088547567,49868.063861738,47985.338488289,56010.35076534,0.248716352,1.022511634,1.089236467,-0.874209886,0.160899239,0.015616059,0.016537438,-0.124887648,-0.003288611,7.308128515,1.051804789,-0.687007219,0.063673373,-0.009541871,-0.005397759,0.997901123,-0.386285711,0.922367474,1.193898565,0.0,0.0,0.0,0.86058265,0.0,3.610557318
1772729837.19384,0.203264,1.032818,1.090769,0.04600859,-0.01262374,-0.00784215,0.99883049,0.092266,-0.024499,-0.016833,-1.04081731,0.198010309,0.03633972,-0.176463667,-0.091854419,0.036676297,0.037292037,-0.001141134,1.020500872,-0.175756332,-0.245866129,0.045204541,52284.710082467,52743.323401434,52158.607973147,53356.231610791,0.22833144,1.02681879,1.089811615,-0.887722725,0.145977603,0.017161765,0.019619307,-0.128972159,0.004869727,7.185414305,1.0345886,-0.655886924,0.062608289,-0.00936923,-0.005147105,0.997970515,-0.400010034,0.916484405,1.194396376,0.0,0.0,0.0,0.86058265,0.0,3.610557318
1772729837.20384,0.192743,1.034817,1.091097,0.04467006,-0.0115282,-0.00748677,0.99890722,0.089557,-0.022364,-0.015992,-1.047768132,0.188728812,0.038244578,-0.252256383,-0.297227102,0.056209097,0.036787817,-0.009258261,1.018221275,-0.222116079,-0.796736426,0.030768199,49632.421046939,54592.805213065,54608.026281635,51372.174237508,0.207947501,1.031125741,1.090386736,-0.90123492,0.131056679,0.018707397,0.009678715,-0.130732495,0.008249175,7.015518924,1.265525788,-0.654771385,0.061115708,-0.011372265,-0.005028007,0.998046987,-0.41166654,0.911211314,1.194822853,0.0,0.0,0.0,0.86058265,0.0,3.610557318
1772729837.2138405,0.18227,1.036629,1.091511,0.04340337,-0.0146832,-0.00737457,0.9989225,0.087076,-0.028699,-0.016015,-1.053157997,0.178491235,0.039919929,-0.278161826,-0.596134098,0.054100014,0.033343069,-0.008322223,1.01637976,-0.222833237,-0.981326251,0.026906975,48979.268037341,55009.88677184,55061.312864695,50843.284615902,0.197123387,1.033151638,1.090756314,-0.909211729,0.121690817,0.020156501,-0.002465422,-0.12855403,0.005625006,6.911501775,1.563867927,-0.677465757,0.060190199,-0.013978156,-0.005078562,0.998071364,-0.423323601,0.905937971,1.195249351,0.0,0.0,0.0,0.86058265,0.0,3.610557318
1772729837.2238405,0.171731,1.03836,1.091969,0.04215181,-0.0203811,-0.00714092,0.99887779,0.084669,-0.040125,-0.015998,-1.058039393,0.168254686,0.041130925,-0.278855679,-0.944964631,0.03394414,0.031165531,-0.005405565,1.015239391,-0.211333005,-1.048235747,0.023028698,48884.367985047,55223.357598853,55073.691132385,50603.971440554,0.193785705,1.033751681,1.090870558,-0.91180188,0.118804558,0.020556805,-0.007294411,-0.127326441,0.004103226,6.877005702,1.688276351,-0.688541625,0.059880608,-0.015065944,-0.005114858,0.998062822,-0.4272962,0.904104024,1.195395214,0.0,0.0,0.0,0.86058265,0.0,3.610557318
1772729837.2338412,0.161022,1.040016,1.092319,0.04060258,-0.02379347,-0.00738833,0.99886471,0.081645,-0.04695,-0.016711,-1.064038855,0.158057688,0.042150157,-0.2442729,-1.156150963,0.011278143,0.032334865,-0.005574157,1.013491349,-0.20629244,-1.045073596,0.020359563,48789.461144967,55436.843694503,55086.070285439,50364.641148177,0.191360422,1.03418141,1.090952776,-0.913725446,0.116728454,0.020819931,-0.00848813,-0.126571333,0.003129203,6.842507162,1.812693674,-0.699618287,0.059570994,-0.01615381,-0.005151157,0.998054279,-0.429221396,0.903186444,1.195466307,0.0,0.0,0.0,0.86058265,0.0,3.610557318
1772729837.2438412,0.150485,1.041494,1.092761,0.03947728,-0.03060387,-0.00815475,0.9987184,0.079582,-0.060522,-0.01874,-1.068580798,0.148592566,0.040758081,-0.126276208,-1.275281024,-0.043907435,0.033504115,-0.005742738,1.011743433,-0.201252237,-1.041911672,0.017690619,48694.561092673,55650.314521515,55098.44855313,50125.327972828,0.188935312,1.034611109,1.091034988,-0.915648874,0.114652498,0.021083038,-0.009681764,-0.12581628,0.002155251,6.80801109,1.937102098,-0.710694155,0.059261402,-0.017241598,-0.005187453,0.998045736,-0.431146454,0.902268929,1.195537395,0.0,0.0,0.0,0.86058265,0.0,3.610557318
1772729837.2538414,0.139756,1.042947,1.093157,0.03889068,-0.03729645,-0.00836257,0.99851217,0.078585,-0.073899,-0.019656,-1.073703258,0.140189838,0.037594772,-0.048692661,-1.210692808,-0.080797978,0.034673393,-0.005911323,1.009995474,-0.196211913,-1.038749672,0.015021611,48599.658777784,55863.790438074,55110.827115941,49886.009091803,0.186510145,1.035040818,1.091117202,-0.917572348,0.112576492,0.021346152,-0.010875427,-0.125061208,0.001181275,6.769089996,2.082642485,-0.723949322,0.058911333,-0.018514323,-0.005232974,0.998037194,-0.433071557,0.901351393,1.195608485,0.0,0.0,0.0,0.86058265,0.0,3.610557318
1772729837.2638416,0.128982,1.044318,1.093577,0.0382978,-0.04253231,-0.00848869,0.99832471,0.077543,-0.084372,-0.02028,-1.077371113,0.13124117,0.035583756,0.002058488,-1.008974295,-0.090521486,0.035842671,-0.006079908,1.008247516,-0.191171589,-1.035587672,0.012352603,48480.540232691,56001.073159222,55195.459767309,49663.234659507,0.182037316,1.035795943,1.091279927,-0.921313409,0.108787618,0.021727907,-0.01206909,-0.124306136,0.000207299,6.682261287,2.456979039,-0.760800244,0.058123042,-0.02178936,-0.005378374,0.998037316,-0.435705146,0.900083932,1.195705909,0.0,0.0,0.0,0.86058265,0.0,3.610557318
1772729837.2738416,0.118057,1.045626,1.093876,0.03968148,-0.0468639,-0.00968011,0.99806585,0.080551,-0.092912,-0.023144,-1.081198894,0.122119775,0.03502651,0.043472558,-0.632157569,-0.077770691,0.034422458,0.002755848,1.007622779,-0.157624864,-1.009935214,0.012238889,48503.317049211,55985.341683196,55202.791574573,49577.33119864,0.17487581,1.036978354,1.091548367,-0.927441051,0.102749668,0.022265442,-0.021921566,-0.114157775,0.002525772,6.587111795,2.895554254,-0.805921381,0.057253631,-0.025627216,-0.005568891,0.998023075,-0.442364308,0.896828218,1.195952962,0.0,0.0,0.0,0.86058265,0.0,3.610557318
1772729837.2838418,0.107391,1.046753,1.094185,0.04054404,-0.05079503,-0.01077793,0.99782758,0.082518,-0.100665,-0.025761,-1.086892839,0.11345411,0.034415553,0.028889588,-0.181830089,-0.007192334,0.031778304,0.015215123,1.009346984,-0.109780872,-0.904339379,0.011244218,49729.110342873,55227.045508643,54234.517880419,50435.465741003,0.166429215,1.038291463,1.091893636,-0.935301162,0.095777519,0.023012147,-0.032541192,-0.108823637,0.002780365,6.488016521,3.41213933,-0.860537967,0.056337879,-0.030148277,-0.005810122,0.997961955,-0.449473542,0.893280685,1.196217779,0.0,0.0,0.0,0.86058265,0.0,3.610557318
1772729837.2938423,0.096458,1.047853,1.094518,0.03881297,-0.04959486,-0.00996371,0.99796524,0.078919,-0.098373,-0.023854,-1.090326661,0.10353112,0.03488832,0.037468899,0.126211342,0.042895052,0.029177587,0.016380055,1.009770821,-0.063344264,-0.711299912,0.007141614,50492.410477216,54344.226004665,53541.559068891,51590.097282024,0.156593351,1.039746382,1.092269533,-0.945094024,0.087849815,0.023819437,-0.043551579,-0.106009966,0.001955195,6.411734206,3.906726325,-0.910862831,0.055618799,-0.034475869,-0.006025585,0.997845351,-0.457434717,0.889229183,1.19651555,0.0,0.0,0.0,0.86058265,0.0,3.610557318
1772729837.303843,0.085544,1.048836,1.094938,0.03939153,-0.0467059,-0.00952745,0.99808622,0.07995,-0.092615,-0.022798,-1.094972528,0.093921768,0.035835388,0.057802577,0.388427035,0.096970223,0.02751574,-0.00063045,1.005680005,-0.021873787,-0.496234469,0.002506751,51048.510873425,54031.807975934,53002.508659049,51916.625310744,0.146966828,1.041073597,1.092642735,-0.955133215,0.080169029,0.02436077,-0.051231548,-0.10361467,0.00160185,6.361118008,4.311595393,-0.952826115,0.055128998,-0.038018654,-0.006209343,0.99774482,-0.465657432,0.884950233,1.196824572,0.0,0.0,0.0,0.86058265,0.0,3.610557318
1772729837.3138435,0.074526,1.049733,1.095311,0.04031534,-0.04339361,-0.00891547,0.99820448,0.081652,-0.086019,-0.021378,-1.101592057,0.085134541,0.035875384,0.125774834,0.513028417,0.086589185,0.027636028,-0.010143311,1.006490972,0.034344574,-0.244953344,0.003278808,51501.911461112,53266.806870636,52529.668622857,52658.927187957,0.136864249,1.042376894,1.093036911,-0.966048993,0.072203303,0.024764056,-0.053431607,-0.101907863,0.002024802,6.323852063,4.659623136,-0.991349883,0.054759045,-0.041065072,-0.00638863,0.997648602,-0.473658707,0.88069643,1.197126664,0.0,0.0,0.0,0.86058265,0.0,3.610557318
1772729837.323844,0.063437,1.050575,1.095633,0.04028505,-0.04300051,-0.00737562,0.99823528,0.081448,-0.085359,-0.018257,-1.110045911,0.077823365,0.034810192,0.235909577,0.602426691,0.027758192,0.030015542,-0.005242798,1.007302738,0.043911834,-0.002387031,0.001205495,52437.870452477,52572.785900985,51560.404906194,53280.90193421,0.127106389,1.043564406,1.093412338,-0.976873019,0.064618369,0.025255989,-0.055631666,-0.100201055,0.002447754,6.316076366,4.848412929,-1.01221822,0.054665631,-0.042718094,-0.006481743,0.9975757,-0.480976715,0.876724448,1.197404215,0.0,0.0,0.0,0.86058265,0.0,3.610557318
1772729837.333844,0.052409,1.051253,1.095963,0.04255993,-0.04087666,-0.00850408,0.99822113,0.086051,-0.080972,-0.020526,-1.11673941,0.069711527,0.032950867,0.253148841,0.600504993,-0.044838532,0.028690901,0.000738459,1.004830413,0.063734128,0.141960379,0.008199695,53139.698446995,52356.578663065,50806.879675895,53391.674139095,0.11876903,1.044529178,1.093726208,-0.986203769,0.058197204,0.025706802,-0.05783162,-0.09849433,0.002870686,6.316430133,4.91803172,-1.020920805,0.054658704,-0.043328306,-0.006523688,0.997543706,-0.486418854,0.873717266,1.197611454,0.0,0.0,0.0,0.86058265,0.0,3.610557318
1772729837.3438437,0.041209,1.051905,1.096319,0.04339203,-0.03572528,-0.00805711,0.99838666,0.08755,-0.070695,-0.019238,-1.122496642,0.060546794,0.03252979,0.171901101,0.647023219,-0.047507622,0.030349868,0.005736578,1.005822938,0.088439701,0.273675827,0.009775507,52988.186158001,52508.79895341,50875.555806887,53148.121674544,0.110342062,1.045451955,1.094001279,-0.995610593,0.051823161,0.025660475,-0.060031521,-0.096787645,0.003293608,6.32461468,4.92021123,-1.02158571,0.054729479,-0.043348057,-0.00652536,0.997534697,-0.494296355,0.869281976,1.197912743,0.0,0.0,0.0,0.86058265,0.0,3.610557318
1772729837.353844,0.029884,1.052507,1.096606,0.04515839,-0.03371107,-0.00896429,0.99837063,0.091101,-0.066552,-0.020992,-1.124578326,0.049715782,0.034116058,0.105523152,0.707537611,0.012686972,0.034518992,0.009907943,1.009730431,0.117255141,0.394773215,0.006793059,53277.809356167,52019.900988524,50649.753525469,53691.448495336,0.098417544,1.046640632,1.094367034,-1.008354293,0.042523853,0.025874741,-0.054114154,-0.096851091,0.006597668,6.353924881,4.807684199,-1.006545434,0.055001178,-0.042362961,-0.006438153,0.997560987,-0.503135281,0.864196546,1.198252655,0.0,0.0,0.0,0.86058265,0.0,3.610557318
1772729837.3638444,0.018575,1.053005,1.096989,0.04503366,-0.02818428,-0.00804985,0.99855536,0.090655,-0.055591,-0.018645,-1.127834759,0.039469871,0.03636979,0.038378365,0.672971232,0.096195433,0.034354079,0.004188847,1.008719244,0.124645737,0.48126845,0.003058819,52989.983411898,52176.745271198,50955.933587923,53537.10704696,0.088782908,1.047518442,1.094660075,-1.018237208,0.035035223,0.026217271,-0.047541205,-0.107227002,0.000945174,6.390135808,4.650856288,-0.986911714,0.05533856,-0.0409903,-0.006330571,0.997597949,-0.511245387,0.85942223,1.198566408,0.0,0.0,0.0,0.86058265,0.0,3.610557318
1772729837.373845,0.007286,1.053297,1.097312,0.04377406,-0.0269979,-0.00769359,0.99864696,0.088084,-0.053274,-0.017756,-1.132621243,0.029972076,0.0383202,-0.006696541,0.519803933,0.13074917,0.032837537,-0.005760847,1.008264323,0.135600083,0.491860246,-0.008037401,52852.228733592,53318.115382819,51067.113724483,52383.899682347,0.078168071,1.048401703,1.095020071,-1.028526643,0.026738696,0.026353519,-0.04456484,-0.116087872,0.003952903,6.444051807,4.415796231,-0.961226153,0.055838767,-0.038934409,-0.006203751,0.997653909,-0.519913896,0.854205975,1.198903653,0.0,0.0,0.0,0.86058265,0.0,3.610557318
1772729837.383845,-0.003905,1.053482,1.097754,0.04432475,-0.02380751,-0.0059285,0.99871586,0.089034,-0.047046,-0.013968,-1.137308932,0.020860276,0.03924419,0.018615792,0.436786855,0.096001023,0.039671375,-0.001170875,1.013644449,0.127526036,0.484733141,-0.020236987,52621.897786747,51350.881087554,51031.062317041,54466.793488867,0.066078034,1.049302472,1.09543505,-1.03960109,0.017137401,0.027189971,-0.033427782,-0.114298032,0.008341695,6.507318755,4.148934079,-0.936936889,0.056421398,-0.036602465,-0.006104333,0.997722467,-0.528949961,0.848642401,1.199257395,0.0,0.0,0.0,0.86058265,0.0,3.610557318
1772729837.393845,-0.015264,1.053648,1.098152,0.04498847,-0.0216505,-0.00472071,0.99874171,0.090273,-0.042835,-0.011388,-1.140463558,0.011498671,0.039720648,0.065014695,0.433788578,0.090726661,0.042806106,0.00541239,1.01113662,0.085896941,0.457299584,-0.021413602,52106.760898809,52544.327387773,51626.248119177,53248.923870261,0.055415074,1.050013467,1.095778285,-1.048781589,0.008654017,0.027799115,-0.028145537,-0.114351444,0.002050518,6.562931458,3.877869806,-0.914104635,0.056936879,-0.034234152,-0.006022805,0.997774303,-0.537234087,0.843421527,1.199583732,0.0,0.0,0.0,0.86058265,0.0,3.610557318
1772729837.403845,-0.026881,1.053809,1.098552,0.04524549,-0.0211303,-0.00561802,0.9987366,0.090818,-0.041711,-0.013146,-1.14481061,0.002980578,0.03865701,0.127424776,0.38971165,0.039160731,0.040454984,0.013139716,1.006675186,0.088571964,0.365170551,-0.022287984,51412.120927159,52556.038682458,52249.173334011,53187.720022366,0.043201204,1.050704611,1.096157423,-1.058469809,-0.001188052,0.027906819,-0.026509016,-0.10230828,0.002281493,6.603970566,3.600314702,-0.896247482,0.05732294,-0.031810656,-0.005995401,0.99782405,-0.548283472,0.83623292,1.200023152,0.0,0.0,0.0,0.86058265,0.0,3.610557318
1772729837.413845,-0.038394,1.0538,1.098915,0.0461538,-0.01851546,-0.00659458,0.99874097,0.092629,-0.036384,-0.014892,-1.149412596,-0.004927355,0.037852756,0.155837567,0.462748692,-0.014477906,0.037852444,0.016393587,1.010484389,0.106429855,0.295105774,-0.015149582,51197.999066002,53653.364905642,52406.931027876,52057.558817894,0.026060586,1.051507215,1.096674305,-1.071018106,-0.014926339,0.027819725,-0.012378424,-0.111759884,-0.0034121,6.663302699,3.336316345,-0.880030338,0.057865844,-0.029506808,-0.005971927,0.997864291,-0.558972432,0.829172815,1.200450217,0.0,0.0,0.0,0.86058265,0.0,3.610557318
1772729837.4238448,-0.049817,1.053688,1.099257,0.04664126,-0.01471586,-0.00511041,0.99879023,0.093495,-0.028923,-0.011586,-1.153135307,-0.013697313,0.035166875,0.114690483,0.454236053,-0.045788772,0.035986759,0.015761337,1.016259539,0.123417476,0.244499323,-0.007460392,51072.259334675,53315.724778028,52617.502782053,52420.845696697,0.01470774,1.051951459,1.097006662,-1.078892545,-0.024026833,0.028157121,-0.015255623,-0.114582914,0.001962263,6.722388516,3.168902366,-0.871609285,0.058396131,-0.028047807,-0.00596915,0.997879754,-0.567048541,0.823671468,1.200775966,0.0,0.0,0.0,0.86058265,0.0,3.610557318
1772729837.4338448,-0.061178,1.053408,1.099652,0.04744042,-0.01329028,-0.00432873,0.99877627,0.095055,-0.02614,-0.009911,-1.153974663,-0.023016902,0.034635192,0.085430423,0.439049191,-0.034296219,0.038503456,0.00457179,1.014369016,0.103001092,0.24747186,-0.014249909,50857.168343104,53044.59907436,52547.038383215,52791.3848195,0.004355,1.052261096,1.097325799,-1.08569416,-0.032485693,0.028987991,-0.017365635,-0.11743678,0.006562951,6.762828345,3.050803766,-0.863992792,0.05875945,-0.027017594,-0.005954215,0.997885042,-0.574719862,0.818338713,1.201087369,0.0,0.0,0.0,0.86058265,0.0,3.610557318
1772729837.4438448,-0.07287,1.053192,1.099985,0.04779861,-0.01176048,-0.00572231,0.99877136,0.095786,-0.022947,-0.012558,-1.154228276,-0.032416134,0.034477655,0.057251752,0.430261981,-0.048039763,0.037347166,0.003479409,1.014562263,0.070334861,0.312950801,-0.024820604,50839.931556756,52999.748603765,52360.004641787,52919.367810778,-0.004365634,1.0524375,1.097597712,-1.091129264,-0.03974021,0.0296138,-0.013968584,-0.120511497,0.005609568,6.799313791,2.938890041,-0.856200118,0.059087824,-0.026040933,-0.005935773,0.997891957,-0.580741518,0.814086934,1.201333103,0.0,0.0,0.0,0.86058265,0.0,3.610557318
1772729837.4538455,-0.084493,1.052871,1.100331,0.04837069,-0.00815371,-0.00629355,0.99877634,0.096889,-0.015679,-0.013363,-1.154965146,-0.04222438,0.035531716,0.042580095,0.403431639,-0.101859993,0.037876252,0.006621081,1.011706947,0.091425341,0.323910861,-0.02930529,51159.87952131,53532.585031623,52152.489355545,52353.918792113,-0.014451113,1.052544404,1.097957543,-1.096923683,-0.04829142,0.030367473,-0.011473434,-0.114124612,0.004891497,6.828660463,2.809010183,-0.849783499,0.059354987,-0.024908139,-0.005940631,0.997904249,-0.587318038,0.809346358,1.201603325,0.0,0.0,0.0,0.86058265,0.0,3.610557318
1772729837.4638455,-0.09604,1.052397,1.100619,0.04754994,-0.00763107,-0.00599378,0.99882173,0.095233,-0.014675,-0.012701,-1.152748652,-0.053260676,0.036912545,0.061374864,0.421941195,-0.14010153,0.036966763,0.01103991,1.000954795,0.079124195,0.373498068,-0.032600175,51311.589351412,52191.470133521,51795.321069819,53823.336860816,-0.024647304,1.052587581,1.098321894,-1.102432239,-0.056822901,0.030794101,-0.00840277,-0.109130693,-0.005248844,6.852201075,2.650093921,-0.846161445,0.059572974,-0.023523598,-0.005987109,0.997927737,-0.595077577,0.803656883,1.201924056,0.0,0.0,0.0,0.86058265,0.0,3.610557318
1772729837.4738452,-0.107483,1.051785,1.101079,0.04839637,-0.00540405,-0.00652452,0.99879228,0.096903,-0.010164,-0.013557,-1.150891968,-0.064203072,0.037582223,0.088952724,0.515555489,-0.10990104,0.033567341,0.023227173,1.00246978,0.087611361,0.413969792,-0.0264716,50998.404266335,53916.955757482,52122.003986745,51801.454980843,-0.038133131,1.052494635,1.098770176,-1.109040995,-0.0678877,0.03091526,-0.010891929,-0.098510055,8.3001e-05,6.890106663,2.473059441,-0.843524265,0.059917023,-0.021982508,-0.006049372,0.997949213,-0.603675395,0.79721928,1.202282094,0.0,0.0,0.0,0.86058265,0.0,3.610557318
1772729837.4838448,-0.118938,1.051055,1.101437,0.04908442,-0.00138966,-0.00740688,0.9987662,0.098226,-0.002049,-0.014932,-1.150276991,-0.074590669,0.038764295,0.126268583,0.576330981,-0.095751398,0.033959009,0.018060856,1.008714169,0.127804841,0.459187988,-0.02042443,51781.610387969,52772.772526223,51443.307215974,53153.494376343,-0.052066433,1.052383163,1.099229873,-1.115799362,-0.07929708,0.03099484,-0.005092751,-0.100997867,0.006852444,6.932438938,2.165221834,-0.830014938,0.060310917,-0.019296793,-0.006086526,0.997968796,-0.613451689,0.789671372,1.20269382,0.0,0.0,0.0,0.86058265,0.0,3.610557318
1772729837.4938445,-0.130437,1.050244,1.101854,0.05000212,0.00085336,-0.00747477,0.99872078,0.100031,0.002452,-0.014846,-1.151707897,-0.083196932,0.039637955,0.150540785,0.67657302,-0.08415076,0.037424179,-0.001582025,1.007256269,0.1404976,0.550015257,-0.020834571,51902.175557763,52582.868660563,51268.264987784,53361.169839182,-0.065706746,1.052165178,1.099682639,-1.121785578,-0.090676567,0.031210507,0.005891941,-0.111181345,0.009100706,7.0024513,1.842444047,-0.806204309,0.060946892,-0.016476796,-0.006040838,0.997981505,-0.623185743,0.782060531,1.203105709,0.0,0.0,0.0,0.86058265,0.0,3.610557318
1772729837.5038445,-0.141965,1.049395,1.102219,0.05076762,0.00380828,-0.00747754,0.99867524,0.101522,0.008366,-0.01455,-1.151550088,-0.09269092,0.037705086,0.160509479,0.63584842,-0.001002548,0.040066638,0.007126665,1.012888727,0.14142126,0.598797643,-0.014757941,51925.937358734,52071.2042299,51252.908183034,53821.576018267,-0.077895724,1.051791328,1.10007796,-1.126082318,-0.10107819,0.031804324,0.015079099,-0.116628155,0.010222804,7.069030469,1.539123487,-0.78339045,0.061550892,-0.013826531,-0.00599514,0.997987856,-0.631577541,0.775297368,1.203464935,0.0,0.0,0.0,0.86058265,0.0,3.610557318
1772729837.5138447,-0.153631,1.048467,1.102561,0.05135491,0.00812082,-0.007301,0.99862076,0.102644,0.01697,-0.01375,-1.150851389,-0.102308004,0.03541367,0.131043218,0.507059449,0.09684242,0.03658521,0.021893363,1.00995116,0.139234544,0.632280905,-0.009198222,51808.605899543,51902.090038963,51422.207352194,53930.329112316,-0.088719542,1.051414653,1.100413724,-1.129531185,-0.110205989,0.032328482,0.01749384,-0.10586855,0.007451195,7.12303413,1.24877496,-0.757680516,0.06204297,-0.011286822,-0.005922134,0.997990121,-0.638821452,0.769341431,1.203777508,0.0,0.0,0.0,0.86058265,0.0,3.610557318
1772729837.5238447,-0.165082,1.047401,1.102981,0.05203192,0.01054763,-0.00727488,0.99856322,0.103973,0.021824,-0.013435,-1.147584234,-0.113006926,0.035958542,0.123008248,0.406188388,0.144345809,0.034466374,0.031647475,1.010842743,0.140820203,0.59815045,0.000156491,51747.709785203,52500.049642005,51449.639618138,53333.369928401,-0.099337756,1.050971812,1.100729194,-1.132348841,-0.119178739,0.032549288,0.019247215,-0.097937128,0.004737449,7.175265196,0.928399505,-0.724936499,0.0625203,-0.00848152,-0.00580697,0.99798905,-0.645598805,0.763665951,1.204072191,0.0,0.0,0.0,0.86058265,0.0,3.610557318
1772729837.5338445,-0.176412,1.046169,1.103338,0.05266267,0.01307463,-0.00529912,0.9985127,0.105262,0.026672,-0.009209,-1.145017448,-0.123023874,0.035387505,0.135365075,0.375270809,0.134082903,0.040059207,0.018477176,1.006157026,0.135212392,0.581138002,-0.010966151,51632.83677918,52908.539335491,51431.695620583,53014.032432789,-0.116994518,1.049597085,1.101264574,-1.134306959,-0.135558398,0.0326514,0.030243222,-0.105867776,0.001783069,7.232419431,0.592495807,-0.686990449,0.063039613,-0.005538192,-0.00565729,0.997979908,-0.652869069,0.757462251,1.204390814,0.0,0.0,0.0,0.86058265,0.0,3.610557318
1772729837.5438445,-0.187847,1.04484,1.103575,0.0532508,0.01084547,-0.00407256,0.99851397,0.106482,0.022094,-0.00698,-1.140822397,-0.133089812,0.037340634,0.119168787,0.446079711,0.103520279,0.038875617,0.006106728,1.017694762,0.128722214,0.537473992,-0.018074357,51618.408071749,52641.740757742,51503.971646481,53317.051481233,-0.149757459,1.046280246,1.102321963,-1.135052046,-0.167866081,0.032731009,0.036519714,-0.127577722,0.003135565,7.343085677,-0.290840076,-0.584406915,0.064038425,0.002206569,-0.005259743,0.997953864,-0.663277584,0.748169217,1.204856038,0.0,0.0,0.0,0.86058265,0.0,3.610557318
1772729837.5538447,-0.199345,1.043532,1.10405,0.05363786,0.01552265,-0.00447612,0.99842976,0.107227,0.031482,-0.007277,-1.137388206,-0.141824222,0.040778399,0.024193034,0.615714019,0.012298364,0.036550847,0.015180499,0.998574915,0.0762714,0.427928403,-0.007774565,52419.89454637,51331.452119457,50704.788337477,54672.17663719,-0.16362091,1.045843656,1.102798995,-1.080457349,-0.178436335,0.029693121,0.050314813,-0.122721323,-0.000874028,7.478791162,-1.444537792,-0.450584023,0.065262137,0.012322292,-0.004745514,0.997845418,-0.682426158,0.730339519,1.205728278,0.0,0.0,0.0,0.86058265,0.0,3.610557318
1772729837.5638444,-0.210671,1.042044,1.104485,0.05416579,0.018777,-0.0046656,0.99834449,0.108266,0.038006,-0.007287,-1.134699897,-0.150713353,0.042682578,-0.065735103,0.74029167,-0.089861139,0.035224625,0.012159467,1.000877451,0.029412506,0.39606864,-0.009965935,51768.260089483,51484.764616381,51529.533315256,54632.348940209,-0.182669066,1.044471487,1.103447914,-1.071955084,-0.18944525,0.028494097,0.064109255,-0.117865155,-0.004883429,7.508167775,-1.667357322,-0.432353041,0.065521363,0.014271601,-0.004717357,0.99774166,-0.70157382,0.712510672,1.206600477,0.0,0.0,0.0,0.86058265,0.0,3.610557318
1772729837.573844,-0.222059,1.040539,1.10483,0.05435068,0.02297922,-0.00490487,0.99824541,0.108615,0.046428,-0.007303,-1.130301311,-0.16049856,0.042818611,-0.105755795,0.692154722,-0.154593325,0.03765861,0.009398816,1.002354284,0.01547931,0.333154938,-0.013511805,51378.188534858,51857.806427015,52042.028295207,54387.428349673,-0.198394388,1.042415548,1.103878503,-1.077848326,-0.203325076,0.028107518,0.068613217,-0.124276681,-0.00845874,7.528963759,-1.889679904,-0.409218782,0.065704595,0.016219721,-0.004645585,0.997699063,-0.711021251,0.703155015,1.207043782,0.0,0.0,0.0,0.86058265,0.0,3.610557318
1772729837.583844,-0.23319,1.038818,1.105382,0.05247904,0.02805823,-0.00503631,0.99821507,0.104848,0.056575,-0.007121,-1.1243454,-0.172570289,0.04127265,-0.083839384,0.485243773,-0.132573694,0.036781581,0.019385262,1.00623082,0.057979181,0.234078189,0.004269064,51161.358192435,52632.160070226,52374.938361131,53600.377542842,-0.214273442,1.040272776,1.104417588,-1.080295291,-0.217890624,0.028336539,0.078133819,-0.11530231,0.001610969,7.529500128,-2.12677886,-0.384360877,0.065710384,0.018298252,-0.004564908,0.997662217,-0.720160244,0.693748619,1.207480917,0.0,0.0,0.0,0.86058265,0.0,3.610557318
1772729837.5938437,-0.244483,1.037074,1.105794,0.05107862,0.02948012,-0.006443,0.99823864,0.101954,0.05955,-0.009869,-1.12030305,-0.184504061,0.037811613,0.004461679,0.138635367,-0.090007016,0.036172012,0.029983079,1.006199213,0.106543813,0.120543763,0.011430213,50650.958006333,53343.221093212,52865.33275506,52902.513837257,-0.229465939,1.038090035,1.104938076,-1.079892691,-0.23207361,0.028802699,0.077908132,-0.112944757,-0.003156932,7.55390308,-2.260160191,-0.36009355,0.065920945,0.01947248,-0.00443429,0.99762705,-0.728721472,0.684794014,1.207893905,0.0,0.0,0.0,0.86058265,0.0,3.610557318
1772729837.6038432,-0.255657,1.035148,1.106047,0.05270894,0.02754896,-0.00644695,0.99820903,0.105231,0.055708,-0.009982,-1.117118956,-0.195420796,0.036708407,0.140082326,-0.079120111,-0.042516787,0.037220447,0.022813086,1.003424965,0.162063804,0.041315087,0.002698693,50926.279320018,54254.688062639,52589.476070845,51824.839551145,-0.24256301,1.036031725,1.105465037,-1.077854258,-0.244511589,0.02898447,0.077517072,-0.113011192,-0.007638617,7.595053798,-2.365546365,-0.340562959,0.066277567,0.020399638,-0.004331965,0.997588305,-0.738197571,0.674431182,1.208362032,0.0,0.0,0.0,0.86058265,0.0,3.610557318
1772729837.6138427,-0.266829,1.033143,1.106396,0.05410554,0.02623866,-0.00640673,0.99816986,0.108039,0.0531,-0.009965,-1.110159411,-0.207982949,0.036082999,0.281775575,-0.216263153,-0.004131711,0.038946211,0.005999948,1.007814917,0.21229437,0.078867932,0.007285854,51191.450822761,54106.297387263,52365.572980781,52103.181823891,-0.262090714,1.032659013,1.106156539,-1.073737101,-0.263484179,0.029703406,0.079789473,-0.132503185,-0.002822595,7.734008692,-2.401917649,-0.33223677,0.06748619,0.02071588,-0.004305598,0.997509378,-0.748213808,0.66337214,1.208859415,0.0,0.0,0.0,0.86058265,0.0,3.610557318
1772729837.623844,-0.277881,1.030979,1.106823,0.0555974,0.02557909,-0.00642955,0.99810485,0.111032,0.051799,-0.010004,-1.104011659,-0.218624956,0.035944051,0.360981424,-0.202930809,0.024127615,0.038066534,0.006877156,1.005417151,0.249645143,0.126037469,0.012207511,51555.790527827,54519.945929887,52008.963383838,51596.006065558,-0.274804076,1.03030753,1.106572612,-1.070845694,-0.276140432,0.03009565,0.079967247,-0.131862272,-0.004541992,7.832015288,-2.431386974,-0.32696086,0.068338649,0.020971863,-0.004295144,0.99743604,-0.755610302,0.655004424,1.20923167,0.0,0.0,0.0,0.86058265,0.0,3.610557318
1772729837.6338437,-0.288931,1.028794,1.107169,0.05739702,0.02543849,-0.00656786,0.99800568,0.114634,0.051552,-0.010203,-1.095384145,-0.229904959,0.037597996,0.340585171,-0.068950732,0.027248344,0.035580405,0.022136408,0.997673457,0.259731015,0.146854703,0.010884184,51834.240122623,53321.707984591,51639.245547869,52864.482362907,-0.27938692,1.029405735,1.106725878,-1.069721887,-0.280791596,0.030016794,0.07907651,-0.12019798,-0.008059089,7.888228475,-2.473186138,-0.319982254,0.068826952,0.021337828,-0.004270604,0.997401845,-0.758852771,0.651251761,1.209396975,0.0,0.0,0.0,0.86058265,0.0,3.610557318
1772729837.6438437,-0.299815,1.026414,1.107571,0.05905587,0.02532059,-0.00604749,0.99791518,0.117987,0.051272,-0.009091,-1.088367763,-0.240667731,0.037911147,0.274420195,0.052309884,-0.003712617,0.036293191,0.02782399,0.999019253,0.237358835,0.178826639,0.005970182,51895.758196076,53121.721515229,51527.248506224,53127.853379631,-0.282255067,1.028821559,1.106826985,-1.06898548,-0.283729881,0.029834964,0.079047575,-0.114699836,-0.006981335,7.944443002,-2.514986299,-0.313003483,0.069315266,0.021703802,-0.004246064,0.997367649,-0.760495208,0.649325323,1.209481372,0.0,0.0,0.0,0.86058265,0.0,3.610191355
1772729837.6538434,-0.310575,1.023899,1.107933,0.06019586,0.02560403,-0.00674951,0.99783532,0.120237,0.051933,-0.010401,-1.083591593,-0.250876308,0.036108834,0.226316636,0.126361994,-0.018656106,0.037005959,0.033511436,1.000365017,0.214987188,0.210797813,0.001056297,51890.166539408,53272.95041147,51497.256893187,53034.06604734,-0.285123146,1.028237396,1.106928088,-1.068249091,-0.286668095,0.029653138,0.079018642,-0.109201823,-0.005903607,8.000656189,-2.556785463,-0.306024878,0.069803568,0.022069767,-0.004221524,0.997333453,-0.762137605,0.647398931,1.209565768,0.0,0.0,0.0,0.86058265,0.0,3.609771816
1772729837.6638439,-0.321514,1.021434,1.108287,0.06099829,0.02643229,-0.0064667,0.99776687,0.121858,0.053561,-0.009694,-1.079954216,-0.260341624,0.035714175,0.14845551,0.2171167,-0.017983722,0.037718778,0.03919929,1.001710877,0.192613941,0.242771273,-0.003857939,51884.574482784,53424.190124714,51467.263134931,52940.27200669,-0.28799143,1.027653192,1.1070292,-1.067512649,-0.289606519,0.029471299,0.078989706,-0.103703417,-0.004825802,8.056873396,-2.598587617,-0.299045773,0.070291906,0.022435758,-0.004196982,0.997299256,-0.76378012,0.645472401,1.209650169,0.0,0.0,0.0,0.86058265,0.0,3.609352248
1772729837.6738436,-0.332217,1.01872,1.10862,0.06190095,0.02767855,-0.00664522,0.99767631,0.123655,0.056081,-0.009849,-1.077125153,-0.26989915,0.034524839,0.120500307,0.26894893,-0.02076167,0.039127481,0.032733336,0.999717408,0.180411923,0.262736359,-0.009340308,51878.982826116,53575.419020955,51437.271521895,52846.484674399,-0.296500152,1.025855647,1.107306785,-1.065201949,-0.298440514,0.028880635,0.084358885,-0.110110116,-0.009613277,8.113086583,-2.640386781,-0.292067168,0.070780208,0.022801723,-0.004172443,0.997265061,-0.768331814,0.64003389,1.209886546,0.0,0.0,0.0,0.86058265,0.0,3.60893271
1772729837.6838431,-0.342977,1.01596,1.108987,0.06222217,0.02922283,-0.00671738,0.9976118,0.124291,0.059177,-0.009783,-1.073548673,-0.280093721,0.034014757,0.112250399,0.286484001,-0.0289324,0.03650865,0.014681375,1.0005931,0.156590958,0.2822715,-0.014142475,51926.274811966,52821.980669819,51418.449175589,53654.059509518,-0.307180138,1.02347855,1.107666815,-1.061942448,-0.309751732,0.027874212,0.083421295,-0.126656046,-0.006981601,8.170568879,-2.688678168,-0.28482221,0.071279511,0.023224305,-0.004150017,0.997095403,-0.774451556,0.632614452,1.21020717,0.0,0.0,0.0,0.86058265,0.0,3.608513182
1772729837.693843,-0.353761,1.013158,1.109322,0.06252679,0.03091234,-0.00672341,0.99754179,0.124899,0.062554,-0.009567,-1.066272656,-0.292147093,0.034515612,0.103716413,0.263359883,-0.028827072,0.032479619,0.00894324,1.0089457,0.095396459,0.310052677,-0.012879741,51792.975166316,53201.814657508,51582.477539168,53314.049515678,-0.321143703,1.020146166,1.108135664,-1.056883637,-0.325150378,0.027478145,0.084422833,-0.138351181,-0.00205988,8.253572014,-2.867399706,-0.272223535,0.072000015,0.024784326,-0.004170039,0.997067064,-0.781900471,0.623389741,1.210602414,0.0,0.0,0.0,0.86058265,0.0,3.608093644
1772729837.703843,-0.364329,1.010175,1.109695,0.06276941,0.03265965,-0.00636924,0.9974732,0.125406,0.066002,-0.008625,-1.056815926,-0.304797629,0.034916175,0.085036841,0.251304806,-0.018873719,0.033075322,0.021065165,1.007860711,0.067596664,0.313971325,-0.007245086,51570.39835746,52981.561989299,51843.831722593,53505.373885271,-0.331110508,1.01770303,1.108463265,-1.053150935,-0.33606108,0.027396355,0.0870196,-0.129139449,-0.004785763,8.320382409,-3.039787157,-0.258900019,0.072579187,0.026290259,-0.004176861,0.996954208,-0.788302338,0.615275847,1.210946933,0.0,0.0,0.0,0.86058265,0.0,3.607674085
1772729837.7138426,-0.374915,1.007064,1.109952,0.06443426,0.03287582,-0.00690392,0.99735638,0.128713,0.066517,-0.009556,-1.049904711,-0.315621435,0.035589972,0.033999399,0.329297735,0.020156685,0.034338086,0.033726569,1.007015175,0.044446796,0.306218409,-0.009400447,51019.80204488,52949.378634535,52310.055456469,53648.024430711,-0.34040073,1.015283866,1.108759906,-1.049231995,-0.346438789,0.027096983,0.091482129,-0.11309633,-0.002976177,8.348429703,-3.191346612,-0.244189536,0.072820032,0.0276172,-0.004151423,0.996955958,-0.793680635,0.608317951,1.211240012,0.0,0.0,0.0,0.86058265,0.0,3.607254557
1772729837.7238429,-0.385301,1.003791,1.110412,0.06377697,0.03447254,-0.00689817,0.99734475,0.127392,0.069698,-0.009386,-1.040071641,-0.328781918,0.035787447,-0.00616096,0.35429977,0.048349374,0.037915959,0.037740954,1.006026113,0.011946753,0.282840547,-0.015719288,50745.220365982,53078.310328349,52539.151351028,53591.98598196,-0.349429982,1.012855034,1.109054924,-1.045237026,-0.356532576,0.02685142,0.097513494,-0.109364053,-0.003984138,8.364622526,-3.323457464,-0.229854936,0.072957409,0.028775098,-0.004114551,0.996865582,-0.799735414,0.600215942,1.211577163,0.0,0.0,0.0,0.86058265,0.0,3.606834999
1772729837.7338428,-0.395626,1.000468,1.11075,0.06342613,0.03632318,-0.0063606,0.99730502,0.126727,0.073323,-0.008101,-1.032926432,-0.339571633,0.036473792,-0.065241334,0.433341076,0.054742066,0.037337489,0.030849174,1.002538467,-0.015439986,0.239388816,-0.01814204,50777.339920658,52961.048829464,52524.04060143,53816.659540601,-0.360786152,1.009618609,1.109413109,-1.039769075,-0.369158854,0.026421743,0.099163036,-0.116801583,-0.011154816,8.362168209,-3.501995915,-0.21656146,0.072932265,0.030336855,-0.004111721,0.996867135,-0.806226367,0.591425012,1.211941439,0.0,0.0,0.0,0.86058265,0.0,3.606415451
1772729837.743843,-0.405966,0.997046,1.111109,0.0629823,0.03955208,-0.00519207,0.99721708,0.125934,0.079622,-0.00539,-1.027060711,-0.349252237,0.038459633,-0.143925711,0.462223444,0.032512301,0.039330276,0.02533196,1.009160717,-0.017082921,0.197627408,-0.012266922,51241.244497743,53755.501410835,52128.820541761,52917.182844244,-0.373893351,1.005792983,1.109817431,-1.033235507,-0.383694176,0.025841855,0.101983587,-0.118390474,-0.000367028,8.339660415,-3.658708645,-0.207730373,0.072733476,0.031706557,-0.004128193,0.996839876,-0.812717475,0.582633871,1.212305723,0.0,0.0,0.0,0.86058265,0.0,3.605995892
1772729837.7538433,-0.416269,0.993519,1.111495,0.06196911,0.04296663,-0.00497649,0.99714038,0.123934,0.086412,-0.004617,-1.019630673,-0.359211415,0.039934032,-0.214099783,0.486711694,-0.026434619,0.033028912,0.028239387,1.022661692,-0.006077034,0.18096505,-0.012931328,50999.362231216,53420.589233665,52377.151334966,53354.728326588,-0.386141008,1.002182154,1.110203139,-1.027025113,-0.397337109,0.025526512,0.102476751,-0.116872639,0.005975526,8.312468963,-3.796511323,-0.201527527,0.072494454,0.032910217,-0.004153652,0.996805656,-0.818732404,0.574171046,1.212651903,0.0,0.0,0.0,0.86058265,0.0,3.605576334
1772729837.7638428,-0.426308,0.989781,1.111862,0.06175669,0.04254677,-0.00548982,0.99716886,0.123461,0.085635,-0.005714,-1.013253181,-0.369380073,0.039423756,-0.22779809,0.479717943,-0.093505753,0.030502232,0.029328268,1.020733737,-0.006856933,0.180502436,-0.014299376,50834.501457386,53314.407718316,52416.27084062,53478.37390696,-0.393565624,0.999776623,1.110484394,-1.022628229,-0.405972623,0.026695322,0.101347204,-0.11510059,0.007543269,8.291118699,-3.905997064,-0.196890536,0.072306771,0.033866335,-0.004176301,0.996772834,-0.823269417,0.56763195,1.212917177,0.0,0.0,0.0,0.86058265,0.0,3.605424879
1772729837.773843,-0.436499,0.986136,1.112308,0.05999498,0.04701403,-0.00592913,0.99707328,0.119903,0.094605,-0.00621,-1.003769469,-0.381716448,0.040077602,-0.241408155,0.479386029,-0.147499655,0.030848753,0.027529891,1.014596441,-0.010966748,0.182137727,-0.013910775,51079.755783964,53408.370439202,52095.650496852,53449.263559129,-0.400918502,0.997296419,1.110754096,-1.018078492,-0.414394884,0.027112908,0.102071039,-0.115258527,0.004042285,8.275481975,-3.980241233,-0.19447635,0.07216954,0.034514264,-0.004197378,0.996765778,-0.827340181,0.561680377,1.213157541,0.0,0.0,0.0,0.86058265,0.0,3.605927797
1772729837.7838428,-0.446446,0.982218,1.112772,0.05820673,0.04765021,-0.00671057,0.99714412,0.116237,0.095957,-0.007872,-0.993519731,-0.394328232,0.040140481,-0.216778118,0.434173792,-0.159088752,0.031195259,0.0257316,1.008459438,-0.015076366,0.183772939,-0.013522193,51038.91155174,53419.852127952,52178.63267239,53384.685771898,-0.40824711,0.994791676,1.111019955,-1.013478488,-0.422745964,0.027281831,0.104913495,-0.117796796,-0.004173386,8.255533921,-4.033818552,-0.194713611,0.071995698,0.034980901,-0.004226998,0.996758723,-0.831223302,0.555926812,1.21338893,0.0,0.0,0.0,0.86058265,0.0,3.606430691
1772729837.7938433,-0.456324,0.978233,1.113082,0.05735442,0.05132953,-0.00737015,0.99700623,0.114468,0.103381,-0.008856,-0.984067333,-0.407083663,0.03896313,-0.153983427,0.392534245,-0.154918598,0.030672381,0.024309246,1.015220484,-0.015313009,0.174523869,-0.003356271,50840.561513709,53358.096799788,52461.673366834,53360.712664198,-0.415576243,0.992286755,1.111285833,-1.008878156,-0.43109764,0.027450766,0.106643707,-0.120806836,0.000759022,8.231320125,-4.106190615,-0.193678626,0.071784201,0.035611979,-0.004255871,0.996755762,-0.835250558,0.549860206,1.213631589,0.0,0.0,0.0,0.86058265,0.0,3.606933621
1772729837.8038433,-0.466173,0.974107,1.11345,0.05719286,0.05311653,-0.00717891,0.9969233,0.11417,0.106931,-0.008285,-0.971923887,-0.420223672,0.040152136,-0.104796081,0.283297822,-0.078233769,0.032255629,0.022811779,1.020572013,-0.014123405,0.168462509,-0.002039389,50626.445031899,53100.40668288,52657.730781432,53739.129674668,-0.424236604,0.989128233,1.111600824,-1.003183021,-0.441126631,0.027986922,0.108373837,-0.123816731,0.005691194,8.20272295,-4.204097074,-0.188068357,0.071532872,0.036468185,-0.004259195,0.996763693,-0.839497922,0.543340875,1.213890949,0.0,0.0,0.0,0.86058265,0.0,3.607436527
1772729837.813844,-0.475765,0.969783,1.11389,0.05687069,0.05368747,-0.00782918,0.99690626,0.113453,0.108144,-0.009559,-0.961818303,-0.431289572,0.040271678,-0.015234635,0.012554305,0.007626805,0.034032384,0.023237602,1.020727521,-0.01118625,0.164231206,-0.01017426,50804.60205844,53113.713016813,52387.168658137,53776.091713369,-0.432999763,0.985855066,1.111932872,-0.995649239,-0.451100692,0.028759715,0.109988737,-0.123362492,0.006987259,8.18043761,-4.284005057,-0.179182531,0.071335461,0.037169629,-0.004224508,0.996750944,-0.844086774,0.536183335,1.214174364,0.0,0.0,0.0,0.86058265,0.0,3.607939469
1772729837.8238435,-0.485386,0.965452,1.114322,0.05684996,0.05270849,-0.00790165,0.99695911,0.113402,0.106194,-0.009818,-0.955232069,-0.438900457,0.041635471,0.042652537,-0.235895521,0.105945168,0.031029295,0.036034775,1.017512175,-0.002008754,0.149606083,-0.026066296,50736.683245598,52982.363042294,52343.492285351,53911.842439644,-0.442845462,0.982116197,1.112338479,-0.987052547,-0.462053879,0.029720179,0.113224551,-0.117093265,0.003562416,8.149078772,-4.384986667,-0.171677857,0.071059208,0.038053814,-0.004211587,0.996737313,-0.849398192,0.527729599,1.214507191,0.0,0.0,0.0,0.86058265,0.0,3.60844235
1772729837.8338437,-0.494877,0.961003,1.114684,0.05706672,0.05214463,-0.00777261,0.99697739,0.11385,0.105054,-0.0096,-0.948509102,-0.44697395,0.043076323,0.061132372,-0.502951565,0.168179543,0.036688428,0.043207403,1.015433979,-0.017358237,0.127865658,-0.015196315,50047.519808641,53068.845716849,52820.046195246,53827.037524294,-0.455381313,0.977150134,1.112905396,-0.976915604,-0.476173737,0.031010226,0.119875022,-0.109486021,0.001369722,8.119943572,-4.501217898,-0.176758372,0.070806248,0.039062753,-0.004317788,0.996715954,-0.855658117,0.517521805,1.214906388,0.0,0.0,0.0,0.86058265,0.0,3.608945268
1772729837.843844,-0.504201,0.956471,1.115232,0.05683986,0.04870701,-0.00521414,0.99718086,0.113639,0.097888,-0.004885,-0.942102763,-0.455839615,0.042668164,0.052848933,-0.603720058,0.173332772,0.03697253,0.032936486,1.009724744,-0.032198287,0.095046141,-0.017064929,50144.266108536,53174.550007475,52683.884736134,53580.69277919,-0.464405287,0.973396492,1.113264571,-0.969672957,-0.486381417,0.031061137,0.116325679,-0.111002988,-0.005114117,8.094395342,-4.580171673,-0.177452528,0.070583403,0.039750043,-0.004363613,0.996702783,-0.860940818,0.508685936,1.215249514,0.0,0.0,0.0,0.86058265,0.0,3.609448186
1772729837.8538444,-0.513817,0.951968,1.115517,0.05834598,0.04422368,-0.00560066,0.99730068,0.116606,0.08898,-0.006034,-0.934212274,-0.466431719,0.040917658,0.020665391,-0.500504558,0.149063142,0.035716741,0.018397006,1.018742728,-0.035394059,0.107553677,-0.006235271,50583.430457904,53166.205289268,52361.235768586,53551.392947643,-0.477599461,0.967662847,1.113780958,-0.958996305,-0.501481159,0.031085535,0.115893358,-0.122760306,0.00823506,8.043397182,-4.669261174,-0.182215004,0.070140523,0.040523998,-0.004441464,0.996696894,-0.86733129,0.497730373,1.215672229,0.0,0.0,0.0,0.86058265,0.0,3.609951116
1772729837.8638449,-0.523048,0.947219,1.116005,0.05815597,0.04160387,-0.00468599,0.99742922,0.116291,0.083636,-0.004525,-0.924114731,-0.478950321,0.042301808,-0.03251413,-0.460442481,0.075147752,0.027163561,0.027768117,1.01309942,-0.014575972,0.087984284,-0.00323943,50674.41999208,53125.023668088,52209.134251171,53515.176112936,-0.489351198,0.962236555,1.11429735,-0.948885712,-0.515384426,0.03220316,0.1118679,-0.115278883,0.00061085,7.992399022,-4.758350675,-0.18697748,0.069697642,0.041297953,-0.004519315,0.996700289,-0.873966732,0.485924353,1.216123686,0.0,0.0,0.0,0.86058265,0.0,3.610454046
1772729837.873838,-0.532223,0.942343,1.116421,0.05734213,0.04030026,-0.00517663,0.99752743,0.11461,0.081084,-0.005725,-0.914331136,-0.490614532,0.041777371,-0.076982916,-0.329551006,0.020693004,0.024158598,0.049771695,1.006517689,-0.025047469,0.091378465,-0.013079769,50631.225751684,53015.103510598,52253.28594118,53567.972890082,-0.499124049,0.957582271,1.11472548,-0.940426103,-0.526781963,0.032240436,0.109018764,-0.093103645,-0.002911471,7.965509224,-4.804744253,-0.186847384,0.069463187,0.041702626,-0.004536453,0.996701034,-0.878856526,0.476996267,1.216463038,0.0,0.0,0.0,0.86058265,0.0,3.610557318
1772729837.8838384,-0.541286,0.937334,1.116809,0.0567304,0.0405066,-0.00540347,0.99755285,0.113364,0.081518,-0.006205,-0.903441907,-0.502385036,0.040780944,-0.096142586,-0.155095805,-0.017832237,0.027564287,0.027217403,1.006365329,-0.028742902,0.073852743,0.000903239,50231.831907182,53097.096872431,52553.88076377,53531.825031761,-0.508225632,0.953102754,1.115143017,-0.932315034,-0.537396364,0.03205036,0.112281252,-0.104752775,-0.002661239,7.93917383,-4.850155052,-0.186600546,0.069233524,0.042098802,-0.004552156,0.996700353,-0.883291304,0.468801627,1.216773671,0.0,0.0,0.0,0.86058265,0.0,3.610557318
1772729837.893839,-0.550223,0.932272,1.117184,0.05621673,0.04132278,-0.005057,0.99755027,0.112363,0.083107,-0.005462,-0.892132786,-0.513570964,0.040750408,-0.098068987,-0.009589846,0.004093117,0.03080809,0.013985983,1.010326573,-0.038730725,0.044256649,-0.001713341,49930.10611645,52966.616642171,52804.150322216,53733.256438666,-0.515904099,0.949256138,1.115508251,-0.925485562,-0.546277212,0.032031582,0.11566777,-0.124524903,-0.005618137,7.907360661,-4.89070591,-0.185550502,0.068955969,0.042453406,-0.004555732,0.996703793,-0.887051464,0.461659443,1.217042742,0.0,0.0,0.0,0.86058265,0.0,3.610557318
1772729837.9038386,-0.559173,0.927108,1.117742,0.05599856,0.03607079,-0.00532867,0.99776483,0.11189,0.072641,-0.006611,-0.883587478,-0.523401723,0.039171366,-0.059077741,0.092403462,-0.000164207,0.03458679,0.019571757,1.016342039,-0.052715545,0.012011408,-0.002584617,50227.02580429,52827.495392091,52600.937520945,53798.37246565,-0.524352863,0.945118173,1.115869923,-0.918373773,-0.555400736,0.032083809,0.121538355,-0.122093904,0.001524914,7.865618112,-4.919788651,-0.185141264,0.068592407,0.042708274,-0.004554092,0.996716587,-0.891076711,0.453851577,1.21733548,0.0,0.0,0.0,0.86058265,0.0,3.610557318
1772729837.913839,-0.567985,0.921861,1.117952,0.05604738,0.04033254,-0.00464013,0.99760235,0.112053,0.081081,-0.004753,-0.8751101,-0.533121313,0.03790767,0.000261204,0.126560303,-0.004600239,0.034576051,0.027316173,1.013213471,-0.053676276,0.019788928,0.001745065,50507.700962317,52871.571814012,52379.606529364,53640.901429985,-0.532038816,0.941720409,1.116316693,-0.911738726,-0.561953986,0.033100941,0.122151383,-0.111171309,0.001466257,7.824420257,-4.932793748,-0.185759074,0.068234143,0.042822663,-0.00455185,0.996735976,-0.894779663,0.446491505,1.217610149,0.0,0.0,0.0,0.86058265,0.0,3.610557318
1772729837.9238398,-0.576652,0.916435,1.118395,0.05604325,0.04104907,-0.00524692,0.99757035,0.111998,0.082581,-0.005887,-0.867087968,-0.543071769,0.037294869,0.044202811,0.144864139,-0.037121656,0.030070751,0.034741627,1.00500774,-0.035572037,0.037384142,0.009362922,50728.012716971,53318.231261804,52227.953574962,52949.031981293,-0.538949424,0.937415506,1.116569995,-0.905360938,-0.572091625,0.032715375,0.11639418,-0.101007812,-0.005702524,7.789267893,-4.940070333,-0.18546434,0.067928184,0.042887525,-0.004540455,0.9967535,-0.898172333,0.439615629,1.217865727,0.0,0.0,0.0,0.86058265,0.0,3.610557318
1772729837.9338403,-0.585236,0.910931,1.118769,0.05584696,0.04261604,-0.00511407,0.99751633,0.111621,0.085696,-0.005463,-0.857788405,-0.553022478,0.037046073,0.059209724,0.154157625,-0.057451266,0.024301806,0.040608084,0.997454948,-0.007505645,0.050498839,0.016947712,50601.354691389,53400.560987083,52373.640878888,52868.709539583,-0.546394004,0.933065569,1.116881622,-0.898540608,-0.581478146,0.031786185,0.111775887,-0.096423003,-0.011569112,7.755831551,-4.953038329,-0.181660315,0.067635758,0.0430039,-0.004502493,0.996769624,-0.901774609,0.432179127,1.218141144,0.0,0.0,0.0,0.86058265,0.0,3.610557318
1772729837.9438403,-0.593769,0.905362,1.119152,0.05613634,0.04262435,-0.00541059,0.99749817,0.112177,0.085748,-0.006031,-0.848108443,-0.562413435,0.037565887,0.030501422,0.133260177,-0.050896538,0.030185631,0.031698577,1.00500769,-0.012559927,0.050987782,0.013190558,50826.211614,53379.305629038,52201.460888525,52892.732095618,-0.55278951,0.929406025,1.117160601,-0.892598939,-0.588956241,0.031027258,0.115901655,-0.102996082,-0.007704839,7.732345621,-4.974794049,-0.172490071,0.067427752,0.043199461,-0.00442668,0.99677656,-0.90517858,0.42501169,1.218405616,0.0,0.0,0.0,0.86058265,0.0,3.610557318
1772729837.9538407,-0.602332,0.899747,1.11946,0.05741438,0.04132622,-0.00613902,0.99747584,0.114679,0.083245,-0.007528,-0.839069973,-0.571371893,0.03898407,-0.027612005,0.014344265,-0.023958558,0.029461248,0.028424678,1.004518929,-0.03664361,0.031938485,0.010449294,51168.252219822,53173.658769117,51906.41992277,53098.30996793,-0.55785298,0.926454253,1.117375374,-0.88776668,-0.594931309,0.030700907,0.117719327,-0.107317312,-0.004524031,7.627145585,-5.109759433,-0.14472872,0.066499548,0.044393258,-0.004221302,0.996789254,-0.907593265,0.419829263,1.2185962,0.0,0.0,0.0,0.86058265,0.0,3.610557318
1772729837.9638405,-0.610607,0.893949,1.119935,0.05654061,0.04259022,-0.00587074,0.99747419,0.11295,0.085734,-0.006921,-0.829575422,-0.580433673,0.037675502,-0.088355179,0.043022614,0.025817513,0.028736916,0.025151012,1.004030204,-0.060725571,0.01289055,0.007708226,51012.240460763,52165.758753845,51969.556646377,54190.849793835,-0.568281315,0.919939741,1.117844313,-0.86668338,-0.600988295,0.029849288,0.116619388,-0.107843269,-0.009548473,7.479536442,-5.302082471,-0.107791796,0.065197768,0.046092704,-0.003952008,0.996817957,-0.912108969,0.409497583,1.218972111,0.0,0.0,0.0,0.86058265,0.0,3.610557318
1772729837.9738407,-0.618799,0.888094,1.120291,0.05559451,0.04303113,-0.00552183,0.99751044,0.11108,0.08657,-0.006255,-0.819554569,-0.591079798,0.037976959,-0.148275515,0.035723398,0.050062021,0.03210242,0.02658833,1.008572685,-0.09208833,0.004634414,0.003961125,50856.221262299,51157.810676964,52032.696380653,55283.44171739,-0.580560693,0.912196003,1.118400946,-0.839993731,-0.607073973,0.028816447,0.120856133,-0.104516722,-0.009170312,7.374729519,-5.411817111,-0.085737755,0.064275672,0.047063696,-0.003781987,0.99684359,-0.918017447,0.395752512,1.219470874,0.0,0.0,0.0,0.86058265,0.0,3.610557318
1772729837.9838407,-0.626981,0.882133,1.120661,0.05453845,0.04351747,-0.00509981,0.99754989,0.108998,0.08749,-0.005449,-0.810429211,-0.601248806,0.03723805,-0.175577251,0.037843605,0.070284499,0.035392637,0.029066635,1.009574552,-0.124327971,0.004226379,0.006544787,50047.146295158,50925.324142046,52844.310038694,55504.306856399,-0.592839778,0.904452451,1.118957566,-0.813304718,-0.613159505,0.027783632,0.125092777,-0.101190255,-0.008792159,7.365587492,-5.336975009,-0.096945755,0.064202186,0.046406663,-0.003833837,0.996850134,-0.923925785,0.382007769,1.219969625,0.0,0.0,0.0,0.86058265,0.0,3.610557318
1772729837.9938412,-0.635049,0.87609,1.12101,0.05387549,0.04308019,-0.00462765,0.99760719,0.107705,0.086561,-0.004608,-0.803088645,-0.610878729,0.036502152,-0.143610561,-0.036757365,0.063082553,0.034466096,0.028482289,0.999901307,-0.150673206,0.005496548,0.020211863,49699.380796699,51339.372290113,53273.674940486,55055.276908427,-0.6023915,0.898256307,1.119372677,-0.797789827,-0.620649527,0.026983445,0.127586879,-0.097214044,-0.008104945,7.321505911,-5.316561851,-0.101295196,0.063820842,0.046228131,-0.003842486,0.996877565,-0.928985244,0.37009619,1.220401079,0.0,0.0,0.0,0.86058265,0.0,3.610557318
1772729838.0038407,-0.643049,0.86992,1.121392,0.05361902,0.04244381,-0.00431151,0.99764971,0.107214,0.085254,-0.004066,-0.797418146,-0.619400804,0.035279482,-0.064030416,-0.107672652,0.038158116,0.025845042,0.03890705,1.003351067,-0.131577939,-0.030145512,0.035134831,49591.700268097,52051.271313673,53484.539410188,54310.462198391,-0.608882996,0.893795333,1.119629143,-0.794824005,-0.629723369,0.026445824,0.118168845,-0.088798209,-0.005305446,7.261197785,-5.299845693,-0.099330219,0.0632957,0.046085785,-0.003791848,0.996915945,-0.931621997,0.363416696,1.220640462,0.0,0.0,0.0,0.86058265,0.0,3.610557318
1772729838.0138412,-0.650967,0.863649,1.121748,0.05314716,0.04210132,-0.004472,0.99768876,0.106251,0.084584,-0.004464,-0.787399683,-0.629956525,0.036109261,-0.000584417,-0.187539426,0.021731517,0.024438626,0.04110019,1.007615813,-0.095649279,-0.082222005,0.036022008,49498.823228864,52607.320979655,53600.83990818,53774.183565042,-0.617473761,0.887679508,1.120041479,-0.788906574,-0.641466574,0.026322928,0.115185375,-0.084779359,-0.000516586,7.194475424,-5.27551415,-0.091416569,0.062712493,0.045880621,-0.003682884,0.996962104,-0.934656262,0.355527399,1.220922245,0.0,0.0,0.0,0.86058265,0.0,3.610557318
1772729838.0238416,-0.658834,0.857354,1.122085,0.0535132,0.04119147,-0.00437643,0.9977076,0.10699,0.082757,-0.004339,-0.7791603,-0.639047618,0.035232085,0.039977374,-0.246041476,0.008872113,0.026765519,0.034471115,1.009749466,-0.046810058,-0.138959641,0.033530933,49630.049371517,53036.717765971,53592.298561617,53260.149799145,-0.624109662,0.88282288,1.120347637,-0.783411569,-0.65031172,0.02640305,0.118367489,-0.092855225,-0.002550953,7.136683857,-5.234244509,-0.081191097,0.062206365,0.045528969,-0.003548378,0.997008155,-0.937704548,0.347399811,1.221211595,0.0,0.0,0.0,0.86058265,0.0,3.610557318
1772729838.0338416,-0.666604,0.850911,1.122463,0.05386212,0.03940154,-0.00449604,0.99776058,0.107673,0.079194,-0.004742,-0.772275756,-0.647436942,0.035809611,0.085318491,-0.260747994,0.010094511,0.026832562,0.035759425,1.008157242,0.004303256,-0.185194234,0.033960009,49632.56461793,53144.861980922,53612.067753335,53120.976162755,-0.630632574,0.877965192,1.120648639,-0.777727291,-0.658883758,0.026520447,0.120665768,-0.100690396,-0.006445194,7.096087632,-5.168272932,-0.074445327,0.06185171,0.044959857,-0.003437951,0.997056252,-0.940502535,0.339750477,1.221483076,0.0,0.0,0.0,0.86058265,0.0,3.610557318
1772729838.0438416,-0.674257,0.844398,1.122808,0.05434891,0.03901959,-0.00437293,0.99774974,0.108659,0.078419,-0.004499,-0.76542101,-0.655422886,0.036774064,0.145727605,-0.269205737,0.015878696,0.025176773,0.059533002,1.002705937,0.041034652,-0.210963994,0.028456265,49753.132742583,53605.964599039,53519.930167967,52620.937530309,-0.635465873,0.874318006,1.120870475,-0.773405929,-0.665180222,0.026552666,0.118624447,-0.099723499,-0.006624098,7.083968404,-5.072603697,-0.068551072,0.061745755,0.044130945,-0.003330416,0.997103078,-0.942597988,0.333920994,1.221689548,0.0,0.0,0.0,0.86058265,0.0,3.610557318
1772729838.053841,-0.681759,0.837717,1.123189,0.055138,0.0358928,-0.00448971,0.99782331,0.110223,0.072187,-0.005015,-0.759413622,-0.663057353,0.036623267,0.231583339,-0.247698752,0.040798092,0.024822416,0.058165041,1.002341134,0.052070113,-0.217875222,0.03031937,49826.683710985,53835.57142517,53467.581445076,52367.64206932,-0.638075307,0.872310165,1.120987815,-0.771025934,-0.668548685,0.026452063,0.116583224,-0.098756648,-0.006802994,7.083587698,-5.033919981,-0.06770657,0.061742828,0.043794804,-0.003302069,0.997123056,-0.943325745,0.331837616,1.221763124,0.0,0.0,0.0,0.86058265,0.0,3.610557318
1772729838.0638416,-0.689508,0.831148,1.123506,0.0556746,0.03636811,-0.0044209,0.99777661,0.111307,0.073132,-0.004785,-0.752933915,-0.670914393,0.036898559,0.240969455,-0.116250567,0.043618048,0.024468026,0.056796949,1.001976297,0.063106626,-0.224787109,0.032182653,49824.486403597,53781.437761332,53478.567982018,52413.785524474,-0.64068499,0.870302132,1.121105166,-0.768645711,-0.67191747,0.026351451,0.114541805,-0.097789704,-0.006981906,7.085431932,-5.00641434,-0.067844982,0.061759432,0.043555331,-0.003289158,0.997132468,-0.944053571,0.329754038,1.221836706,0.0,0.0,0.0,0.86058265,0.0,3.610557318
1772729838.0738416,-0.696958,0.824381,1.123977,0.05751599,0.03599264,-0.00422719,0.99768661,0.115015,0.072368,-0.004306,-0.746779908,-0.678465973,0.037761303,0.156554123,0.054781517,0.011811514,0.024113652,0.055428922,1.001611477,0.074142613,-0.231698666,0.034045848,49822.289200979,53727.306678668,53489.553995104,52459.926779438,-0.643312607,0.868261634,1.121224559,-0.766251185,-0.675313638,0.026226434,0.112500484,-0.096822807,-0.007160811,7.087276077,-4.978910011,-0.067983388,0.061776035,0.043315868,-0.003276248,0.99714188,-0.944781363,0.32767056,1.221910285,0.0,0.0,0.0,0.86058265,0.0,3.610557318
1772729838.0838416,-0.704362,0.81754,1.124302,0.05867657,0.0356466,-0.00429832,0.99763115,0.117338,0.07169,-0.004404,-0.739589497,-0.687494576,0.037784962,0.006824019,0.231463025,-0.045228346,0.023759279,0.054060895,1.001246657,0.085178601,-0.238610224,0.035909042,49820.091998362,53673.175596003,53500.540008191,52506.068034403,-0.645976173,0.866156312,1.121348029,-0.763827957,-0.678764641,0.026052822,0.110459163,-0.09585591,-0.007339715,7.089120222,-4.951405681,-0.068121794,0.061792638,0.043076406,-0.003263338,0.997151291,-0.945509155,0.325587082,1.221983863,0.0,0.0,0.0,0.86058265,0.0,3.610557318
1772729838.0938413,-0.71173,0.810636,1.124603,0.05903572,0.03721241,-0.0038651,0.99755455,0.118099,0.074769,-0.003327,-0.730352756,-0.69746605,0.036508426,-0.167901706,0.395759034,-0.095346227,0.023641331,0.049662616,1.001514451,0.091237634,-0.243830483,0.036402029,49817.89484813,53619.045803926,53511.525759351,52552.208189273,-0.648639677,0.86405104,1.121471495,-0.761404787,-0.682215563,0.025879214,0.108417891,-0.094889036,-0.007518615,7.091255583,-4.92338739,-0.068246487,0.061811779,0.04283247,-0.003250135,0.997160702,-0.947078416,0.3209635,1.22214663,0.0,0.0,0.0,0.86058265,0.0,3.610557318
1772729838.1038415,-0.718959,0.803589,1.125064,0.05612201,0.04097544,-0.0047825,0.99757128,0.112194,0.082382,-0.004959,-0.720503251,-0.708421985,0.034744691,-0.303575897,0.419559691,-0.129016559,0.023753884,0.042309612,1.002399044,0.092444702,-0.247402143,0.035559135,49758.115997694,53554.693312126,53558.134007515,52624.876271905,-0.651670014,0.861619377,1.121609959,-0.758672681,-0.686166925,0.025719512,0.106376521,-0.093922116,-0.007697523,7.101764013,-4.880573802,-0.06797706,0.061903884,0.042459754,-0.003228527,0.997170791,-0.948951124,0.315416855,1.222341783,0.0,0.0,0.0,0.86058265,0.0,3.610557318
1772729838.1138415,-0.726182,0.796477,1.125413,0.0537592,0.0427024,-0.00579382,0.99762362,0.10737,0.085931,-0.006995,-0.713745222,-0.717382852,0.031490978,-0.362574767,0.435463779,-0.135205947,0.023866434,0.034956782,1.003283616,0.093651742,-0.250973717,0.034716262,49658.776776846,53483.320558145,53629.215444133,52715.76728922,-0.655395936,0.858568785,1.12177686,-0.755354795,-0.691067236,0.025586213,0.105587198,-0.093063979,-0.007271794,7.112272192,-4.837761235,-0.06770764,0.061995988,0.042087046,-0.003206919,0.997180958,-0.951394069,0.307405497,1.222620986,0.0,0.0,0.0,0.86058265,0.0,3.610557318
1772729838.1238413,-0.733252,0.789233,1.125653,0.05259565,0.04482072,-0.00600427,0.99759147,0.105019,0.090179,-0.007295,-0.705583152,-0.726872352,0.029611625,-0.312689238,0.333190786,-0.103946028,0.023635651,0.034737002,1.004154231,0.086661768,-0.245892976,0.031485575,49559.439924432,53411.949505824,53700.295186037,52806.656139522,-0.65912177,0.855518266,1.121943757,-0.752036988,-0.69596743,0.025452917,0.105706174,-0.092284765,-0.006407436,7.122780122,-4.794949689,-0.067438226,0.062088088,0.041714348,-0.003185311,0.997191126,-0.953836955,0.29939433,1.222900183,0.0,0.0,0.0,0.86058265,0.0,3.610557318
1772729838.1338415,-0.740237,0.781922,1.125941,0.05142093,0.04605534,-0.00592968,0.99759693,0.102668,0.092632,-0.007125,-0.698555134,-0.735344718,0.026467314,-0.196580395,0.194718699,-0.048607852,0.023245019,0.037837935,1.0050184,0.075855337,-0.236783928,0.027143072,49455.285427984,53395.376667897,53772.216286061,52845.819998945,-0.662847781,0.852467601,1.122110662,-0.748719023,-0.700867858,0.025319614,0.105825156,-0.091505514,-0.005543036,7.146423915,-4.698296491,-0.068429936,0.062295858,0.040872048,-0.003149986,0.99721317,-0.956279958,0.291382781,1.223179393,0.0,0.0,0.0,0.86058265,0.0,3.610557318
1772729838.1438415,-0.747211,0.774524,1.126207,0.05097889,0.04606947,-0.00607693,0.99761808,0.101766,0.092672,-0.00746,-0.691969017,-0.743960694,0.024275023,-0.090558155,0.108916323,0.015117978,0.026851133,0.041229481,0.999000276,0.050966662,-0.227115117,0.019275648,49427.107817078,53621.160571196,53761.100463709,52659.670029685,-0.667290766,0.848793334,1.122311711,-0.74480404,-0.706728604,0.025111719,0.103883745,-0.088513951,-0.003769945,7.181401477,-4.538511383,-0.073088877,0.062604529,0.039478014,-0.003115816,0.997249823,-0.958722903,0.283371423,1.223458596,0.0,0.0,0.0,0.86058265,0.0,3.610557318
1772729838.1538413,-0.754116,0.767065,1.126421,0.05059075,0.04738682,-0.00593986,0.99757696,0.101002,0.095289,-0.007088,-0.685996458,-0.751988926,0.024436775,-0.062273561,0.066816319,0.032422501,0.02784008,0.045674174,1.004671333,0.007331574,-0.182393555,0.011932349,49671.527159425,53679.964168253,53517.472840575,52641.131279211,-0.679085393,0.838670718,1.12285267,-0.734716403,-0.722454588,0.024046793,0.101857052,-0.085430838,-0.001959263,7.197733323,-4.328861642,-0.086207437,0.062754175,0.037645803,-0.003120941,0.997309902,-0.961165789,0.275360256,1.223737793,0.0,0.0,0.0,0.86058265,0.0,3.610557318
1772729838.163841,-0.760929,0.759491,1.1267,0.05029925,0.04655637,-0.00568385,0.99763229,0.100439,0.093601,-0.006687,-0.680588528,-0.759440856,0.024193593,-0.038366309,0.033229123,0.043788101,0.028829027,0.050118868,1.010342391,-0.036303515,-0.137671993,0.004589049,49416.41656796,52858.640287237,53751.919455138,53418.294788274,-0.690232174,0.828697872,1.123375913,-0.725166272,-0.737702794,0.023710939,0.099830359,-0.082347724,-0.000148581,7.175566476,-4.187947471,-0.097772033,0.062566897,0.036413654,-0.003137686,0.997359928,-0.963646645,0.267160239,1.224023392,0.0,0.0,0.0,0.86058265,0.0,3.610557318
1772729838.173841,-0.767717,0.751865,1.126907,0.05038622,0.04742186,-0.00537693,0.99758884,0.100645,0.095301,-0.005976,-0.673424418,-0.768137077,0.023012473,-0.017163936,0.009553674,0.049496322,0.025425716,0.040927728,1.010260435,-0.068604111,-0.078134984,0.009192958,49748.809401361,52651.347486594,53408.606698235,53528.841167801,-0.698085096,0.821612798,1.123738131,-0.718938489,-0.748155225,0.023938957,0.093748814,-0.086484115,-0.002250857,7.134153139,-4.097455501,-0.106904646,0.062210433,0.035622177,-0.00315481,0.997412741,-0.967018741,0.254527574,1.224459268,0.0,0.0,0.0,0.86058265,0.0,3.610557318
1772729838.1838408,-0.774393,0.744102,1.127156,0.04988354,0.04765184,-0.00516995,0.99760423,0.099656,0.095737,-0.005587,-0.665657317,-0.776706529,0.021954217,-0.019490941,0.022857632,0.057534702,0.02334655,0.031701492,1.008328265,-0.095642131,-0.014218082,0.011691774,49613.336892897,52545.558930549,53603.791884196,53654.939724727,-0.707466973,0.812859068,1.124225271,-0.711329163,-0.760664356,0.023699035,0.093908523,-0.089885766,-0.003546842,7.066365243,-4.046110441,-0.116834195,0.061624014,0.035171769,-0.003192536,0.997467879,-0.9699027,0.243443653,1.224841051,0.0,0.0,0.0,0.86058265,0.0,3.610557318
1772729838.19384,-0.781068,0.736364,1.127366,0.04990764,0.04704591,-0.0051069,0.99763211,0.099708,0.094519,-0.005518,-0.659877047,-0.78428546,0.020015812,-0.012044292,-0.004786378,0.018726677,0.025987386,0.03918848,1.004272542,-0.101314426,0.038441528,-0.000958969,49689.169530033,52687.281290685,53526.162407781,53599.207617492,-0.715921489,0.804836869,1.124632462,-0.704412028,-0.77187582,0.023515867,0.096361424,-0.083776235,-0.004357677,6.991861826,-4.028997933,-0.114455777,0.060974924,0.035026131,-0.003139853,0.997514033,-0.97226759,0.23381823,1.225171411,0.0,0.0,0.0,0.86058265,0.0,3.610557318
1772729838.2038403,-0.787597,0.728459,1.127556,0.05029731,0.04741473,-0.00463356,0.99759739,0.100537,0.095212,-0.004496,-0.652971777,-0.792465577,0.018007632,-0.020379909,0.017967954,-0.002414224,0.017162255,0.0449674,1.00047263,-0.075477726,0.053205584,0.00399491,50178.472677026,53059.254614663,53069.598289707,53076.925174679,-0.723786229,0.797125461,1.125039281,-0.697737085,-0.782219082,0.023182731,0.087290264,-0.075186428,-0.007603434,6.911024439,-4.042081475,-0.11489963,0.06027123,0.035142005,-0.003125872,0.997554154,-0.974746423,0.223260938,1.225532905,0.0,0.0,0.0,0.86058265,0.0,3.610557318
1772729838.2138405,-0.794053,0.720444,1.127724,0.04987832,0.04701523,-0.00496017,0.99763576,0.099663,0.094443,-0.00523,-0.647039758,-0.79941603,0.016280629,-0.005053369,-0.028067546,-0.03867531,0.02341037,0.034669967,1.002071782,-0.045929829,0.067856128,0.008021042,50155.472737408,52915.553815749,53166.183135705,53309.14842404,-0.731486121,0.789394801,1.125441606,-0.691051641,-0.792228296,0.02261438,0.094728091,-0.081115247,-0.00544411,6.844670069,-4.069646907,-0.114001547,0.059693037,0.035384249,-0.003112041,0.997582257,-0.97716527,0.212429715,1.225902826,0.0,0.0,0.0,0.86058265,0.0,3.610557318
1772729838.2238402,-0.800524,0.712449,1.127878,0.04958313,0.04804471,-0.00493862,0.99760154,0.099076,0.096498,-0.005113,-0.641198572,-0.806546787,0.015181153,-0.009155741,-0.03958178,-0.068482229,0.027465376,0.034974172,1.002849513,-0.031227204,0.068475588,0.012724795,50257.294356143,53090.349845802,53183.661109793,53106.614074058,-0.738173533,0.782487257,1.125735747,-0.684949799,-0.8010245,0.022382925,0.100368135,-0.083037819,-0.004533342,6.800040083,-4.106561434,-0.109413656,0.059302708,0.035709202,-0.0030774,0.997593925,-0.97916827,0.202995045,1.226224353,0.0,0.0,0.0,0.86058265,0.0,3.610538785
1772729838.2338402,-0.806965,0.704372,1.12801,0.04973711,0.0466814,-0.00615156,0.99765186,0.099266,0.093893,-0.007664,-0.633927838,-0.814241375,0.015016953,-0.027628582,-0.025233411,-0.059770982,0.018474886,0.033844137,0.998045323,-0.021587475,0.06302659,0.019948126,50156.54040286,53094.156891153,53395.872598962,53016.784782913,-0.744747826,0.775524346,1.126008549,-0.678713355,-0.80967231,0.021744244,0.09305097,-0.082105919,-0.006118951,6.767375118,-4.146868824,-0.101042249,0.059015291,0.036065296,-0.003015083,0.997599644,-0.980967573,0.194108067,1.22652661,0.0,0.0,0.0,0.86058265,0.0,3.609318484
1772729838.2438407,-0.813168,0.69613,1.128183,0.0493866,0.04758642,-0.00536592,0.99763105,0.098638,0.095623,-0.006034,-0.62601163,-0.822468422,0.014944653,-0.052036102,0.012645872,-0.02146481,0.015409151,0.031240564,0.9993928,-0.010689349,0.061214787,0.022891072,50077.562360019,53120.030872601,53506.195358131,53036.652013526,-0.751219899,0.768533987,1.126264958,-0.672470424,-0.818173527,0.020939478,0.08995102,-0.084225026,-0.005456974,6.742395218,-4.181934058,-0.090128544,0.058793971,0.036376825,-0.002930185,0.997601573,-0.982653892,0.185378445,1.226822958,0.0,0.0,0.0,0.86058265,0.0,3.608098125
1772729838.2538414,-0.819485,0.687958,1.128304,0.04975976,0.0461552,-0.00642314,0.9976735,0.099285,0.092868,-0.008259,-0.616951171,-0.831895859,0.014592438,-0.077905424,0.069333124,0.033935165,0.023748636,0.026709902,1.001529542,-0.012005737,0.061895946,0.025596282,49935.638165509,53036.818679729,53722.425739914,53123.352244544,-0.757267063,0.761890682,1.126481959,-0.666552069,-0.826111779,0.020194399,0.095406884,-0.0884652,-0.007031945,6.723802576,-4.211133673,-0.079405277,0.058628334,0.036636993,-0.00284585,0.997602263,-0.984327306,0.176189336,1.227134288,0.0,0.0,0.0,0.86058265,0.0,3.606877737
1772729838.2638412,-0.825566,0.679535,1.128494,0.04841411,0.04744438,-0.00569898,0.99768363,0.096652,0.095365,-0.006809,-0.607281581,-0.841531125,0.014193448,-0.128406558,0.085090157,0.061200509,0.022161648,0.031281262,0.995284984,-0.031625301,0.047102548,0.029204668,50136.769361221,53044.693369943,53692.376645401,53071.706856174,-0.763955434,0.754396666,1.12671651,-0.65989764,-0.834895638,0.019180962,0.097876061,-0.083006082,-0.012378852,6.699196118,-4.243272793,-0.065428813,0.058409201,0.036924524,-0.002732679,0.997604521,-0.986098116,0.165923274,1.227481536,0.0,0.0,0.0,0.86058265,0.0,3.605657465
1772729838.2738411,-0.831577,0.67109,1.12861,0.04810065,0.0486905,-0.00464064,0.99764424,0.096129,0.097754,-0.004597,-0.601495989,-0.847684453,0.013301353,-0.173310203,0.135675866,0.081499762,0.015706965,0.041543546,0.985513761,-0.02884887,0.039542696,0.028140548,50222.860428584,53194.689735914,53738.558670974,52955.580900442,-0.772222841,0.745195696,1.127011594,-0.651765766,-0.844686103,0.017466914,0.094473162,-0.078812973,-0.014051667,6.655527689,-4.274776533,-0.046279746,0.058022377,0.037209528,-0.002567843,0.997616043,-0.988078302,0.153879977,1.227888388,0.0,0.0,0.0,0.86058265,0.0,3.604437164
1772729838.2838416,-0.837558,0.662529,1.128735,0.04699781,0.04931194,-0.00436351,0.99766753,0.093943,0.098965,-0.004092,-0.596185728,-0.853177873,0.012045447,-0.201771566,0.12599304,0.069008265,0.011129152,0.04500231,0.984545533,-0.061328554,0.031694741,0.018750448,49599.648588786,53441.98664726,54382.314074168,52822.274395646,-0.780774518,0.735804459,1.127312512,-0.643473167,-0.854025275,0.015532984,0.098627386,-0.07994645,-0.010859374,6.591749729,-4.310872203,-0.019492169,0.057457793,0.037538626,-0.002331999,0.997636355,-0.98974729,0.142192426,1.228281976,0.0,0.0,0.0,0.86058265,0.0,3.603216805
1772729838.2938411,-0.843489,0.653986,1.128851,0.04612,0.04915294,-0.00424718,0.99771684,0.09219,0.098633,-0.00396,-0.589791472,-0.859444429,0.012648342,-0.217508239,0.116451088,0.061894449,0.007083511,0.047865781,0.984069765,-0.091908678,0.026653535,0.009698165,49691.968374307,52897.640610432,54289.029687423,53574.031625693,-0.789612035,0.724222667,1.127526462,-0.633621552,-0.868290487,0.013088862,0.082646049,-0.065492908,-0.019255298,6.525903191,-4.327862993,-0.003258065,0.056878892,0.037695946,-0.002177524,0.997662411,-0.991237713,0.131301933,1.228648413,0.0,0.0,0.0,0.86058265,0.0,3.601996563
1772729838.303841,-0.849348,0.645382,1.128989,0.04482332,0.04915328,-0.00421979,0.99777604,0.089587,0.098626,-0.004034,-0.584305161,-0.864687324,0.013116466,-0.21663312,0.05661866,0.016409114,0.008616199,0.044487515,0.988759493,-0.102594109,0.051050354,0.004180164,50041.638546816,53819.344633925,54180.379851991,52685.553953257,-0.798553848,0.712936346,1.12774496,-0.623980763,-0.879799736,0.010742299,0.085354657,-0.068319872,-0.016448235,6.424818447,-4.350779354,0.006047457,0.055995296,0.03790191,-0.002074377,0.997696817,-0.992745345,0.120149983,1.229023574,0.0,0.0,0.0,0.86058265,0.0,3.600776262
1772729838.313841,-0.855285,0.636793,1.129096,0.0438583,0.05078684,-0.00355419,0.9977397,0.087724,0.101832,-0.002651,-0.576807232,-0.871909709,0.013733036,-0.228681977,0.05257388,0.001808568,0.010148887,0.04110925,0.99344922,-0.113279541,0.075447173,-0.001337838,50489.994849252,53322.390702011,53969.058079126,53280.954087296,-0.810625062,0.697353705,1.128012404,-0.610728629,-0.895323264,0.00841894,0.088063265,-0.071146836,-0.013641171,6.328204529,-4.365496541,0.017813047,0.055149925,0.038037477,-0.001947147,0.99775269,-0.994948232,0.098412116,1.229751924,0.0,0.0,0.0,0.86058265,0.0,3.599819937
1772729838.3238416,-0.860899,0.627952,1.129244,0.04266966,0.05036885,-0.00365483,0.99781207,0.085322,0.101001,-0.003011,-0.568512877,-0.879596643,0.01408325,-0.233073872,0.029439174,-0.001169053,0.011681648,0.037730823,0.998139171,-0.123965482,0.099845156,-0.006856102,50340.439417372,53613.103364474,54233.103364474,53171.347920086,-0.822353544,0.682046408,1.128262132,-0.597761571,-0.910254473,0.006408061,0.090900585,-0.073001887,-0.00926381,6.152151544,-4.456217499,0.027162972,0.05361203,0.038834756,-0.001849625,0.997801105,-0.996943032,0.077793181,1.230442501,0.0,0.0,0.0,0.86058265,0.0,3.599324833
1772729838.333841,-0.866549,0.619091,1.129455,0.04164637,0.05036033,-0.00378755,0.99785524,0.083252,0.100992,-0.003381,-0.560235227,-0.887290065,0.014671809,-0.237794422,0.034786468,0.00384956,0.007544389,0.047280542,0.996929507,-0.148949046,0.137488031,-0.014680903,50793.905187117,53020.460921039,53898.107404435,53961.00551821,-0.830691129,0.670483166,1.128440663,-0.587836331,-0.920737824,0.005246053,0.085949091,-0.057524331,-0.00859859,6.004640213,-4.550849424,0.02500888,0.052326391,0.03966018,-0.001861606,0.997832884,-0.998083168,0.061772867,1.230977832,0.0,0.0,0.0,0.86058265,0.0,3.598829777
1772729838.3438416,-0.872123,0.610224,1.129536,0.04030597,0.05044849,-0.00387116,0.9979055,0.080551,0.10117,-0.003678,-0.555112029,-0.891738768,0.014387096,-0.22137161,-0.020431184,-0.054789854,0.014842095,0.046161413,0.999901342,-0.176357794,0.135291304,-0.007922144,49750.765993878,53008.18433494,54803.512213232,54241.669242658,-0.838116469,0.659963998,1.12860656,-0.578681023,-0.930146,0.004193926,0.094383085,-0.060965405,-0.003914477,5.890218967,-4.640413176,0.024621244,0.051328368,0.040441782,-0.001865476,0.997857702,-0.998667287,0.051547393,1.231319284,0.0,0.0,0.0,0.86058265,0.0,3.598334673
1772729838.3538415,-0.877635,0.601264,1.129668,0.03933621,0.05058259,-0.00378326,0.99793775,0.078612,0.101428,-0.00359,-0.547515169,-0.896968765,0.013991039,-0.216235683,0.04051521,-0.081489227,0.013820608,0.045485133,1.002058034,-0.188155965,0.096104554,-0.003553135,49145.079431463,53547.772888444,55344.371882292,53852.707882535,-0.845635809,0.648924306,1.128755067,-0.568862013,-0.939606814,0.004072902,0.104331167,-0.068175537,0.003095208,5.741308639,-4.738129361,0.023497,0.050030089,0.041294629,-0.001865455,0.997886842,-0.999236076,0.038862524,1.231742541,0.0,0.0,0.0,0.86058265,0.0,3.597839593
1772729838.3638413,-0.883079,0.592266,1.129859,0.03788477,0.04997403,-0.0040067,0.99802369,0.075671,0.100222,-0.004232,-0.54003919,-0.90232454,0.014331871,-0.23858733,0.014422335,-0.079929035,0.00906545,0.047036522,1.003108138,-0.196872816,0.052414183,-0.001425995,48797.416648947,52825.200191367,55612.06336381,54629.209653413,-0.852905324,0.638054296,1.128909263,-0.559162679,-0.948380308,0.004171446,0.084407737,-0.053081335,-0.003076748,5.58385282,-4.806081759,0.016412706,0.048660145,0.041885927,-0.001899375,0.997929382,-0.999644204,0.026191206,1.232165158,0.0,0.0,0.0,0.86058265,0.0,3.597344525
1772729838.3738408,-0.888483,0.583263,1.130015,0.03733322,0.0510277,-0.00412895,0.99799066,0.074554,0.102337,-0.004455,-0.533908201,-0.905817472,0.018086128,-0.227834907,-0.105199563,-0.020665958,0.007199664,0.050457537,1.005952602,-0.134578457,-0.010237707,0.008287023,48568.671879651,51520.953699766,55753.858367,55942.819965979,-0.861170325,0.625189772,1.129085472,-0.507632179,-0.904172909,0.003514973,0.086857204,-0.037454366,-3.9581e-05,4.611749662,-5.12741061,0.046016443,0.040175447,0.044708956,-0.001389328,0.998069683,-0.999709765,0.003917223,1.232907736,0.0,0.0,0.0,0.86058265,0.0,3.596849469
1772729838.3838408,-0.89388,0.574225,1.130148,0.03649926,0.04929902,-0.00594866,0.99809921,0.072693,0.099007,-0.008317,-0.529463869,-0.909527188,0.024121721,-0.122770847,-0.260324341,0.081370034,0.013445132,0.059127629,1.013834788,0.127076169,-0.126128346,0.03929735,48529.328323191,51915.902118924,55952.129994868,55562.157196275,-0.872267037,0.607400152,1.12939916,-0.456085265,-0.864942874,0.0039028,0.092082546,-0.030174223,0.004276075,3.996509623,-5.224624129,0.067452134,0.034805881,0.045570147,-0.001002224,0.99829831,-0.999599499,-0.022540805,1.233789737,0.0,0.0,0.0,0.86058265,0.0,3.596354388
1772729838.3938403,-0.898871,0.564925,1.130389,0.03528712,0.05076657,-0.00374288,0.99807994,0.070481,0.101778,-0.003909,-0.524468682,-0.914172725,0.028190722,0.002473949,-0.464511382,0.17610933,0.019690302,0.067797308,1.021716597,0.388718318,-0.242013458,0.070306198,49891.721056478,54547.930055329,55298.635556947,52692.492535755,-0.889604907,0.578918271,1.130045458,-0.44106345,-0.884433202,0.007167243,0.097307639,-0.022894428,0.008591525,3.816973789,-5.099001609,0.086309395,0.033236792,0.044482972,-0.00072865,0.998421028,-0.998125113,-0.060919611,1.23507025,0.0,0.0,0.0,0.86058265,0.0,3.595859332
1772729838.4038403,-0.904181,0.555805,1.130716,0.03471541,0.04407205,-0.00327637,0.99841963,0.069358,0.088347,-0.003496,-0.517681904,-0.922154784,0.027700784,0.136125569,-0.576244598,0.232822438,0.017674987,0.058837918,1.017751865,0.520755338,-0.306482683,0.062962109,50050.315196201,56003.30656086,55233.120632342,50800.660747313,-0.905251418,0.552534715,1.130663698,-0.428328573,-0.903980404,0.010219864,0.102166277,-0.016902697,0.012596072,4.136525198,-4.866050362,0.114252496,0.036015365,0.042459998,-0.000535597,0.998448601,-0.996709007,-0.080963406,1.235740028,0.0,0.0,0.0,0.86058265,0.0,3.595364252
1772729838.4138403,-0.909531,0.546754,1.131104,0.03719484,0.04227088,-0.00115393,0.99841293,0.074509,0.084594,0.000843,-0.510008354,-0.931656153,0.024840739,0.241647181,-0.532841242,0.205582884,0.015604555,0.0392651,1.011615816,0.612403328,-0.317424287,0.044171557,50393.11352162,56499.682729318,54908.667783054,50035.916470882,-0.913248163,0.537451054,1.131071202,-0.423764336,-0.919531278,0.012135805,0.096582582,-0.0445162,0.007567238,4.519490021,-4.636779399,0.135089229,0.039349818,0.040467561,-0.000416955,0.998403304,-0.99573885,-0.09209745,1.236112542,0.0,0.0,0.0,0.86058265,0.0,3.594869172
1772729838.4238403,-0.914515,0.537268,1.131343,0.03987457,0.03963807,-0.00075851,0.99841788,0.079899,0.079294,0.001652,-0.503163553,-0.940846177,0.020711636,0.333094145,-0.298856892,0.104184455,0.009026673,0.044201291,1.005744383,0.559532414,-0.264768122,0.025048071,50682.239835709,56384.654524118,54588.200205364,50187.146615163,-0.918965751,0.526468907,1.131353253,-0.420263229,-0.932285065,0.01340783,0.092017411,-0.0559719,0.003698547,4.921379837,-4.404958175,0.144061363,0.042853887,0.038449579,-0.000393955,0.998343334,-0.994899024,-0.100707874,1.236400942,0.0,0.0,0.0,0.86058265,0.0,3.594721556
1772729838.43384,-0.91943,0.527778,1.131439,0.04039802,0.03736183,-0.00114172,0.99848425,0.080902,0.074772,0.000741,-0.495596976,-0.950207375,0.016178609,0.398388896,-0.040920823,-0.034549391,0.005277612,0.048160869,1.001116575,0.481115187,-0.196995009,0.007886062,50509.722881763,55951.268125769,54614.082517891,50891.799995827,-0.92528384,0.513931125,1.131579863,-0.415152712,-0.946089339,0.013689177,0.080737826,-0.038621851,0.000347293,5.344532204,-4.179147276,0.144726069,0.046545855,0.036481053,-0.000439063,0.99826748,-0.993683257,-0.111820948,1.23677363,0.0,0.0,0.0,0.86058265,0.0,3.594721556
1772729838.4438396,-0.924284,0.518162,1.131452,0.04206157,0.03964795,-0.00156244,0.99832681,0.084223,0.079378,0.000216,-0.48587389,-0.960035531,0.01482348,0.418154465,0.195848524,-0.093755896,0.011522522,0.047179644,1.002456756,0.301167585,-0.069767103,0.000703789,50355.352986572,54967.428769872,54742.017595308,52100.839327057,-0.930769618,0.502826019,1.131745293,-0.41018311,-0.957955981,0.013313225,0.082392966,-0.046800521,-0.001193756,5.620120343,-4.052819771,0.132344256,0.048953605,0.03537421,-0.000580516,0.998182494,-0.992393374,-0.12300677,1.237148963,0.0,0.0,0.0,0.86058265,0.0,3.594721556
1772729838.4538395,-0.929177,0.508597,1.13171,0.04402715,0.04174454,-0.00254746,0.99815455,0.088101,0.083657,-0.001415,-0.480214561,-0.964854805,0.016641119,0.429400967,0.216279521,-0.113493484,0.012057956,0.041502904,1.008536452,0.122091184,0.052381966,0.005292922,50345.244513908,53801.313345921,54860.052377703,53256.352014344,-0.934362434,0.495545044,1.13187377,-0.406678772,-0.965323117,0.013170625,0.082990899,-0.059387899,0.004620771,5.757867807,-4.024204649,0.127026187,0.050155815,0.035121929,-0.000657004,0.998131977,-0.991404511,-0.130765421,1.237409646,0.0,0.0,0.0,0.86058265,0.0,3.594721556
1772729838.4638395,-0.934025,0.498974,1.131949,0.04657103,0.04323246,-0.00286704,0.99797489,0.09319,0.086665,-0.001702,-0.476405621,-0.966455059,0.020955168,0.453080188,0.198606577,-0.062914503,0.006393611,0.043228232,1.007464493,0.037243774,0.111396685,0.006175237,50269.692913564,52921.581481021,54996.98179517,54072.976755224,-0.936744316,0.490710382,1.131978606,-0.404111791,-0.969811938,0.013177291,0.077703671,-0.058245658,0.005021068,5.782243798,-4.041367913,0.129444032,0.050366953,0.035272354,-0.000651017,0.998109021,-0.990822924,-0.135079971,1.237554786,0.0,0.0,0.0,0.86058265,0.0,3.594721556
1772729838.4738395,-0.938698,0.48924,1.132133,0.04930418,0.04279477,-0.0028728,0.99786244,0.098674,0.085795,-0.001519,-0.47033586,-0.970877286,0.023684541,0.413269574,0.121845633,-0.020834493,0.000729265,0.04495356,1.006392534,-0.047603637,0.170411404,0.007057553,50151.200490434,52451.403546043,55067.129309663,54527.039720656,-0.939299061,0.485400934,1.132088302,-0.401363008,-0.974982701,0.01330903,0.072416443,-0.057103418,0.005421364,5.791595095,-4.064037371,0.132912002,0.050446758,0.03547128,-0.00063368,0.998097686,-0.990157011,-0.139920097,1.237717667,0.0,0.0,0.0,0.86058265,0.0,3.594721556
1772729838.4838395,-0.943368,0.479501,1.132391,0.05085679,0.04254875,-0.00312099,0.99779429,0.101769,0.085331,-0.001907,-0.463059513,-0.975063323,0.023071331,0.267500725,0.075281995,0.008317656,-0.002762526,0.047983737,1.003200305,-0.181569183,0.255589821,0.005234697,50014.027768703,52075.710225417,55157.1568115,54894.274746815,-0.941942049,0.47984912,1.132200478,-0.398521419,-0.980501581,0.013504616,0.067579453,-0.054016685,0.000582559,5.771346922,-4.1120339,0.138084593,0.050267522,0.035891697,-0.000603255,0.998089094,-0.989118106,-0.147084941,1.237959017,0.0,0.0,0.0,0.86058265,0.0,3.594721556
1772729838.49384,-0.94795,0.469766,1.132595,0.05186699,0.0434993,-0.00281471,0.99770221,0.103831,0.087201,-0.001108,-0.455078872,-0.981691515,0.02091793,0.070798479,0.13860091,0.003810628,0.000492631,0.050283722,1.004544097,-0.278027728,0.305025932,0.005117966,49715.445777954,52516.37108616,55418.956962809,54511.310889114,-0.945207043,0.472882224,1.132361853,-0.395048862,-0.987413809,0.013382144,0.071549953,-0.05023592,0.001462735,5.707901847,-4.196993741,0.145745063,0.049710248,0.036635366,-0.000553727,0.998090268,-0.988119461,-0.153606715,1.238178946,0.0,0.0,0.0,0.86058265,0.0,3.594721556
1772729838.5038402,-0.95251,0.459938,1.132834,0.05153758,0.04422766,-0.00284241,0.99768718,0.103173,0.08866,-0.001117,-0.450626284,-0.985126483,0.020314374,-0.143742313,0.27292345,-0.00165164,0.007735353,0.051529247,1.010016882,-0.327565446,0.318099296,0.007325748,50086.148234419,51406.270572346,55262.187441278,55365.700340589,-0.948539358,0.465694142,1.132523366,-0.39139135,-0.994426735,0.013265456,0.079636846,-0.04807302,0.004943494,5.566887829,-4.335710998,0.157724276,0.04847427,0.037849326,-0.000462744,0.998103766,-0.987037632,-0.160434814,1.238409384,0.0,0.0,0.0,0.86058265,0.0,3.594721556
1772729838.51384,-0.956982,0.450019,1.133011,0.05030334,0.04640476,-0.00282281,0.99765134,0.100713,0.09301,-0.000968,-0.445997706,-0.989497622,0.020575564,-0.323501779,0.386247318,0.011124592,0.010863797,0.040243962,1.013117648,-0.393235903,0.399584621,0.017815497,50279.352974278,51094.651037412,55194.485269292,55581.974296139,-0.951985355,0.458173898,1.132688908,-0.387452487,-1.00160555,0.013310575,0.087310128,-0.057725056,0.007593446,5.403904089,-4.486698776,0.175519727,0.047044265,0.039172363,-0.000315661,0.998120412,-0.985699463,-0.168505326,1.238682064,0.0,0.0,0.0,0.86058265,0.0,3.594721556
1772729838.52384,-0.961355,0.440096,1.13319,0.04841892,0.04846716,-0.00258843,0.99764715,0.096967,0.097109,-0.000473,-0.439673729,-0.996115558,0.02113044,-0.447528554,0.43903795,0.020017048,0.007604508,0.047641531,1.009646972,-0.404698849,0.407186419,0.01971699,50041.429192347,52058.380024837,55373.689380002,54783.009129795,-0.955893405,0.449528689,1.132888515,-0.382736594,-1.009606253,0.013955118,0.089551026,-0.0481704,0.005327406,5.213817711,-4.661596499,0.197272176,0.045375653,0.040704905,-0.000130504,0.998136681,-0.984172198,-0.177192617,1.238976075,0.0,0.0,0.0,0.86058265,0.0,3.594721556
1772729838.5338404,-0.965728,0.430051,1.13343,0.04566049,0.05029388,-0.00260076,0.99768677,0.091439,0.100763,-0.0006,-0.432452297,-1.003456687,0.022577022,-0.503500766,0.416237583,0.018285307,0.003925245,0.059316776,1.008736968,-0.377012281,0.379178617,0.016550744,49880.285471845,52428.979884341,55497.960492556,54464.142176931,-0.959578226,0.441190667,1.133062131,-0.377919847,-1.01693393,0.014415813,0.086845576,-0.030576403,0.006210526,5.02714589,-4.834748577,0.217707983,0.043736784,0.042221188,4.7184e-05,0.998148248,-0.982624668,-0.18555588,1.239259579,0.0,0.0,0.0,0.86058265,0.0,3.594721556
1772729838.54384,-0.970154,0.420172,1.133658,0.04317741,0.05318747,-0.00144066,0.9976496,0.086596,0.10645,0.001728,-0.424989022,-1.01019634,0.025007056,-0.500622917,0.368702272,0.006885494,0.00556736,0.062822525,1.012127215,-0.336070185,0.335111402,0.01344326,49862.069467792,52905.294657004,55511.116495484,54015.488743757,-0.962660209,0.434082957,1.133203171,-0.373567386,-1.022825228,0.014667095,0.091221085,-0.026974298,0.008604487,4.884893216,-4.966626032,0.232351777,0.042487873,0.043375306,0.000177753,0.998152495,-0.981277971,-0.192531357,1.239496409,0.0,0.0,0.0,0.86058265,0.0,3.594721556
1772729838.55384,-0.974259,0.409904,1.133949,0.04085729,0.0541867,-0.00139337,0.99769361,0.081948,0.10845,0.001657,-0.417352457,-1.018396173,0.02698907,-0.450892628,0.296854921,-0.019415142,0.016318396,0.051270708,1.018333542,-0.296992363,0.273577891,0.013640235,49843.852595089,53381.632143231,55524.273125769,53566.813916079,-0.965668291,0.427064937,1.133347701,-0.369137274,-1.028436989,0.014997793,0.101388056,-0.034207899,0.011223245,4.744340162,-5.094025094,0.245034945,0.041254338,0.044489344,0.000295562,0.998155614,-0.979961371,-0.199156014,1.23972157,0.0,0.0,0.0,0.86058265,0.0,3.594967224
1772729838.56384,-0.978377,0.399646,1.134196,0.03874833,0.05574829,-0.00173561,0.99769118,0.077685,0.111605,0.000862,-0.408500895,-1.026568345,0.026710165,-0.382013994,0.163951689,-0.049631036,0.01579329,0.046154414,1.021572872,-0.242439368,0.237795589,0.006202771,49778.649034628,53844.871323974,55568.130560858,53109.282628132,-0.968763336,0.419762341,1.133510053,-0.364404442,-1.034074703,0.015543078,0.105685885,-0.037822254,0.014895,4.603520607,-5.215013059,0.256245931,0.040019091,0.045546773,0.000405289,0.998158245,-0.978455782,-0.206432592,1.239969243,0.0,0.0,0.0,0.86058265,0.0,3.595326076
1772729838.5738404,-0.982426,0.389384,1.134472,0.03744508,0.0559479,-0.00182376,0.99772961,0.075056,0.112012,0.000554,-0.403014448,-1.030633947,0.028027707,-0.261758967,0.122976942,-0.029455545,0.008680176,0.048165713,1.013867352,-0.175266061,0.164232001,0.011008934,49667.22173716,54250.267659057,55638.867243971,52594.463250555,-0.973470074,0.40867807,1.133774812,-0.357007324,-1.041871846,0.017194933,0.102104088,-0.031736994,0.010547235,4.466941344,-5.329643927,0.264812919,0.038821891,0.046547702,0.000495007,0.998160206,-0.976185765,-0.216930397,1.240327266,0.0,0.0,0.0,0.86058265,0.0,3.595684945
1772729838.5838406,-0.986466,0.379084,1.134806,0.03596241,0.05721168,-0.00202659,0.99771209,0.072063,0.114558,7.2e-05,-0.397584237,-1.034920684,0.030002768,-0.125812435,0.14701459,-0.006265858,0.006115516,0.051218404,1.007415919,-0.127164489,0.107083692,0.011187159,50048.400538797,54525.186180045,55393.141542455,52167.40639871,-0.977450631,0.398776604,1.134045708,-0.350007574,-1.048735885,0.018480333,0.10133067,-0.024247048,0.006206097,4.368734858,-5.413847218,0.271505653,0.037960671,0.047282947,0.000564994,0.998158842,-0.974468476,-0.22448237,1.240585432,0.0,0.0,0.0,0.86058265,0.0,3.596043806
1772729838.5938404,-0.990377,0.368653,1.135026,0.03562023,0.05759535,-0.00186214,0.99770261,0.071397,0.115314,0.00039,-0.394311895,-1.034282902,0.030880391,0.00247891,0.267368994,0.076252757,0.008838801,0.053201289,1.008254452,-0.106307964,0.091248649,0.01201559,49783.654756755,54274.461202659,55645.516026271,52390.914519998,-0.980729117,0.390328297,1.134270175,-0.343961631,-1.05421825,0.018763023,0.105004412,-0.023275878,0.003907073,4.300774568,-5.465220523,0.278616538,0.037363878,0.047732424,0.000638065,0.998158846,-0.971950839,-0.235156606,1.240950969,0.0,0.0,0.0,0.86058265,0.0,3.596402649
1772729838.6038404,-0.99426,0.358324,1.135321,0.03556462,0.05717258,-0.00136778,0.99772971,0.071338,0.114432,0.001346,-0.386939646,-1.037824844,0.032111394,0.090927551,0.352130865,0.128676237,0.011779936,0.05839929,1.010591762,-0.105027214,0.095327327,0.013431956,50493.106860414,53973.596054601,55147.245019815,52619.544588287,-0.984007681,0.381879789,1.134494647,-0.337915544,-1.059700746,0.019045719,0.108943161,-0.018354398,0.005586809,4.232014683,-5.506164671,0.285176206,0.036760676,0.048090788,0.00071064,0.998164988,-0.970086673,-0.24271013,1.241210338,0.0,0.0,0.0,0.86058265,0.0,3.596761501
1772729838.6138403,-0.998249,0.348025,1.135787,0.03734959,0.06210963,0.00015246,0.99737023,0.075171,0.1242,0.004982,-0.377968115,-1.042949305,0.032671807,0.123538287,0.418234262,0.149386011,0.013009383,0.065622501,1.009117333,-0.111838763,0.100949843,0.009825849,50210.901206517,53263.649370321,55309.033077939,53359.041602818,-0.987594395,0.372488382,1.134765997,-0.331184694,-1.065572826,0.019659081,0.110900191,-0.00998498,0.004071952,4.185783046,-5.541617881,0.29146137,0.036354001,0.048401317,0.000773431,0.998164858,-0.967983504,-0.250963253,1.241494245,0.0,0.0,0.0,0.86058265,0.0,3.597120353
1772729838.6238403,-1.001822,0.337438,1.136047,0.03777437,0.06360902,3.583e-05,0.99725974,0.076033,0.12721,0.004917,-0.36666251,-1.049090919,0.032399565,0.087990331,0.414196741,0.138669592,0.015978611,0.071628938,0.998699389,-0.179962512,0.158197344,-0.00230162,49890.971561023,53846.29437461,55501.383257555,52796.463047161,-0.990801991,0.363887207,1.13500581,-0.32500932,-1.070784174,0.020032476,0.110516962,-0.003423815,-0.004953603,4.123036411,-5.584240504,0.295701286,0.035804033,0.048773477,0.000823509,0.998166306,-0.965796664,-0.259259113,1.241780203,0.0,0.0,0.0,0.86058265,0.0,3.597479205
1772729838.63384,-1.005555,0.327094,1.136315,0.03778194,0.0659445,0.0016315,0.99710641,0.076295,0.131765,0.008309,-0.354200377,-1.056271909,0.030261742,-0.036843397,0.419255695,0.052076576,0.014189748,0.066880159,0.998851983,-0.160859652,0.127955758,-0.006710092,49713.965354981,54372.188886295,55632.594209666,52286.050791142,-0.993607315,0.356229326,1.135203604,-0.319513846,-1.075309681,0.019955108,0.110427389,-0.004407634,-0.007483086,4.04384509,-5.640569034,0.296571693,0.035111737,0.04926383,0.000847492,0.998167041,-0.963999442,-0.265900643,1.24200954,0.0,0.0,0.0,0.86058265,0.0,3.597838048
1772729838.6438403,-1.008956,0.316357,1.136673,0.03725434,0.06629195,0.0012961,0.99710371,0.075194,0.132491,0.007591,-0.344661012,-1.059626224,0.029117219,-0.161915048,0.290219142,0.010508819,0.010742835,0.056183351,1.002582151,-0.187799864,0.148189772,-0.010148666,49828.632118526,53683.955883326,55625.517097692,52991.579998677,-0.996549383,0.348111542,1.135420006,-0.313722969,-1.079827399,0.019382691,0.110048247,-0.015885288,-0.004544373,3.957980229,-5.697868358,0.295909322,0.03436193,0.049762097,0.000861293,0.998167334,-0.961867643,-0.273486956,1.242272219,0.0,0.0,0.0,0.86058265,0.0,3.598196909
1772729838.6538403,-1.012357,0.305731,1.136966,0.0362831,0.06769359,0.00150677,0.99704506,0.07329,0.13529,0.00799,-0.336836083,-1.061062958,0.030448223,-0.282232943,0.053287658,-0.007340347,0.007776894,0.055880634,1.004888266,-0.231234908,0.184165273,-0.015273492,49515.148488657,53337.181956479,55749.430980885,53463.192539189,-0.999852755,0.339079415,1.135736254,-0.307354638,-1.084552093,0.019349604,0.108460164,-0.011778346,-0.001573719,3.882993643,-5.742965374,0.295438023,0.033707265,0.050154211,0.000876313,0.998171236,-0.959463363,-0.281793248,1.242560461,0.0,0.0,0.0,0.86058265,0.0,3.59855576
1772729838.6638403,-1.015642,0.295112,1.137222,0.03434162,0.06839539,0.00119757,0.99706634,0.069348,0.136733,0.007153,-0.330283687,-1.06081187,0.033013435,-0.368588031,-0.110809051,0.006033578,0.005829704,0.066896686,1.004654895,-0.272640552,0.215850928,-0.022233377,49637.48034489,53300.663962615,55642.735721455,53472.991953664,-1.001304641,0.334992023,1.13587175,-0.304382817,-1.086692321,0.019406425,0.107272972,-0.002244615,9.1458e-05,3.848309708,-5.767747597,0.294475477,0.033404652,0.050369537,0.000876004,0.998170427,-0.958116647,-0.286357115,1.242719085,0.0,0.0,0.0,0.86058265,0.0,3.598914612
1772729838.67384,-1.018926,0.284517,1.137508,0.03200532,0.06889425,0.00050843,0.99711032,0.064552,0.137793,0.005476,-0.322364216,-1.061182578,0.033964252,-0.409279851,-0.312341524,-0.036033687,0.00581113,0.071854994,1.004348439,-0.291196185,0.227837133,-0.023082104,49788.161349064,53284.330601857,55521.040681443,53452.747788217,-1.002138527,0.332553197,1.135944457,-0.302541462,-1.087981209,0.019472054,0.107860045,0.001595411,-4.5932e-05,3.813626599,-5.79252923,0.293512954,0.033102047,0.050584858,0.000875695,0.998169618,-0.957463921,-0.288512762,1.24279418,0.0,0.0,0.0,0.86058265,0.0,3.599273456
1772729838.68384,-1.022274,0.274078,1.138011,0.03086285,0.06449676,0.00233706,0.99743781,0.062427,0.128875,0.008716,-0.314752068,-1.061551304,0.034676859,-0.413905347,-0.378791706,-0.059864186,0.00684727,0.073500649,1.004002004,-0.297256375,0.22905062,-0.020588816,49938.845945842,53267.996851672,55399.342739923,53432.503140101,-1.002972433,0.330114312,1.136017166,-0.300700064,-1.089270127,0.019537684,0.108447131,0.005435529,-0.000183325,3.778942664,-5.817311454,0.292550408,0.032799434,0.050800184,0.000875386,0.998168809,-0.95681118,-0.290668461,1.242869277,0.0,0.0,0.0,0.86058265,0.0,3.599632308
1772729838.6938396,-1.025237,0.263258,1.13833,0.02812498,0.06177745,0.00147697,0.99769251,0.056765,0.1235,0.006471,-0.304140849,-1.066365178,0.035848247,-0.378381273,-0.402948746,-0.091185254,0.00788336,0.075146226,1.003655586,-0.303316277,0.230264049,-0.018095648,50089.523357412,53251.663880342,55277.650601418,53412.259457325,-1.003806299,0.327675544,1.136089871,-0.298858753,-1.090558984,0.01960331,0.10903419,0.009275463,-0.000320711,3.732683313,-5.85032042,0.291162833,0.032395889,0.051086965,0.000874365,0.998168,-0.95615847,-0.292824057,1.242944371,0.0,0.0,0.0,0.86058265,0.0,3.599991142
1772729838.7038395,-1.028191,0.252623,1.138613,0.02590394,0.06090066,0.00085374,0.99780728,0.052209,0.121791,0.004895,-0.291160709,-1.072109803,0.036208174,-0.34222851,-0.31756013,-0.11179051,0.0089195,0.076791881,1.003309151,-0.309376467,0.231477536,-0.01560236,50089.701895817,52903.071512603,55290.255887061,53734.435092862,-1.005558052,0.322556775,1.136234651,-0.294993327,-1.093048408,0.019620706,0.109828134,0.012374845,-0.000361087,3.613123125,-5.935424935,0.287083893,0.031353191,0.051826233,0.000868841,0.998163355,-0.95512667,-0.296174182,1.243061229,0.0,0.0,0.0,0.86058265,0.0,3.600000143
1772729838.7138395,-1.031128,0.24192,1.138988,0.02514172,0.05977983,-0.00091229,0.9978945,0.05045,0.119639,0.001194,-0.27816971,-1.076561458,0.034699431,-0.318672123,-0.159893039,-0.125048203,0.009554999,0.055484031,1.007785509,-0.360798549,0.283768648,-0.020864902,49978.968466686,52864.557313817,55394.651946725,53759.212755085,-1.008411653,0.314111721,1.136473611,-0.288543668,-1.097031326,0.019629728,0.117063676,-0.007592458,0.002619696,3.479667559,-6.030191287,0.283514607,0.030188958,0.052649722,0.000873131,0.998156013,-0.952449312,-0.304678653,1.243358405,0.0,0.0,0.0,0.86058265,0.0,3.600000143
1772729838.7238393,-1.033815,0.231078,1.139344,0.02336571,0.06088904,-0.00064599,0.99787081,0.046918,0.12185,0.001568,-0.266916979,-1.079685898,0.033336842,-0.301328763,0.044458487,-0.099309845,0.008036533,0.04450351,1.015073155,-0.393928537,0.295581833,-0.024588631,49855.215161705,53802.040450994,55497.664474335,52818.272821679,-1.010715103,0.306904123,1.136695248,-0.282785364,-1.100471452,0.019834997,0.115412985,-0.017476562,0.007201961,3.331316987,-6.135771645,0.28005384,0.028894635,0.053567346,0.000884111,0.998146316,-0.950317861,-0.311132397,1.243584957,0.0,0.0,0.0,0.86058265,0.0,3.600000143
1772729838.7338388,-1.03646,0.220309,1.139711,0.02211573,0.05937024,-0.00034662,0.99799096,0.044429,0.118796,0.001948,-0.259629521,-1.0777209,0.034061241,-0.253835377,0.123172282,-0.032651069,0.006096131,0.046145991,1.016672433,-0.398199924,0.289616988,-0.024386333,49977.409027141,53091.539757954,55335.779858214,53679.704700623,-1.01324678,0.298798396,1.136936105,-0.276125484,-1.104105622,0.020357462,0.114588555,-0.013170973,0.009993619,3.158655105,-6.259938747,0.275872942,0.027388361,0.054646516,0.000898167,0.998131082,-0.948186462,-0.317585987,1.243811503,0.0,0.0,0.0,0.86058265,0.0,3.600000143
1772729838.743839,-1.03891,0.209488,1.14005,0.02032512,0.06030849,-0.00086285,0.99797246,0.040772,0.1207,0.000735,-0.252299638,-1.074945431,0.033181287,-0.215488727,0.110548038,-0.054454988,0.004870172,0.054626603,1.010731563,-0.383488074,0.289487187,-0.021159386,50135.662156628,52863.14329473,55180.217628462,53882.074333732,-1.015668454,0.29087705,1.137162406,-0.269436916,-1.107429448,0.021116421,0.114725727,-0.000152528,0.011267416,3.001567812,-6.372877979,0.27180436,0.026018272,0.055628053,0.000912315,0.998113133,-0.945953818,-0.324282933,1.244046809,0.0,0.0,0.0,0.86058265,0.0,3.600000143
1772729838.7538383,-1.041453,0.198781,1.140315,0.01935297,0.06181711,-0.00089965,0.99789944,0.03882,0.123725,0.000602,-0.245252701,-1.071817495,0.032877304,-0.180286837,0.124480889,-0.107656809,0.006033115,0.055897857,1.009533313,-0.36353524,0.291903347,-0.036128571,50159.943360524,53030.764134298,55109.117856138,53688.698647301,-1.017914618,0.28338605,1.137368521,-0.262958646,-1.110362764,0.021999513,0.113702971,0.004130581,0.002236473,2.815638286,-6.508146958,0.265202823,0.024397624,0.056803328,0.000915962,0.998089621,-0.943161553,-0.332324368,1.244330513,0.0,0.0,0.0,0.86058265,0.0,3.600000143
1772729838.7638388,-1.043852,0.18802,1.140671,0.01861294,0.06337802,-0.00097716,0.99781553,0.037329,0.126855,0.000413,-0.235119649,-1.071794165,0.034864252,-0.154214753,0.117383202,-0.170853912,0.007315332,0.052863825,1.018546813,-0.337428059,0.264397502,-0.043008528,49766.05524113,53303.507427438,55228.185050099,53717.287119719,-1.021451563,0.271432715,1.137718487,-0.252596876,-1.114236175,0.022352498,0.121939027,0.003667011,0.009859477,2.600585998,-6.664196181,0.250632102,0.022526991,0.058157868,0.000864547,0.99805543,-0.939653704,-0.342123794,1.244677496,0.0,0.0,0.0,0.86058265,0.0,3.600000143
1772729838.7738388,-1.046259,0.177469,1.141037,0.01842105,0.06245034,-0.0024348,0.99787509,0.036755,0.125051,-0.002579,-0.223793628,-1.071360559,0.036682727,-0.158849503,0.105023569,-0.138212062,0.011842923,0.058268072,1.019783165,-0.2783949,0.237710781,-0.020090211,50062.051761484,53560.819254042,55010.144048967,53207.938652021,-1.025143937,0.258809694,1.13819847,-0.241469004,-1.117569413,0.024182974,0.13180695,0.015237523,0.012131988,2.372758094,-6.826424642,0.230805284,0.020548111,0.059565403,0.000777884,0.99801527,-0.935492387,-0.353322381,1.245075734,0.0,0.0,0.0,0.86058265,0.0,3.600000143
1772729838.7838387,-1.048434,0.166747,1.14139,0.01761664,0.0617784,-0.00366698,0.99792767,0.034982,0.123746,-0.005182,-0.210771394,-1.072126003,0.037247277,-0.155875555,0.068632777,-0.045157958,0.002889377,0.074680283,1.008234635,-0.236957463,0.212517425,-0.038305307,49457.785915995,53795.627537826,55354.263279926,53067.032371214,-1.028640191,0.245964665,1.138633296,-0.229643261,-1.120700392,0.025805193,0.125766703,0.02952317,0.002657215,2.163572525,-6.986630464,0.214276872,0.018730573,0.060956429,0.000715838,0.997968029,-0.931169557,-0.364553531,1.245476925,0.0,0.0,0.0,0.86058265,0.0,3.600000143
1772729838.7938392,-1.050368,0.155832,1.141812,0.01611564,0.06438383,-0.00339923,0.99778928,0.031993,0.12895,-0.004748,-0.197038785,-1.073842302,0.037373676,-0.173205995,0.123574476,0.051607688,0.004953715,0.057705732,1.00656134,-0.203418481,0.175893597,-0.044347788,49435.940109563,53849.361726888,55316.605205643,53106.723453777,-1.032019229,0.233141533,1.139058533,-0.217794619,-1.123252848,0.026303517,0.128213726,0.023998461,-0.00157024,1.978995231,-7.115999683,0.185457347,0.017135491,0.062077671,0.000543891,0.997926864,-0.926770724,-0.375595697,1.245873126,0.0,0.0,0.0,0.86058265,0.0,3.600000143
1772729838.8038392,-1.052191,0.14509,1.142203,0.01497653,0.06433118,-0.00250002,0.99781309,0.029817,0.128812,-0.003088,-0.184532111,-1.075230998,0.035520547,-0.16370735,0.192690196,0.144457538,0.005927179,0.056390625,1.007801471,-0.202616466,0.147779313,-0.046771587,49261.853875782,53992.382282138,55324.929224844,52941.006259027,-1.03589842,0.217200409,1.139601735,-0.199616339,-1.116056104,0.025953163,0.131516317,0.022561248,-0.000309325,1.663656067,-7.267380843,0.135578691,0.014413876,0.063388407,0.000262716,0.997885862,-0.919691812,-0.392536816,1.246485113,0.0,0.0,0.0,0.86058265,0.0,3.600000143
1772729838.81384,-1.054164,0.134542,1.142492,0.01494137,0.0647979,-0.00075763,0.99778626,0.029975,0.129695,0.000428,-0.174250846,-1.075960758,0.035030997,-0.121000685,0.264681637,0.190307002,0.005787626,0.048695522,1.010672629,-0.223422469,0.131743483,-0.049803153,48740.11517957,54062.580110134,55568.870274895,53147.643974463,-1.039911263,0.200420607,1.140172039,-0.179597415,-1.105855251,0.025468298,0.132215622,0.026152007,0.001092483,1.445295462,-7.375755953,0.094541385,0.01253309,0.064326545,1.213e-05,0.997851476,-0.914000502,-0.405697967,1.246963161,0.0,0.0,0.0,0.86058265,0.0,3.600000143
1772729838.82384,-1.055782,0.123672,1.142812,0.01475804,0.06682356,1.929e-05,0.99765566,0.029719,0.133731,0.002029,-0.164930091,-1.074046032,0.034582376,-0.060623951,0.28987502,0.174467786,-0.000475705,0.051510312,1.007159614,-0.193104307,0.13357405,-0.045334322,48905.748667208,53818.270715868,55502.156786819,53354.68583401,-1.042919865,0.187525926,1.140569474,-0.162912254,-1.093241169,0.025316098,0.131846853,0.028952828,0.000334741,1.26722168,-7.4530032,0.060304548,0.011000933,0.06499601,-0.000192807,0.997828679,-0.907967473,-0.418936191,1.247448115,0.0,0.0,0.0,0.86058265,0.0,3.600000143
1772729838.83384,-1.057403,0.112941,1.14322,0.01402947,0.06855395,0.00020132,0.99754874,0.028287,0.137196,0.002347,-0.155811784,-1.071382257,0.03435994,0.006874031,0.241479403,0.078832998,2.3396e-05,0.044248309,1.008058312,-0.138427169,0.142160129,-0.020368039,49075.033697264,53578.316349912,55432.612751045,53557.24962933,-1.046220047,0.171343359,1.141070855,-0.148243886,-1.095802124,0.025369412,0.132549128,0.026407472,-0.001372551,1.031045664,-7.550495239,0.024848062,0.008963652,0.065842188,-0.000376015,0.997791141,-0.901551,-0.432657318,1.247953038,0.0,0.0,0.0,0.86058265,0.0,3.600000143
1772729838.8438404,-1.058846,0.102183,1.143522,0.0143401,0.06891761,0.00040074,0.9975192,0.028943,0.137919,0.002803,-0.14456863,-1.07032132,0.035504715,0.025872672,0.196389032,-0.029684344,0.002935595,0.053347171,1.010708751,-0.080154929,0.119633684,-0.001448571,49678.286359348,53855.914341555,55026.675158377,53227.637350047,-1.04927605,0.155356972,1.141574236,-0.135779477,-1.104641206,0.025614486,0.136883789,0.03326385,0.002642968,0.968045942,-7.629811676,0.013306749,0.008421246,0.06653215,-0.000446153,0.997751733,-0.896171704,-0.443673271,1.248361614,0.0,0.0,0.0,0.86058265,0.0,3.600000143
1772729838.8538404,-1.060309,0.091512,1.14394,0.01460307,0.07059142,0.00039388,0.99739834,0.029484,0.141273,0.002876,-0.132740239,-1.067858536,0.036347743,0.026256603,0.072786535,-0.102948386,0.005946768,0.05081117,1.008300385,-0.041960101,0.111783651,-0.003748491,49982.640024912,54081.471247665,54810.04235001,52983.909694831,-1.050719386,0.147084296,1.141867318,-0.128101943,-1.107295442,0.026212625,0.138079006,0.049524868,0.004144267,0.940531649,-7.691112907,0.011885907,0.008182152,0.067065894,-0.000446953,0.997717726,-0.891289245,-0.453074969,1.248714789,0.0,0.0,0.0,0.86058265,0.0,3.600000143
1772729838.8638403,-1.061522,0.080877,1.144247,0.0146311,0.07104401,0.0002268,0.99736584,0.029519,0.142186,0.002557,-0.121927078,-1.065249831,0.035833037,0.004952002,-0.000230772,-0.116773624,0.008212213,0.041592524,1.004915291,-0.006758507,0.117390016,-0.013634049,49338.300809633,54141.878049097,55194.251375337,53012.752582001,-1.053120709,0.132317541,1.142395145,-0.113474503,-1.110173621,0.026984991,0.13765049,0.048205406,0.001891771,0.926784799,-7.753997934,0.009703574,0.008063398,0.067613312,-0.000462354,0.99768353,-0.886406785,-0.462476667,1.249067963,0.0,0.0,0.0,0.86058265,0.0,3.600000143
1772729838.87384,-1.062766,0.070308,1.144606,0.01503545,0.06934195,-0.00173154,0.99747814,0.030049,0.138832,-0.001382,-0.107752881,-1.066733943,0.034237892,-0.032158949,-0.002019805,-0.08909038,-0.002292678,0.061081753,1.006475077,-0.012033661,0.098663604,-0.024048818,49096.264480307,54228.828157205,55367.261591957,52891.463720363,-1.0551425,0.119285263,1.142805127,-0.100187542,-1.111299718,0.026989758,0.135594844,0.043292216,-0.002234885,0.914394461,-7.818625107,-0.002020518,0.00796215,0.068175208,-0.000561605,0.997645889,-0.881524442,-0.471878141,1.249421129,0.0,0.0,0.0,0.86058265,0.0,3.600000143
1772729838.8838398,-1.06372,0.059562,1.144985,0.01391792,0.06974742,-0.00188755,0.9974658,0.027776,0.139647,-0.001842,-0.094594787,-1.067410925,0.03418896,-0.097278986,0.02092466,-0.068029619,0.000654983,0.055804332,1.008043758,-0.028679466,0.098971223,-0.019796772,49452.637105481,54355.263989568,55226.123918621,52546.852567967,-1.056800687,0.108132041,1.143168015,-0.088712793,-1.112135601,0.026892116,0.133433935,0.050627998,-0.004987897,0.895760192,-7.874368701,-0.0170347,0.007808658,0.068659577,-0.000685026,0.997612182,-0.876855467,-0.480734765,1.249754896,0.0,0.0,0.0,0.86058265,0.0,3.600000143
1772729838.8938398,-1.064604,0.048877,1.145311,0.01356598,0.06999026,-0.00153621,0.99745424,0.027117,0.140124,-0.001177,-0.082553867,-1.065774443,0.032943738,-0.156407233,0.089631014,-0.030254332,0.003602714,0.050526786,1.009612476,-0.045325668,0.099278849,-0.015544624,49595.428350356,54417.133782111,55171.705431755,52482.705122253,-1.058003759,0.09920284,1.1434663,-0.079342759,-1.11261164,0.026701895,0.14414852,0.036146742,-0.000304213,0.877542664,-7.908329769,-0.023079984,0.007653589,0.068954943,-0.000728983,0.997591646,-0.872753662,-0.488152452,1.250037393,0.0,0.0,0.0,0.86058265,0.0,3.600000143
1772729838.9038403,-1.065353,0.038191,1.145621,0.01249166,0.0716651,-0.00117906,0.99734983,0.025008,0.143472,-0.000567,-0.072049505,-1.062825625,0.033172701,-0.207087949,0.206120512,-0.003834914,0.000457305,0.051345322,1.006940647,-0.077841416,0.11942557,-0.003688706,49569.763187185,54337.725409747,55206.496955544,52644.050959167,-1.059097957,0.090468529,1.143736842,-0.070047661,-1.113003105,0.026587186,0.14253113,0.039118144,-0.001033508,0.853633175,-7.94158311,-0.0271888,0.00744783,0.069244313,-0.000752514,0.997573718,-0.868936805,-0.494912473,1.250296164,0.0,0.0,0.0,0.86058265,0.0,3.600000143
1772729838.91384,-1.065987,0.027578,1.145914,0.01190539,0.0721222,-0.00092376,0.99732432,0.023864,0.144382,-0.000127,-0.061180905,-1.05844794,0.032991251,-0.243774772,0.268343938,0.019406614,-0.003798935,0.050516928,1.001593021,-0.101287432,0.130740408,0.0084052,49168.232968207,53661.319940813,55505.272508683,53349.767648328,-1.060285246,0.080634374,1.144083371,-0.059584609,-1.113224438,0.026803977,0.135835291,0.036722518,-0.006354632,0.812101938,-7.984327263,-0.028718327,0.007087116,0.069616581,-0.000743303,0.997552184,-0.864392426,-0.50280131,1.250599676,0.0,0.0,0.0,0.86058265,0.0,3.600000143
1772729838.9238403,-1.066613,0.017073,1.146326,0.01023854,0.07295811,-0.00177112,0.99728088,0.020381,0.146075,-0.002061,-0.050382954,-1.054450345,0.033553082,-0.23986748,0.192492942,0.002689962,-0.004029034,0.054044444,1.001652027,-0.127757897,0.136176033,0.009595175,49157.026983703,52935.51694445,55684.568260753,53930.754844941,-1.061249301,0.071663312,1.144369712,-0.049912412,-1.113243019,0.026319594,0.13693614,0.039652577,-0.006741374,0.745160778,-8.044088905,-0.027124042,0.006503289,0.070137327,-0.000692162,0.997519754,-0.859131685,-0.51165921,1.250943088,0.0,0.0,0.0,0.86058265,0.0,3.600000143
1772729838.9338403,-1.067088,0.006609,1.146601,0.00891798,0.07502062,-0.00121312,0.99714137,0.017804,0.150198,-0.001094,-0.037796384,-1.053823111,0.03431769,-0.228026158,0.104811126,-0.003244883,-0.001192379,0.06305542,1.007052738,-0.163977456,0.144302137,0.002583378,49237.594163531,53045.483222716,55673.367471776,53766.850037633,-1.062564979,0.058825899,1.144781476,-0.036145023,-1.11293368,0.025326211,0.142761967,0.046381957,-0.003868817,0.642715554,-8.116325821,-0.022710219,0.005608687,0.070766943,-0.000594511,0.997480077,-0.85370225,-0.520737545,1.25129567,0.0,0.0,0.0,0.86058265,0.0,3.600000143
1772729838.9438407,-1.067363,-0.004011,1.146984,0.00787951,0.07548041,-0.00111806,0.99711553,0.015725,0.151118,-0.001052,-0.025361951,-1.052483599,0.033794049,-0.188222886,0.026328146,0.022837809,-0.004964612,0.068771193,1.005614713,-0.182017849,0.141822106,-0.003660414,49327.425056449,53239.781991105,55642.94550804,53527.779322614,-1.063477291,0.048000176,1.14514174,-0.024212948,-1.112689818,0.025021497,0.136262342,0.058159844,-0.006560101,0.538500257,-8.180063944,-0.024532271,0.004702591,0.07132219,-0.000548599,0.997445971,-0.84804465,-0.529831091,1.251652702,0.0,0.0,0.0,0.86058265,0.0,3.600000143
1772729838.9538412,-1.067549,-0.014512,1.147311,0.00705452,0.07483327,-0.00037137,0.99717104,0.014173,0.149808,0.000319,-0.013430102,-1.050705703,0.033124527,-0.150426534,0.00908213,0.050514963,-0.006271725,0.063799899,1.008297326,-0.18481853,0.125007232,0.000471868,49417.255949367,53434.080759494,55612.523544304,53288.708607595,-1.064340106,0.035640754,1.145528821,-0.010353668,-1.112175009,0.024880197,0.146585933,0.049211496,0.001277039,0.401092769,-8.25558622,-0.027537326,0.003508414,0.071980068,-0.000491507,0.997403079,-0.842328197,-0.538963247,1.252011862,0.0,0.0,0.0,0.86058265,0.0,3.600000143
1772729838.9638412,-1.067579,-0.025059,1.14764,0.00680425,0.07334185,-0.00056138,0.99728349,0.013636,0.14682,-0.000123,-0.001027293,-1.049471009,0.03219634,-0.104439965,-0.017308947,0.063077302,-0.004388517,0.05495571,1.015000849,-0.186297928,0.104926106,0.009122201,49205.010392123,53579.398685239,55725.694855112,53223.997126421,-1.065012636,0.023208587,1.145898423,0.003954715,-1.111323101,0.025432425,0.142169252,0.04771273,0.006674413,0.271607908,-8.31839239,-0.025551938,0.002380155,0.072527257,-0.0003942,0.997366182,-0.835435359,-0.549569941,1.252433473,0.0,0.0,0.0,0.86058265,0.0,3.600000143
1772729838.9738414,-1.067581,-0.035535,1.14796,0.00631506,0.07420486,-0.00045027,0.99722292,0.012668,0.148549,4e-05,0.008533594,-1.044563992,0.033546438,-0.087838429,-0.038082105,0.065122049,-0.020311692,0.047140892,0.999182744,-0.187400255,0.085431512,0.005089747,48582.314401075,53658.179162894,56033.976544619,53396.182002733,-1.065396745,0.00489508,1.14642175,0.027745855,-1.100519655,0.024845374,0.124123055,0.045119474,-0.009194638,-0.084708548,-8.375388254,-0.020533302,-0.000724035,0.073023458,-0.000122878,0.997341735,-0.829931736,-0.557846749,1.252764854,0.0,0.0,0.0,0.86058265,0.0,3.600000143
1772729838.983842,-1.067458,-0.045863,1.148264,0.00578391,0.07489007,0.00057225,0.99717486,0.011753,0.149911,0.00203,0.017829893,-1.038573407,0.03318016,-0.070949762,-0.040176589,0.085530836,-0.013190052,0.046830823,1.002724135,-0.128394119,0.020844128,0.001824483,47959.603564138,53736.961518779,56342.265583966,53568.370984159,-1.065472315,-0.020684086,1.147148469,0.063519926,-1.07399094,0.022655356,0.136070133,0.05443326,-0.005571122,-0.551854081,-8.433466266,-0.015318403,-0.004792866,0.073528892,0.000221877,0.997322766,-0.821189563,-0.570642815,1.253281382,0.0,0.0,0.0,0.86058265,0.0,3.600000143
1772729838.9938416,-1.067216,-0.056291,1.148634,0.00543449,0.07504652,0.000688,0.99716499,0.011066,0.150224,0.002213,0.031432819,-1.038329176,0.034492787,-0.074696183,-0.017911951,0.084219824,-0.003029703,0.047747381,1.009010066,-0.060733643,-0.047239007,-0.000686897,47336.93726487,53815.738239975,56650.532573794,53740.547650244,-1.067009214,-0.025718386,1.147570066,0.07022964,-1.01948697,0.020474765,0.146071902,0.062267875,-0.002024273,-0.721815304,-8.423762858,-0.014294097,-0.00627281,0.073444407,0.000338193,0.997303798,-0.80160583,-0.59784221,1.254398642,0.0,0.0,0.0,0.86058265,0.0,3.600000143
1772729839.0038419,-1.066791,-0.066735,1.148965,0.00537085,0.0737271,0.00109109,0.99726339,0.010993,0.147574,0.003001,0.044575839,-1.036860352,0.034918701,-0.050807934,-0.048746014,0.094351667,-0.003079156,0.053883816,1.009665189,0.01448526,-0.038841217,0.010636239,47108.123390191,53942.108992136,56765.741974699,53731.233635984,-1.066657339,-0.03641488,1.147848634,0.079415442,-1.023547774,0.020456151,0.146404028,0.062749999,0.001142749,-0.72971883,-8.390812911,-0.012330049,-0.006343008,0.073157516,0.000358575,0.997298517,-0.798421998,-0.60208159,1.254575369,0.0,0.0,0.0,0.86058265,0.0,3.600000143
1772729839.0138412,-1.066403,-0.076922,1.149367,0.00525496,0.07282493,0.00196433,0.99732896,0.010884,0.145756,0.004734,0.056600442,-1.035534049,0.034990826,0.025784176,-0.120449202,0.093535148,-0.003128603,0.060019666,1.010320249,0.08969699,-0.030444229,0.021958295,48622.539300232,54279.088439768,56026.458458382,52918.659081412,-1.066173947,-0.04921736,1.14822381,0.092342587,-1.027812197,0.020960515,0.146736121,0.063232076,0.004309469,-0.704572506,-8.36278104,-0.005195401,-0.006128827,0.072913255,0.000403126,0.997323103,-0.79260119,-0.609722161,1.254895526,0.0,0.0,0.0,0.86058265,0.0,3.600000143
1772729839.0238411,-1.065714,-0.087347,1.149627,0.0055796,0.072873,0.0020445,0.99732353,0.01155,0.14585,0.004944,0.067851871,-1.034202812,0.033781909,0.144873238,-0.124973495,0.086454332,-0.003178054,0.066155954,1.010975356,0.164914099,-0.022046639,0.033281162,49508.450342466,54552.788461538,55579.642189146,52292.987881981,-1.065628725,-0.063010534,1.148644407,0.107028586,-1.032172758,0.021710586,0.146034586,0.073900058,0.003845171,-0.629810308,-8.317531764,0.017300162,-0.005492562,0.072518624,0.000549196,0.997347979,-0.785547073,-0.618724832,1.255276768,0.0,0.0,0.0,0.86058265,0.0,3.600000143
1772729839.0338411,-1.064818,-0.097871,1.15003,0.00571944,0.07386394,0.00216814,0.99724957,0.011857,0.147835,0.005226,0.079841821,-1.033137504,0.030889035,0.268712549,-0.05182555,0.078328548,-0.002885273,0.068119925,1.00436257,0.242269366,-0.00579443,0.039317299,49779.359069609,54518.309587977,55392.241216889,52334.642120086,-1.065079844,-0.07673062,1.149065167,0.121660726,-1.036391715,0.022431956,0.144358315,0.070181544,-6.4507e-05,-0.486671394,-8.283923388,0.047325615,-0.004265716,0.072225644,0.000718715,0.997375034,-0.779070145,-0.626917247,1.255624889,0.0,0.0,0.0,0.86058265,0.0,3.600000143
1772729839.0438404,-1.06414,-0.107969,1.150304,0.00806183,0.0718139,0.00287397,0.99738133,0.016667,0.143699,0.006963,0.091066656,-1.03153051,0.030007876,0.366033441,0.028948745,0.053130595,-0.004879789,0.05634741,1.006804062,0.315168889,-0.001906898,0.039774976,49944.660256877,54427.343020856,55249.002816423,52497.906742419,-1.064487785,-0.087970724,1.149480705,0.134131772,-1.036688716,0.022369841,0.142533139,0.059500987,-0.004504854,-0.323460842,-8.269857762,0.072182883,-0.002860792,0.072103546,0.000831814,0.997390556,-0.772166749,-0.63541715,1.255989907,0.0,0.0,0.0,0.86058265,0.0,3.600000143
1772729839.0538404,-1.063202,-0.118292,1.150609,0.01045693,0.07137569,0.00299421,0.99739019,0.021507,0.142801,0.007542,0.103147243,-1.028854147,0.027715877,0.411192534,-0.002781152,0.035971338,-0.013952362,0.053730478,1.009802654,0.317359542,0.032267839,0.028779772,50109.973268264,54336.369946828,55105.754170005,52661.183043193,-1.064327818,-0.096014787,1.149824989,0.141807957,-1.03724453,0.022444039,0.136782347,0.052579984,-0.005630129,-0.154179104,-8.270892634,0.091281341,-0.00139941,0.072113447,0.000891506,0.997394881,-0.767135471,-0.641470442,1.256252277,0.0,0.0,0.0,0.86058265,0.0,3.600000143
1772729839.0638409,-1.062033,-0.128651,1.150843,0.01277533,0.07263229,0.00252984,0.99727375,0.026127,0.145315,0.006975,0.115438086,-1.027157079,0.027014808,0.382196368,-0.040447626,-0.005045931,-0.015855564,0.047483457,1.005352619,0.287411707,0.065440009,0.024761764,50463.655419602,55374.374984551,54926.87961933,51329.645037696,-1.062916897,-0.107203399,1.150103466,0.15645919,-1.037025924,0.022497059,0.130089982,0.046560344,-0.005960454,0.032187562,-8.279603665,0.107941254,0.000212151,0.072190657,0.000919201,0.997389949,-0.760506199,-0.649317324,1.256594776,0.0,0.0,0.0,0.86058265,0.0,3.600000143
1772729839.073841,-1.060781,-0.138952,1.151092,0.01408403,0.07401097,0.00231599,0.99715528,0.028749,0.148076,0.006778,0.129685807,-1.02738849,0.025474286,0.298579955,0.013250406,-0.04606541,-0.006801971,0.039689417,1.001541586,0.235174355,0.064392645,0.023056783,49816.061725538,55335.257442198,55510.562703806,51354.354490564,-1.061943146,-0.117455363,1.150411319,0.168367676,-1.036876506,0.022243054,0.136995325,0.038960981,-0.008085539,0.203599993,-8.291142477,0.124110104,0.00169379,0.072292611,0.000951746,0.997381822,-0.753777197,-0.657117714,1.256938184,0.0,0.0,0.0,0.86058265,0.0,3.600000143
1772729839.083841,-1.059495,-0.149093,1.151453,0.01506438,0.07288637,0.00229068,0.99722384,0.03071,0.145815,0.006837,0.14196686,-1.027057118,0.026250394,0.17048039,0.078489355,-0.082816684,-0.002613177,0.052292649,0.999960057,0.160852712,0.05223211,0.01288451,49748.999516126,54626.692255906,55528.210653651,52284.401447415,-1.060969385,-0.127119137,1.15069884,0.179349641,-1.037050379,0.021631032,0.141353766,0.048474933,-0.010832975,0.321733853,-8.305544111,0.136042762,0.002714304,0.072419168,0.000980745,0.997369825,-0.747521785,-0.664222897,1.257253699,0.0,0.0,0.0,0.86058265,0.0,3.600000143
1772729839.0938413,-1.057957,-0.159393,1.151592,0.01568687,0.07093908,0.0018048,0.99735566,0.031873,0.141922,0.005885,0.154208519,-1.026017218,0.027240061,0.058039261,0.096728055,-0.066311448,-0.005409582,0.065749615,0.999399119,0.080431023,0.046618907,0.001341598,49449.574568084,54574.94769137,55801.013925758,52385.285086383,-1.060332136,-0.136687084,1.150980981,0.188768906,-1.037504952,0.020917621,0.139490852,0.058702258,-0.010072848,0.401961703,-8.313732304,0.142541882,0.003408369,0.072491293,0.000986359,0.99736279,-0.741348687,-0.671103949,1.257561865,0.0,0.0,0.0,0.86058265,0.0,3.600000143
1772729839.103841,-1.056338,-0.169787,1.15194,0.01567976,0.07312059,0.000722,0.99719958,0.031722,0.146331,0.003773,0.167226383,-1.027264364,0.028171744,-0.049571547,0.114298943,-0.051662291,-0.005865238,0.054053604,1.003080401,0.00021394,0.040392918,-0.007655276,49369.050658858,54108.373743289,55808.449389946,53052.050170815,-1.05868127,-0.146932872,1.151203775,0.201796904,-1.038125742,0.019946462,0.139846837,0.047913297,-0.00604977,0.442136315,-8.328089929,0.145536235,0.003755946,0.072616695,0.000986516,0.997351984,-0.734756003,-0.678314832,1.257887553,0.0,0.0,0.0,0.86058265,0.0,3.600000143
1772729839.1138415,-1.05468,-0.179888,1.152171,0.01546736,0.07564782,0.00123455,0.99701386,0.031393,0.151383,0.004857,0.177778433,-1.024767275,0.027439673,-0.111231967,0.136412119,-0.044503897,-0.013076192,0.046784645,1.006792722,-0.07555603,0.032722614,-0.0171409,48739.043493026,54402.374554275,56264.636046089,52789.115075804,-1.057117132,-0.157167915,1.151480178,0.214227233,-1.038581035,0.019500431,0.13399719,0.040980783,-0.001296647,0.426573976,-8.335362188,0.138685654,0.003624746,0.072679645,0.000936512,0.997347107,-0.727981645,-0.685579933,1.258218659,0.0,0.0,0.0,0.86058265,0.0,3.600000143
1772729839.1238415,-1.052899,-0.19013,1.152505,0.01441848,0.07520576,0.0009043,0.99706338,0.029223,0.150511,0.004017,0.188906824,-1.020897827,0.027003736,-0.190430361,0.166051097,0.004152256,-0.021838814,0.054677059,1.005307701,-0.140762052,0.023077698,-0.022779455,48799.768976977,54991.885945477,56263.383657644,52158.311482516,-1.055580426,-0.167212908,1.1517092,0.226061153,-1.039057302,0.019258391,0.12544955,0.048091005,-0.002146365,0.375515874,-8.33362576,0.127584622,0.00318742,0.072663803,0.00087232,0.997348799,-0.721300847,-0.692604828,1.258541812,0.0,0.0,0.0,0.86058265,0.0,3.600000143
1772729839.1338415,-1.050716,-0.200516,1.152785,0.01323213,0.07569564,0.0016325,0.99704183,0.026945,0.151479,0.00532,0.197503024,-1.014661457,0.026696529,-0.225877448,0.093982068,0.033485731,-0.014808332,0.049300036,1.004198097,-0.157725342,0.007648543,-0.015286902,49473.746478266,54558.836557102,55821.611467712,52625.789169862,-1.053979955,-0.176915958,1.151955324,0.237468844,-1.039639394,0.01896915,0.1326283,0.044109892,-0.003873715,0.301676869,-8.325128553,0.116193988,0.002552074,0.072589013,0.000820212,0.997357162,-0.714818365,-0.699292423,1.258852292,0.0,0.0,0.0,0.86058265,0.0,3.600000143
1772729839.1438415,-1.048824,-0.210561,1.152999,0.01207442,0.07521329,0.00119349,0.99709365,0.024538,0.150528,0.004244,0.209617838,-1.012754443,0.025168148,-0.247896487,0.011643033,0.042850292,-0.001812486,0.04693504,1.011081635,-0.134008132,-0.021163898,-0.006996642,49396.955070866,54486.00673937,55942.919086713,52683.613486909,-1.052422728,-0.185857009,1.152183694,0.247974154,-1.039905498,0.018646005,0.144039808,0.044375956,-0.001032203,0.232290943,-8.32600773,0.109855268,0.001952174,0.072596055,0.000808979,0.997358048,-0.708602858,-0.705589868,1.259147223,0.0,0.0,0.0,0.86058265,0.0,3.600000143
1772729839.1538415,-1.046812,-0.220486,1.153225,0.0115326,0.07558288,0.00154084,0.99707164,0.023501,0.151264,0.004872,0.220366799,-1.013254832,0.025678657,-0.232839655,-0.031256679,-0.002916988,-0.004710134,0.055939899,1.0057087,-0.142943539,-0.013443527,-0.012626541,48923.299218298,54061.238563984,56161.066444702,53240.008830342,-1.05141939,-0.192121037,1.152365939,0.25479466,-1.030039513,0.018427564,0.143103884,0.060782812,0.002519185,0.019278903,-8.261044842,0.102231215,0.000103521,0.07202898,0.00087749,0.997390736,-0.702839129,-0.711335877,1.259418478,0.0,0.0,0.0,0.86058265,0.0,3.600000143
1772729839.1638415,-1.044393,-0.230729,1.153524,0.00943067,0.07661366,0.0026195,0.99701281,0.019436,0.15332,0.006748,0.221777581,-1.008375981,0.033623109,-0.193311424,-0.133139039,-0.024250237,-0.007607782,0.064944759,1.000335764,-0.151878946,-0.005723155,-0.01825644,48541.774811846,53785.321070183,56295.504329071,53634.633635195,-1.050745881,-0.196679934,1.1525292,0.259124789,-1.012864864,0.018317051,0.142863832,0.060083536,-0.00135504,-0.045497256,-8.255021121,0.093733756,-0.000454878,0.071976093,0.00084445,0.997406192,-0.697676869,-0.71640903,1.259659729,0.0,0.0,0.0,0.86058265,0.0,3.59967451
1772729839.1738415,-1.042124,-0.240825,1.153765,0.00922256,0.07526837,0.00156389,0.99711944,0.018842,0.150643,0.004559,0.242945764,-1.011364853,0.027760594,-0.169515063,-0.064190302,-0.001197111,-0.003970787,0.060615658,1.002339296,-0.156405577,-0.013513485,-0.024872891,48604.010493789,54403.186654837,56312.82766322,52909.620020804,-1.048633244,-0.206372163,1.152768678,0.270234464,-1.017400518,0.018094807,0.142623779,0.059384259,-0.005229265,-0.075429713,-8.261288504,0.084542501,-0.000709682,0.072030474,0.000783263,0.997400061,-0.692243505,-0.721648977,1.259911338,0.0,0.0,0.0,0.86058265,0.0,3.599201946
1772729839.1838415,-1.039475,-0.251079,1.154065,0.00785598,0.07525076,0.00178007,0.99713211,0.016118,0.150611,0.004786,0.266732461,-1.013753783,0.014624451,-0.172048609,0.100837419,0.022017183,-0.001158887,0.052775376,1.008999676,-0.153628594,-0.023404276,-0.028707499,49110.82755525,54003.843476883,56026.107121168,53281.475061389,-1.046520606,-0.216064393,1.153008156,0.281344139,-1.021936173,0.017872563,0.14102604,0.057072848,-0.001344913,-0.123954993,-8.245821199,0.071145594,-0.001123549,0.071895632,0.000697025,0.997414308,-0.686160177,-0.727434107,1.26019121,0.0,0.0,0.0,0.86058265,0.0,3.598729383
1772729839.1938417,-1.037022,-0.261107,1.154325,0.00783812,0.0736773,0.00093345,0.9972509,0.015944,0.147469,0.00305,0.294088256,-1.015855165,-0.001807636,-0.151731348,0.2650819,-0.010763091,-0.012708437,0.053999951,1.014261764,-0.11643209,-0.030279556,-0.017838174,49415.469931546,55562.682336777,55979.811247148,51295.853301273,-1.044076839,-0.226860122,1.153274986,0.293947421,-1.024314449,0.017970198,0.131323828,0.05407854,0.002302933,-0.166252652,-8.203384714,0.063799423,-0.001486993,0.071526117,0.000658851,0.997429656,-0.678182877,-0.734877756,1.260554957,0.0,0.0,0.0,0.86058265,0.0,3.598256808
1772729839.2038414,-1.034265,-0.271074,1.154572,0.00716844,0.07463738,0.00204244,0.99718288,0.014766,0.14938,0.005201,0.32211033,-1.019443396,-0.014052985,-0.090022683,0.317963088,-0.054290696,-0.017245998,0.052252112,1.006098857,-0.040470777,-0.076859343,-0.006895892,49471.832277203,55161.416046262,55905.210568233,51857.532093678,-1.041446828,-0.238276356,1.153557197,0.307390689,-1.025478184,0.018247888,0.129385846,0.048912876,-0.000296281,-0.208460195,-8.160568812,0.056539186,-0.001849706,0.071153301,0.000621359,0.997445002,-0.670575628,-0.74182647,1.260898355,0.0,0.0,0.0,0.86058265,0.0,3.597784256
1772729839.2138414,-1.029891,-0.281627,1.153478,0.00611061,0.08267537,0.00302792,0.9965532,0.012856,0.165498,0.007143,0.347711112,-1.024443071,-0.019041665,-0.036733613,0.379705896,-0.072124754,-0.015630642,0.067185512,1.005455599,-0.027356339,-0.058914153,-0.017113754,49503.300298948,54454.111742096,55819.520724402,52811.255214285,-1.039025565,-0.248339322,1.1538099,0.319090912,-1.025635693,0.018468463,0.133129609,0.059784958,-8.116e-06,-0.244837409,-8.11958544,0.048881388,-0.002161449,0.07079648,0.000576761,0.997482027,-0.663548727,-0.748117568,1.261212725,0.0,0.0,0.0,0.86058265,0.0,3.597311692
1772729839.2238414,-1.027095,-0.291565,1.153588,0.00549299,0.08199867,0.00098914,0.99661681,0.011263,0.164168,0.002912,0.36313908,-1.024435903,-0.020591395,0.064409672,0.338522663,-0.159568051,-0.014727525,0.07354521,1.004785067,-0.018915724,-0.046911214,-0.024307629,49757.799157219,54322.554028293,55617.917527842,52842.025965687,-1.036756299,-0.257159899,1.154046782,0.329389362,-1.025468204,0.018657863,0.128082813,0.075977234,-0.002099499,-0.254060967,-8.087140009,0.039373154,-0.002235808,0.070514182,0.000499075,0.997504123,-0.656987129,-0.753884291,1.261503932,0.0,0.0,0.0,0.86058265,0.0,3.596839129
1772729839.2338417,-1.023171,-0.30202,1.153611,0.00660138,0.08145683,-0.00058262,0.99665484,0.01324,0.163099,-8.7e-05,0.347260665,-1.013918411,0.00031251,0.098925384,0.132238799,-0.213903112,-0.015462129,0.065888635,1.004288007,-0.022366139,-0.045156775,-0.026320808,49733.685152706,54628.828364076,55658.155306925,52419.293559117,-1.033962418,-0.267726959,1.154332444,0.341471463,-1.024955154,0.018591295,0.125838539,0.07153633,-0.002801962,-0.272039632,-8.048207213,0.024261621,-0.002383038,0.070175519,0.000377746,0.997528436,-0.649634933,-0.760230723,1.261827707,0.0,0.0,0.0,0.86058265,0.0,3.596366554
1772729839.243842,-1.019795,-0.312166,1.15382,0.00743602,0.07966657,-0.00128149,0.99679301,0.014809,0.159517,-0.001388,0.310159969,-0.994753726,0.033214503,0.048424542,-0.209769788,-0.232534574,-0.019338745,0.063458232,1.005455088,-0.055078272,-0.043816715,-0.028385261,49517.560036287,55116.88555186,55855.001657091,51850.569954642,-1.03137017,-0.277126123,1.154577433,0.352175636,-1.024132475,0.01855089,0.13103162,0.053390397,-0.000781663,-0.291552462,-8.010142039,0.008851085,-0.002543452,0.069844415,0.000254754,0.997549017,-0.642052789,-0.766644245,1.262158757,0.0,0.0,0.0,0.86058265,0.0,3.595893979
1772729839.2538419,-1.016577,-0.322005,1.154018,0.00736955,0.08252723,-0.00147501,0.99656047,0.014645,0.16526,-0.001747,0.279430628,-0.976968667,0.062182033,-0.102868811,-0.507510595,-0.184730216,-0.02254376,0.060861557,1.006113044,-0.088464243,-0.039012424,-0.029633092,49366.018812271,54828.411990911,56107.583136689,52399.937052089,-1.028496625,-0.285971782,1.154485319,0.363429576,-1.023642865,0.017271662,0.123214834,0.059116056,-0.002703978,-0.32200367,-7.998519425,-0.001790135,-0.002802075,0.069743431,0.000180392,0.997558946,-0.635577398,-0.772023698,1.262439362,0.0,0.0,0.0,0.86058265,0.0,3.595421416
1772729839.2638412,-1.013827,-0.331634,1.154437,0.00689353,0.07935807,-0.00366211,0.99681561,0.01333,0.158929,-0.006286,0.27717136,-0.969089871,0.068014925,-0.306369049,-0.573700012,-0.121047419,-0.021903795,0.057312731,1.003856097,-0.125710378,-0.014373704,-0.026205521,49438.738684495,54676.516692966,56205.737127315,52722.169981729,-1.025452939,-0.294377871,1.154182309,0.374839217,-1.023439772,0.015100673,0.116962177,0.063009651,-0.004277262,-0.374205026,-7.986493887,-0.014590828,-0.003248756,0.069639025,0.000100375,0.997563644,-0.628184217,-0.77805193,1.262757293,0.0,0.0,0.0,0.86058265,0.0,3.594948886
1772729839.2738411,-1.012156,-0.340987,1.155989,0.00402433,0.07317952,-0.00323788,0.99730541,0.007635,0.146514,-0.005933,0.280124956,-0.964316557,0.070155525,-0.463500119,-0.695718105,-0.105403508,-0.014028859,0.042278615,1.007011198,-0.154341059,-0.026766643,-0.023023048,49622.38762215,54707.141949552,56168.483080733,52703.686111934,-1.023205313,-0.300744736,1.154093421,0.382951368,-1.023079566,0.013990698,0.124207857,0.05185768,-0.002737081,-0.443565634,-7.975716749,-0.028399561,-0.003844224,0.069545599,2.1949e-05,0.997567309,-0.621282077,-0.783579655,1.263052067,0.0,0.0,0.0,0.86058265,0.0,3.594985517
1772729839.2838411,-1.008927,-0.350793,1.156537,0.00068713,0.06915152,-0.00330614,0.99760045,0.000923,0.138417,-0.006564,0.306685996,-0.969361764,0.060903943,-0.506328257,-0.818749176,-0.083352547,-0.013838035,0.042170651,1.007326568,-0.176865097,-0.039783016,-0.024540689,49759.009771987,54426.558443481,56136.303483458,53057.661681966,-1.020957686,-0.3071116,1.154004533,0.391063518,-1.022719361,0.012880724,0.123541325,0.054765232,-0.002328948,-0.505680515,-7.964184157,-0.03920155,-0.004378475,0.069445592,-3.4857e-05,0.997570974,-0.618037374,-0.786132785,1.263189686,0.0,0.0,0.0,0.86058265,0.0,3.59549417
1772729839.2938404,-1.005212,-0.360698,1.156829,-0.00163632,0.06588501,-0.00374625,0.99781885,-0.003792,0.131852,-0.007759,0.340978589,-0.976099649,0.046152472,-0.461200215,-0.841333464,-0.035713696,-0.014643473,0.043977503,1.007252021,-0.198709762,-0.052580873,-0.026630544,49687.999568313,54496.860947758,56242.670817926,53012.474245361,-1.018615816,-0.313700753,1.153941775,0.399416933,-1.022330994,0.011918268,0.122874841,0.057672575,-0.001920845,-0.55570585,-7.951408725,-0.047213937,-0.004809196,0.069334719,-7.4831e-05,0.997577566,-0.614792903,-0.788685732,1.263327295,0.0,0.0,0.0,0.86058265,0.0,3.596002786
1772729839.30384,-1.001455,-0.37049,1.157011,-0.00363209,0.06450408,-0.00362663,0.99790424,-0.007782,0.12907,-0.007771,0.375500708,-0.980853014,0.031105041,-0.399725794,-0.650143411,0.018771341,-0.015448931,0.045784398,1.007177472,-0.220554948,-0.065379034,-0.028720448,49504.554237868,54757.168846824,56424.066479874,52751.141512047,-1.015898842,-0.321174987,1.153982803,0.408731355,-1.021830634,0.011541542,0.122208341,0.060579989,-0.001512731,-0.622423689,-7.931318752,-0.057187635,-0.005384139,0.069160341,-0.0001223,0.997586516,-0.608671747,-0.793410184,1.263585099,0.0,0.0,0.0,0.86058265,0.0,3.596511415
1772729839.31384,-0.997895,-0.380227,1.157368,-0.0048474,0.05998305,-0.00363463,0.99818101,-0.010187,0.12,-0.007894,0.39628748,-0.979898798,0.022694777,-0.295083611,-0.518472809,0.016220543,-0.016456985,0.047871538,1.008324991,-0.237533724,-0.083752784,-0.030762327,49321.100159643,55017.489158942,56605.470791861,52489.79631681,-1.013043328,-0.329142885,1.154073938,0.41817584,-1.020737051,0.011179148,0.12360694,0.059765883,0.002689729,-0.704516525,-7.904491796,-0.068967894,-0.00609192,0.068927474,-0.000176672,0.997600237,-0.602003259,-0.79847825,1.263864281,0.0,0.0,0.0,0.86058265,0.0,3.597020068
1772729839.3238397,-0.993981,-0.389938,1.157675,-0.00606168,0.05545658,-0.00326809,0.99843735,-0.012544,0.110928,-0.007243,0.400914368,-0.974839683,0.028795715,-0.277412151,-0.397690331,0.030392388,-0.018057198,0.050777676,1.013045214,-0.240282078,-0.118424564,-0.032663463,49048.056332331,55090.0,56613.977577629,52283.181023906,-1.008139764,-0.34402969,1.154586802,0.433573048,-1.017142595,0.012920507,0.123335245,0.057548295,0.008999929,-0.976895178,-7.736152046,-0.103974542,-0.008444361,0.067464763,-0.000330607,0.997663312,-0.591490592,-0.806251362,1.264300108,0.0,0.0,0.0,0.86058265,0.0,3.597528709
1772729839.3338394,-0.989776,-0.399738,1.158023,-0.00745887,0.05556898,-0.0026221,0.99842355,-0.015281,0.111152,-0.006103,0.4115677,-0.97098964,0.03168482,-0.244837951,-0.221946282,0.036158099,-0.018763572,0.053260122,1.016116629,-0.234342652,-0.142137703,-0.03236593,48740.420213842,55090.0,56555.730297841,52097.694540699,-1.003538315,-0.359513658,1.1559199,0.446332912,-1.011696965,0.01865395,0.115700426,0.062298607,0.00917267,-1.190957691,-7.559262655,-0.13606708,-0.010292222,0.06592809,-0.000500792,0.997758589,-0.576521482,-0.817068624,1.264915786,0.0,0.0,0.0,0.86058265,0.0,3.598037349
1772729839.3438394,-0.985565,-0.409465,1.158347,-0.00924903,0.05602315,-0.0023553,0.99838385,-0.018851,0.112056,-0.005776,0.423015458,-0.967326136,0.032903975,-0.152212642,-0.038857614,0.018779756,-0.016924668,0.054536125,1.014492967,-0.203663717,-0.134645532,-0.025807447,48509.874973961,55143.291866301,56691.427137582,51769.301486602,-0.999369848,-0.371981102,1.156755839,0.457634269,-1.007582522,0.021810825,0.106719624,0.071527228,0.007216236,-1.34200829,-7.420250231,-0.156413771,-0.011598127,0.064720198,-0.000604523,0.997828441,-0.567134223,-0.823619293,1.265297278,0.0,0.0,0.0,0.86058265,0.0,3.598546002
1772729839.3538392,-0.98135,-0.419052,1.158559,-0.00897475,0.05518419,-0.00295075,0.9984315,-0.01836,0.110366,-0.006925,0.430477703,-0.959443028,0.03194972,-0.008225159,0.115127057,0.020870526,-0.015085807,0.055812098,1.012869343,-0.172985514,-0.127153539,-0.019249121,48500.343603825,55216.365704005,56711.284158697,51550.874254332,-0.996184924,-0.380191046,1.157058293,0.465969453,-1.004940877,0.022711409,0.106636429,0.069983318,0.004590677,-1.445990994,-7.310314282,-0.165664521,-0.012500494,0.063764402,-0.000638452,0.99787564,-0.560238751,-0.828318102,1.265575434,0.0,0.0,0.0,0.86058265,0.0,3.599054643
1772729839.3638387,-0.976956,-0.428678,1.158928,-0.01027529,0.05652634,-0.00257964,0.9983449,-0.020943,0.113053,-0.006353,0.43599657,-0.952457319,0.032535695,0.123422364,0.15792462,0.034351035,-0.01324699,0.05708804,1.011245757,-0.142308043,-0.119661725,-0.012690951,48555.026404617,55082.848953148,56669.236622698,51689.841891177,-0.992591807,-0.389623905,1.157426773,0.474346426,-0.999730913,0.023501003,0.111500794,0.076034767,0.002881904,-1.548482817,-7.192023562,-0.171545038,-0.013392142,0.062735509,-0.000646515,0.99793085,-0.551926773,-0.833880839,1.265908808,0.0,0.0,0.0,0.86058265,0.0,3.599563271
1772729839.373839,-0.972653,-0.438112,1.159345,-0.00799457,0.05722618,-0.00211473,0.99832699,-0.016312,0.114477,-0.005171,0.445597783,-0.948344455,0.032635559,0.179186487,0.207619086,0.093887238,-0.016429928,0.06323985,1.00676993,-0.123692838,-0.104707238,-0.010528706,48612.114819251,54941.595904368,56624.870769039,51842.186403372,-0.988637755,-0.399512638,1.157788322,0.483267077,-0.994754009,0.02409416,0.107382988,0.092063797,-0.001054349,-1.647794766,-7.082044921,-0.176867457,-0.014256435,0.061778922,-0.000652323,0.997980413,-0.542895363,-0.839790296,1.266268631,0.0,0.0,0.0,0.86058265,0.0,3.600000143
1772729839.3838387,-0.968155,-0.447587,1.159625,-0.00653779,0.05796396,-0.00221007,0.99829482,-0.0134,0.115961,-0.005205,0.456883089,-0.946559741,0.033159394,0.17689441,0.330329815,0.131939528,-0.018456407,0.058609904,1.004723431,-0.12350995,-0.065673522,-0.008173075,48669.20051176,54800.349590903,56580.507030861,51994.523651381,-0.985010027,-0.408036337,1.158098234,0.491400807,-0.991161477,0.024308635,0.102522448,0.084259089,-0.00370091,-1.719103595,-7.015732939,-0.182599211,-0.014875826,0.061202543,-0.000672508,0.998011648,-0.535247015,-0.844683196,1.266571285,0.0,0.0,0.0,0.86058265,0.0,3.600000143
1772729839.3938386,-0.963546,-0.45692,1.15988,-0.00566889,0.05928267,-0.00120384,0.99822441,-0.011542,0.118619,-0.003097,0.469662122,-0.945026057,0.030167142,0.075499973,0.352030673,0.125740875,-0.019297276,0.050979585,1.005181716,-0.127455367,-0.005643318,-0.004449787,49067.036661429,54721.094367471,56282.347236109,52088.256772842,-0.980310194,-0.418727285,1.158474469,0.501702791,-0.986912271,0.024194009,0.101155998,0.080792627,-0.00222184,-1.801451898,-6.972609544,-0.186068018,-0.015592149,0.060827908,-0.000664828,0.998031998,-0.526205434,-0.850347359,1.266926889,0.0,0.0,0.0,0.86058265,0.0,3.600000143
1772729839.4038389,-0.958661,-0.466537,1.160238,-0.00661589,0.06166058,-0.00047717,0.99807514,-0.013367,0.12339,-0.001782,0.482546284,-0.944261584,0.026947364,-0.08970915,0.289454059,0.078242933,-0.024691968,0.055171674,1.004676785,-0.151738614,0.026743971,-0.004689727,48342.481075265,54495.19498302,56798.624644606,52340.223059153,-0.975951793,-0.428384535,1.158751944,0.510959342,-0.982937599,0.024135443,0.097123722,0.08558573,-0.001988715,-1.884326194,-6.941659804,-0.18991156,-0.016312588,0.060559365,-0.000658558,0.99803156,-0.517919812,-0.855417961,1.267250719,0.0,0.0,0.0,0.86058265,0.0,3.600000143
1772729839.413839,-0.953812,-0.475979,1.160508,-0.00747727,0.06438849,0.00047921,0.99789678,-0.014986,0.12887,-7e-06,0.492484735,-0.941163271,0.024849985,-0.281404267,0.209587305,0.01146215,-0.02397134,0.053254291,1.008245363,-0.178411038,0.028509662,-0.008861741,48438.132078266,54264.555984442,56726.575837151,52558.43984955,-0.972615799,-0.436661719,1.159138551,0.516894427,-0.97861814,0.024464439,0.098452892,0.086356484,0.00050075,-1.968475692,-6.939356072,-0.194789443,-0.017042955,0.060540495,-0.000656913,0.998021925,-0.51001573,-0.860152233,1.267557872,0.0,0.0,0.0,0.86058265,0.0,3.600000143
1772729839.423839,-0.948956,-0.485275,1.160766,-0.0080271,0.06457257,-0.0006245,0.99788053,-0.016237,0.129221,-0.002302,0.497311275,-0.93264885,0.024626306,-0.347137371,0.022808738,-0.045064669,-0.022127847,0.050721297,1.011293846,-0.185490081,0.036563315,-0.008152911,48533.780800821,54033.9224846,56654.528747433,52776.651437372,-0.968769962,-0.444275867,1.159371814,0.525287652,-0.975675758,0.024692768,0.09908201,0.08615828,0.002752838,-2.052893031,-6.938691582,-0.200439271,-0.017775206,0.060536048,-0.000661623,0.998009283,-0.503432224,-0.864020358,1.267812419,0.0,0.0,0.0,0.86058265,0.0,3.600000143
1772729839.4338386,-0.943806,-0.494587,1.160884,-0.01104625,0.06257462,-0.00065569,0.99797894,-0.022306,0.125209,-0.002712,0.502567457,-0.923001113,0.026119236,-0.401400241,-0.07852969,-0.075424216,-0.027109051,0.050969054,1.009844248,-0.19060801,0.066129575,0.009656478,48992.191083134,54114.41671002,56378.496462387,52514.21981757,-0.965155393,-0.451308005,1.159580406,0.533099749,-0.972877264,0.024928942,0.095024888,0.086282568,0.002532879,-2.136198501,-6.944384218,-0.202462609,-0.018499511,0.060586417,-0.000634289,0.997993028,-0.497439437,-0.867492682,1.268043297,0.0,0.0,0.0,0.86058265,0.0,3.600000143
1772729839.443839,-0.938755,-0.503876,1.161263,-0.01364436,0.06298669,-0.00079421,0.99792078,-0.027554,0.126023,-0.00333,0.509186461,-0.915155496,0.027826017,-0.399827836,-0.099237805,-0.073847327,-0.023337822,0.044134724,1.008479071,-0.180477334,0.083032267,0.003776323,49341.476912953,54374.791393997,56160.443424853,52116.712426425,-0.961944336,-0.45791003,1.159810821,0.539511142,-0.969786438,0.025193714,0.096938679,0.075547243,-0.00137747,-2.218439751,-6.959711439,-0.202151124,-0.019215527,0.060720279,-0.000585456,0.997972283,-0.49053422,-0.871416755,1.26830803,0.0,0.0,0.0,0.86058265,0.0,3.600000143
1772729839.4538393,-0.933768,-0.512855,1.161485,-0.01471293,0.06228201,-0.00130519,0.99794929,-0.029763,0.124592,-0.004472,0.51308829,-0.909998323,0.034383386,-0.3206459,-0.083578148,0.004399651,-0.018634477,0.048543574,1.010486858,-0.169994467,0.081206372,-0.004492565,48763.372573392,54630.874748656,56454.095894417,52138.947208716,-0.958192747,-0.465381824,1.160044048,0.546874365,-0.966013607,0.025021687,0.103851428,0.08545292,0.002365535,-2.298277863,-6.983802928,-0.201997582,-0.01991028,0.060930468,-0.000537599,0.997945998,-0.483478212,-0.875345142,1.268577197,0.0,0.0,0.0,0.86058265,0.0,3.600000143
1772729839.4638388,-0.92855,-0.521885,1.16187,-0.01583087,0.06083854,-0.00090336,0.99802166,-0.031951,0.121708,-0.003757,0.525824744,-0.907869048,0.033211803,-0.236426158,-0.088568325,0.029207991,-0.020836628,0.05813418,1.010188436,-0.16196279,0.072537744,-0.010285789,48813.941060356,54731.147627784,56377.996632684,52056.95565593,-0.953648554,-0.474131197,1.16033331,0.555852597,-0.961831494,0.025220419,0.102238169,0.097665498,0.000435499,-2.374152403,-7.008704238,-0.20773358,-0.020567332,0.061148684,-0.000542726,0.997919229,-0.474974903,-0.879986885,1.268900148,0.0,0.0,0.0,0.86058265,0.0,3.600000143
1772729839.4738383,-0.923124,-0.531038,1.162255,-0.01847621,0.06385715,-0.00071443,0.99778774,-0.037274,0.127753,-0.003816,0.545505784,-0.908114502,0.027664168,-0.234294143,0.011072341,-0.090323195,-0.027645266,0.049298497,1.004355669,-0.153081079,0.058990777,-0.015684889,48895.756252758,54823.676714428,56283.519565268,51969.783516407,-0.948899159,-0.483211358,1.160637078,0.565248943,-0.957543385,0.025515103,0.098159862,0.099442972,-0.003775432,-2.477650086,-7.041941751,-0.215449371,-0.021463579,0.061440044,-0.000548387,0.997881797,-0.466612718,-0.884448843,1.269216086,0.0,0.0,0.0,0.86058265,0.0,3.600000143
1772729839.4838383,-0.917713,-0.540168,1.162493,-0.01832451,0.06266588,-0.00141671,0.99786532,-0.037047,0.12534,-0.005165,0.563110386,-0.905959974,0.021731994,-0.330618704,0.010428816,-0.293023132,-0.024134355,0.046730767,1.005920194,-0.144592836,0.027307293,-0.015715849,48857.011457608,54928.087050353,56338.378002962,51803.754877821,-0.944065411,-0.492262548,1.160915079,0.574564264,-0.952964275,0.025309232,0.100343798,0.097412056,-0.00290615,-2.558335317,-7.055417718,-0.22633909,-0.022159964,0.061559869,-0.000597333,0.997856406,-0.456713925,-0.889518708,1.269586824,0.0,0.0,0.0,0.86058265,0.0,3.600000143
1772729839.4938383,-0.912255,-0.549083,1.162857,-0.01871013,0.0613305,-0.00130371,0.99794128,-0.037796,0.122667,-0.004934,0.575801248,-0.902769859,0.018995434,-0.494834301,0.378882367,-0.561457797,-0.022063763,0.064082126,1.008000103,-0.137239869,-0.001130319,-0.01109069,48804.758085559,55033.828126073,56409.969237108,51628.891231202,-0.936320805,-0.506195547,1.161242868,0.589208858,-0.945487891,0.024440757,0.102662363,0.095246889,0.00018324,-2.676934565,-7.047754569,-0.235320577,-0.023188114,0.061495552,-0.000613414,0.997835736,-0.445527076,-0.895156745,1.270004423,0.0,0.0,0.0,0.86058265,0.0,3.600000143
1772729839.5038383,-0.905831,-0.558252,1.1626,-0.023058,0.0624243,-0.00603107,0.99776508,-0.047149,0.124614,-0.015031,0.581279206,-0.89201777,0.017947414,-0.543400742,0.556326661,-0.703365199,-0.016713578,0.047357045,1.013281234,-0.114358936,-0.035795646,-0.013456376,48783.7386387,55134.325267896,56450.69545548,51451.841890008,-0.930046867,-0.517244805,1.161573467,0.600676872,-0.93908075,0.024572417,0.105078273,0.092984649,0.004877925,-2.771732794,-7.020192585,-0.244653494,-0.024009452,0.061257985,-0.000649665,0.997831786,-0.434280265,-0.900767197,1.270423398,0.0,0.0,0.0,0.86058265,0.0,3.600000143
1772729839.5138383,-0.900048,-0.567136,1.162927,-0.02725707,0.06861303,-0.01028465,0.9972179,-0.056329,0.136709,-0.024483,0.587778746,-0.883161196,0.020280478,-0.440604481,0.573909506,-0.521613569,-0.024284496,0.041877084,1.015596152,-0.139324077,-0.043017357,-0.010785979,48798.113510179,55228.879978066,56456.445404072,51272.315717321,-0.923406811,-0.528565346,1.161954553,0.612383855,-0.93183871,0.025333889,0.102608828,0.090480513,0.008776421,-2.874449248,-6.975539487,-0.249912023,-0.024902498,0.060870859,-0.000650318,0.99783458,-0.422951784,-0.906138267,1.270841269,0.0,0.0,0.0,0.86058265,0.0,3.600000143
1772729839.5238383,-0.894534,-0.575749,1.163307,-0.02921705,0.06888007,-0.01338514,0.99710718,-0.060715,0.137008,-0.031013,0.595281084,-0.877577896,0.022458704,-0.271018987,0.455379256,-0.256442278,-0.026770613,0.044216052,1.018782585,-0.153096304,-0.054575828,-0.005129175,48812.488381657,55323.434688235,56462.195352663,51092.789544634,-0.916553185,-0.540028398,1.16239838,0.624369667,-0.924412599,0.026619209,0.094302622,0.097398236,0.008244266,-2.990224994,-6.916680986,-0.251227259,-0.025911869,0.060359261,-0.000613775,0.997838408,-0.411132097,-0.911567539,1.271274842,0.0,0.0,0.0,0.86058265,0.0,3.600000143
1772729839.5338387,-0.888486,-0.584598,1.163533,-0.03102077,0.07927332,-0.01477088,0.99626065,-0.065003,0.15769,-0.034788,0.604637698,-0.875490676,0.025776851,0.015378832,0.178799162,0.085683813,-0.033080569,0.046554434,1.018850338,-0.147078718,-0.056501488,-0.000371244,48591.020184388,55255.506871543,56596.842040565,51136.593042409,-0.910151085,-0.550372072,1.1627791,0.635042219,-0.917673423,0.027694001,0.091188745,0.114169192,0.005120195,-3.104877201,-6.8488824,-0.252088035,-0.026912033,0.059769677,-0.000576973,0.997846909,-0.398848361,-0.91701012,1.271722723,0.0,0.0,0.0,0.86058265,0.0,3.600000143
1772729839.5438387,-0.88245,-0.593155,1.163791,-0.02748819,0.07007984,-0.01064652,0.99710575,-0.056894,0.139622,-0.025333,0.613099575,-0.870813262,0.028010633,0.265140155,-0.152670703,0.281346436,-0.043606504,0.044550866,1.01729807,-0.140067394,-0.052509862,0.00240068,48303.050842755,54905.62336131,56762.28986613,51557.529028231,-0.903763431,-0.560475571,1.163082993,0.645748255,-0.911127327,0.028397031,0.078699757,0.103783955,0.008813849,-3.184176409,-6.799203098,-0.255845845,-0.02760228,0.059338382,-0.000580405,0.99785445,-0.39056164,-0.920573597,1.272023421,0.0,0.0,0.0,0.86058265,0.0,3.600000143
1772729839.5538385,-0.876005,-0.602079,1.163988,-0.02509041,0.06979333,-0.00630726,0.99722594,-0.051443,0.139333,-0.01624,0.627077948,-0.867820777,0.027869918,0.305584249,-0.28669695,0.219029612,-0.037256895,0.044652169,1.017259371,-0.113856856,-0.040793452,4.3828e-05,48691.138711244,54617.030283693,56548.754262329,51876.377831726,-0.896868247,-0.570593631,1.163172163,0.657496979,-0.904555359,0.028094942,0.083683448,0.102634476,0.009540822,-3.271350095,-6.757145004,-0.264921292,-0.028358155,0.058974856,-0.00062489,0.997855088,-0.380010892,-0.924973574,1.272404427,0.0,0.0,0.0,0.86058265,0.0,3.600000143
1772729839.5638387,-0.869704,-0.610729,1.164221,-0.02501252,0.06797049,-0.00920759,0.99733124,-0.05164,0.135532,-0.021969,0.632944038,-0.861197228,0.031717882,0.266053006,-0.262419108,0.108339706,-0.025827475,0.04655378,1.011560857,-0.126647847,-0.030713047,-0.013620809,49340.083830033,54514.252835993,56040.120938281,51931.508363776,-0.889499883,-0.581367906,1.163453272,0.669325497,-0.896774421,0.028683028,0.091123953,0.102849865,0.009835095,-3.370253533,-6.715735891,-0.277385634,-0.029214446,0.058617932,-0.000693022,0.99784715,-0.368486872,-0.92961923,1.272818659,0.0,0.0,0.0,0.86058265,0.0,3.600000143
1772729839.5738387,-0.863332,-0.619325,1.164695,-0.02329932,0.06877068,-0.00790472,0.99732906,-0.048031,0.137236,-0.019153,0.636384232,-0.853449648,0.034661202,0.234018804,-0.244980136,0.055866269,-0.024874153,0.043257124,1.013118156,-0.122501026,-0.026406349,-0.008728232,49429.371089536,54968.79180151,55990.717907228,51276.566882416,-0.882940316,-0.590926859,1.163758383,0.679463021,-0.889492814,0.029222917,0.091736846,0.101898116,0.008244914,-3.448980226,-6.705071837,-0.295864137,-0.029890937,0.058530355,-0.000816467,0.997838271,-0.358256363,-0.933610366,1.273184706,0.0,0.0,0.0,0.86058265,0.0,3.600000143
1772729839.5838387,-0.857224,-0.627592,1.165002,-0.02306777,0.06744892,-0.01088891,0.99739659,-0.047935,0.134449,-0.025062,0.635436134,-0.840776676,0.038014586,0.208383183,-0.185946559,0.081164485,-0.023920832,0.039960467,1.014675455,-0.118354205,-0.022099651,-0.003835655,48086.310696822,54459.67903423,56703.486491443,52328.186185819,-0.873931896,-0.603477157,1.164204361,0.688997037,-0.874608756,0.029539825,0.083486331,0.102915429,0.005721319,-3.607445063,-6.678545023,-0.308104809,-0.031265592,0.058303793,-0.000849632,0.997829163,-0.34162882,-0.939644906,1.273774414,0.0,0.0,0.0,0.86058265,0.0,3.600000143
1772729839.5938387,-0.850772,-0.636051,1.165521,-0.02303719,0.06829894,-0.00932485,0.9973553,-0.047686,0.136228,-0.021952,0.640649931,-0.830640652,0.038439722,0.273008102,-0.401158826,0.243067313,-0.037269993,0.047958295,1.010733038,-0.112372448,-0.010702331,-0.006434148,47627.398899755,54911.754156479,57027.37396088,51786.379706601,-0.863925376,-0.61724666,1.164707753,0.698285077,-0.856626109,0.029765852,0.08016764,0.108260231,0.006072018,-3.830668534,-6.54384487,-0.319617175,-0.033208936,0.057135832,-0.000875769,0.997820046,-0.321180148,-0.946911769,1.274497826,0.0,0.0,0.0,0.86058265,0.0,3.600000143
1772729839.6038382,-0.844233,-0.644371,1.165738,-0.01992656,0.06409793,-0.00525839,0.99773079,-0.040782,0.128045,-0.013155,0.64019657,-0.818516107,0.039959518,0.237654829,-0.361037449,0.396114238,-0.030375937,0.046409645,1.019982659,-0.087765593,0.002217417,0.01293143,48220.769219298,54715.01252703,56813.345661522,51846.659707206,-0.853919334,-0.631015506,1.165211121,0.707572674,-0.838644318,0.029991868,0.084623326,0.112631413,0.009311953,-3.942418807,-6.49820637,-0.326227737,-0.034180587,0.056741216,-0.00089107,0.997803968,-0.30979819,-0.950791388,1.27489871,0.0,0.0,0.0,0.86058265,0.0,3.600000143
1772729839.6138377,-0.837687,-0.652603,1.16612,-0.01800121,0.06146257,-0.00292557,0.99794276,-0.036572,0.122876,-0.008113,0.643657044,-0.809756891,0.041307363,0.116848651,-0.231942445,0.353959714,-0.028616009,0.050407326,1.017081515,-0.072825002,0.024882601,0.013546681,48446.869838749,54839.805114423,56681.895451584,51530.432445639,-0.846895741,-0.639739158,1.165531507,0.716964235,-0.82974346,0.030712239,0.08704926,0.119003433,0.006392988,-3.959566965,-6.512598216,-0.325491898,-0.03432967,0.056866444,-0.000871823,0.997791867,-0.301807627,-0.953356,1.27517845,0.0,0.0,0.0,0.86058265,0.0,3.600000143
1772729839.623838,-0.831562,-0.660363,1.166688,-0.01787379,0.05880147,-0.0028289,0.99810566,-0.036271,0.11755,-0.007803,0.654546001,-0.806278624,0.043578693,0.007138207,-0.028085589,0.325249973,-0.031023234,0.05338461,1.006496586,-0.051990496,0.022101492,0.008141311,48541.022292994,54880.352866242,56558.920541401,51395.792197452,-0.841218334,-0.64657435,1.165793842,0.725860053,-0.825416992,0.031214214,0.083764372,0.123274026,-0.001167526,-3.972852913,-6.523024769,-0.323618757,-0.034445849,0.056956767,-0.000845753,0.997782405,-0.294489866,-0.955644191,1.275434013,0.0,0.0,0.0,0.86058265,0.0,3.600000143
1772729839.6338387,-0.824607,-0.66869,1.166988,-0.01837515,0.06245137,-0.00200287,0.99787683,-0.037221,0.124888,-0.006342,0.663579887,-0.800901502,0.044276752,-0.10831447,0.135223813,0.094876516,-0.028573027,0.042261453,1.012656485,-0.047908676,0.005923653,0.008991112,48643.937294182,54869.069429199,56481.375840423,51347.716263035,-0.835621117,-0.653502562,1.166086457,0.734268941,-0.821724864,0.031496344,0.085309179,0.112165677,0.003278428,-3.983917809,-6.526563663,-0.322459716,-0.034542621,0.056987313,-0.000829088,0.997775154,-0.288034804,-0.957618474,1.275659,0.0,0.0,0.0,0.86058265,0.0,3.600000143
1772729839.6438386,-0.818561,-0.676265,1.167625,-0.02073715,0.06515015,-0.00120845,0.99765924,-0.041902,0.130314,-0.005157,0.677429939,-0.798972363,0.04599208,-0.161036881,0.246959854,-0.045549539,-0.031013755,0.042609879,1.017361404,-0.043918456,0.022997316,0.018067941,48799.324368825,54880.579582876,56502.237993963,51259.231956641,-0.829424019,-0.660998115,1.166467577,0.742624801,-0.816084123,0.032289452,0.085411952,0.113308658,0.010147294,-3.994920589,-6.527377,-0.320433368,-0.034639397,0.056993858,-0.000805723,0.997769657,-0.279835625,-0.960040252,1.275943986,0.0,0.0,0.0,0.86058265,0.0,3.600000143
1772729839.6538389,-0.811133,-0.684665,1.167951,-0.02085013,0.06491286,-0.00139372,0.99767212,-0.042151,0.12983,-0.005534,0.691403729,-0.796226614,0.044506899,-0.113865379,0.180192676,-0.086234402,-0.03465047,0.047777106,1.015034094,-0.042629117,0.029487128,0.016845594,48824.341813291,54878.165818671,56394.536209795,51172.530494228,-0.823226774,-0.668493847,1.166848705,0.75098086,-0.810443248,0.03308258,0.07942843,0.119730548,0.005339012,-4.012681272,-6.532433604,-0.310286417,-0.034798885,0.057034921,-0.000706986,0.99776416,-0.268313515,-0.963331181,1.276343405,0.0,0.0,0.0,0.86058265,0.0,3.600113912
1772729839.6638386,-0.804066,-0.692625,1.168372,-0.02044752,0.06441483,-0.00103528,0.99771316,-0.041289,0.128849,-0.004739,0.702508362,-0.790745626,0.044224285,-0.063288675,0.080613897,-0.097636462,-0.033788881,0.049056772,1.015212808,-0.062598168,0.003625666,0.002727942,48352.515006701,54918.870767908,56572.523072644,51245.724999368,-0.817029824,-0.675989222,1.167229816,0.759336521,-0.804802641,0.033875669,0.081686171,0.115081511,0.005921524,-4.03795412,-6.528576636,-0.304513913,-0.035021968,0.056999739,-0.000645351,0.997759062,-0.260379854,-0.965499451,1.276617533,0.0,0.0,0.0,0.86058265,0.0,3.600498912
1772729839.6738386,-0.797315,-0.700257,1.168849,-0.02082495,0.06443531,-0.00434319,0.99769512,-0.042478,0.128748,-0.011445,0.707665302,-0.780755737,0.045238544,-0.024898763,-0.087719003,-0.062408916,-0.036690382,0.044995244,1.013459412,-0.073608295,-0.012826293,0.006283958,49027.016684438,54770.673524431,56140.127391332,51152.71184846,-0.809203805,-0.685105694,1.167779742,0.769092346,-0.796884183,0.035055901,0.079835776,0.120921773,0.008395071,-4.077645691,-6.509700241,-0.303624716,-0.035368771,0.056835327,-0.00062374,0.997756108,-0.248944693,-0.968516781,1.277011776,0.0,0.0,0.0,0.86058265,0.0,3.600883921
1772729839.6838384,-0.790127,-0.708097,1.169331,-0.02068372,0.06452869,-0.00284099,0.99769743,-0.042,0.129,-0.008408,0.714555674,-0.772348386,0.044275003,-0.019220601,-0.036894577,0.023201032,-0.032779589,0.039155946,1.01703562,-0.080150493,-0.013671157,0.011904743,49191.700355468,54662.920429927,55990.183034306,51025.029152557,-0.801454593,-0.694029458,1.168316168,0.778741782,-0.789113983,0.036210537,0.078556907,0.109770344,0.010827453,-4.117752641,-6.489855715,-0.296992094,-0.035722067,0.056660686,-0.000552339,0.997753385,-0.238664605,-0.971098305,1.277365159,0.0,0.0,0.0,0.86058265,0.0,3.60126892
1772729839.6938388,-0.783006,-0.71576,1.169763,-0.02152968,0.06475605,-0.00242312,0.9976659,-0.043652,0.129467,-0.007688,0.714941766,-0.759745713,0.045275529,-0.065417891,0.021516656,0.134262304,-0.031764944,0.041913823,1.017637136,-0.087903,-0.016610103,0.010005865,48945.715569939,54635.723480762,56048.759079468,51134.664509169,-0.794545851,-0.70166124,1.168743269,0.787473266,-0.782639417,0.03713091,0.088084012,0.121974867,0.0071947,-4.167185909,-6.460988191,-0.292471404,-0.036155879,0.056408152,-0.000497726,0.997751873,-0.229774936,-0.973243717,1.277670004,0.0,0.0,0.0,0.86058265,0.0,3.601653948
1772729839.7038395,-0.775751,-0.72335,1.170215,-0.02198253,0.06479581,-0.00147058,0.99765531,-0.04444,0.129585,-0.005832,0.725517572,-0.754316745,0.044966379,-0.080570323,0.040484059,0.193002471,-0.032105441,0.046732786,1.016954976,-0.095501486,-0.020435396,0.006892232,48678.93610103,54614.08500156,56165.255398814,51256.627847207,-0.788140531,-0.708662807,1.169169238,0.795081644,-0.776111808,0.037982889,0.075814803,0.135727996,-0.001258171,-4.209847692,-6.440185154,-0.293875129,-0.036527486,0.056227655,-0.000495631,0.997749381,-0.219588685,-0.97559087,1.278018381,0.0,0.0,0.0,0.86058265,0.0,3.602038984
1772729839.7138395,-0.768462,-0.730865,1.170655,-0.02155698,0.06317502,0.00016267,0.99776961,-0.043357,0.126412,-0.002418,0.733036655,-0.746505355,0.045551908,-0.064553238,-0.002753558,0.214198361,-0.032445914,0.051551403,1.016272865,-0.103099429,-0.024260415,0.003778822,48701.666447703,54648.524920763,56139.08106022,51194.980391835,-0.786174167,-0.710767064,1.169300701,0.797401409,-0.774207496,0.038043199,0.076361284,0.138090969,-0.000426203,-4.24324838,-6.426664032,-0.296287107,-0.03681767,0.05611084,-0.0005046,0.997745911,-0.217184866,-0.976120161,1.278100422,0.0,0.0,0.0,0.86058265,0.0,3.602423993
1772729839.7238393,-0.761146,-0.738216,1.171096,-0.02206383,0.06634303,0.00036883,0.99755283,-0.044376,0.132767,-0.002211,0.736658589,-0.736770419,0.047745481,-0.074162232,-0.029432526,0.115790756,-0.03278638,0.056369906,1.015590771,-0.110697191,-0.028085342,0.000665486,48724.396252443,54682.964018853,56112.907345672,51133.334406254,-0.78420785,-0.712871271,1.169432161,0.799721118,-0.772303231,0.038103508,0.077465333,0.140023105,0.000770124,-4.258693324,-6.42069039,-0.297725604,-0.036951688,0.056059367,-0.000511523,0.997743191,-0.214781104,-0.976649439,1.278182462,0.0,0.0,0.0,0.86058265,0.0,3.602808993
1772729839.7338388,-0.753695,-0.745607,1.171579,-0.02267212,0.06460682,0.0013095,0.99765235,-0.045464,0.12933,-0.000319,0.744127594,-0.730324376,0.049158536,-0.077873275,-0.07130051,0.080032927,-0.033126837,0.061188293,1.014908692,-0.118294772,-0.031910178,-0.002447776,48639.778190695,54634.648894731,56145.570154677,51151.090443418,-0.78224158,-0.714975428,1.169563618,0.802040773,-0.77039901,0.038163815,0.078569356,0.141955194,0.001966424,-4.274137899,-6.414716889,-0.299164068,-0.037085703,0.056007894,-0.000518445,0.997740885,-0.212377399,-0.977178705,1.278264499,0.0,0.0,0.0,0.86058265,0.0,3.603193983
1772729839.7438388,-0.746283,-0.752833,1.172142,-0.02304876,0.06431735,0.00102107,0.99766276,-0.046258,0.128736,-0.000935,0.750621248,-0.722921766,0.050069978,-0.105265233,-0.094251919,0.039712758,-0.03346731,0.066006911,1.014226581,-0.125892714,-0.035735197,-0.005561187,48489.768509219,54535.924574443,56214.072744264,51217.21192695,-0.779001276,-0.718396718,1.169771506,0.805792456,-0.767211019,0.038281103,0.079673432,0.143887375,0.00316278,-4.289583211,-6.408743104,-0.3006026,-0.037219724,0.055956419,-0.000525368,0.997738578,-0.209613084,-0.977776108,1.278358769,0.0,0.0,0.0,0.86058265,0.0,3.603578992
1772729839.7538383,-0.73871,-0.760052,1.17261,-0.02319725,0.06276386,0.00168638,0.99775736,-0.046462,0.125655,0.000457,0.757980618,-0.715706122,0.050883362,-0.134823147,-0.088160551,0.00742774,-0.033807767,0.070825298,1.013544503,-0.133490295,-0.039560033,-0.008674449,48339.765980768,54437.204961702,56282.57206739,51283.330257561,-0.774838306,-0.722771882,1.170034745,0.810581217,-0.763093304,0.03843966,0.080777455,0.145819465,0.004359079,-4.312923346,-6.398413532,-0.301826037,-0.037422771,0.055866984,-0.000528028,0.997736271,-0.202346217,-0.979224219,1.27860577,0.0,0.0,0.0,0.86058265,0.0,3.603963983
1772729839.7638388,-0.731117,-0.767167,1.17314,-0.02459644,0.06351764,0.00110345,0.99767696,-0.049357,0.127137,-0.00093,0.764691969,-0.708028667,0.051314909,-0.173198776,-0.03860239,-0.023000139,-0.034313384,0.067038186,1.011501706,-0.138476084,-0.04516427,-0.00869514,48189.749146266,54338.475933867,56351.077923439,51349.454894015,-0.770709952,-0.727026377,1.170294182,0.815305236,-0.75896093,0.038869633,0.079239963,0.142740385,0.002584427,-4.38202276,-6.36199533,-0.301620918,-0.038026019,0.055550136,-0.000504729,0.997730583,-0.195078657,-0.980672469,1.278852794,0.0,0.0,0.0,0.86058265,0.0,3.60434901
1772729839.7738388,-0.723366,-0.774239,1.17358,-0.02481714,0.06282469,0.00173069,0.99771447,-0.049716,0.125779,0.000338,0.779098198,-0.702360596,0.050564734,-0.177880451,0.017160391,-0.064146457,-0.034955274,0.056147875,1.008335919,-0.141305259,-0.052236658,-0.006162971,48039.739464789,54239.751613579,56419.580513027,51415.576377547,-0.766304378,-0.731523057,1.170570947,0.820295062,-0.754524594,0.03932578,0.076542053,0.137459912,-0.000495361,-4.424829448,-6.335788526,-0.301201817,-0.038400019,0.055322005,-0.00048921,0.997728895,-0.187811443,-0.982120649,1.279099807,0.0,0.0,0.0,0.86058265,0.0,3.604734019
1772729839.7838392,-0.715672,-0.781144,1.174133,-0.02604846,0.06363726,0.00157158,0.99763185,-0.05222,0.127399,-0.000181,0.781591363,-0.693030284,0.048323589,-0.174480974,0.068059952,-0.046477236,-0.033183959,0.040116734,1.010231757,-0.154943392,-0.065784411,-0.01822217,47802.777537173,54263.077811462,56551.964919879,51374.966507868,-0.757520777,-0.740110448,1.171126159,0.829576056,-0.745442683,0.03938946,0.080220696,0.115726053,0.001561025,-4.496157374,-6.29413388,-0.303411499,-0.039021745,0.054960401,-0.000488525,0.997725104,-0.180403089,-0.983591438,1.279351582,0.0,0.0,0.0,0.86058265,0.0,3.605119047
1772729839.7938392,-0.707831,-0.788055,1.174642,-0.02727688,0.06444238,0.00077571,0.99754827,-0.054802,0.128968,-0.001984,0.774583353,-0.680402125,0.047584467,-0.167107354,0.19477142,-0.013101695,-0.04383986,0.030589975,1.00547448,-0.146210631,-0.065448348,-0.006446182,47905.202496801,54797.118151305,56546.438582088,50714.512665105,-0.748737594,-0.748697429,1.171681344,0.838856607,-0.736361206,0.039453138,0.065549608,0.111939346,-0.003045463,-4.601663541,-6.233967729,-0.308771826,-0.039940334,0.054438851,-0.000505623,0.997717551,-0.167090876,-0.985929042,1.279802136,0.0,0.0,0.0,0.86058265,0.0,3.60527873
1772729839.8038387,-0.699946,-0.794856,1.175116,-0.02828833,0.06501392,0.00051316,0.99748318,-0.056879,0.130096,-0.002677,0.768958212,-0.669233816,0.046265565,-0.138343357,0.219107384,0.118296158,-0.039602728,0.031917022,1.003151778,-0.121250907,-0.067706166,-0.000906791,48348.010486972,55082.027400575,56244.562585711,50305.657815483,-0.739954831,-0.757284,1.172236503,0.848136716,-0.727280162,0.039516812,0.066599742,0.111776827,-0.005236657,-4.694126163,-6.169325172,-0.304840338,-0.040749971,0.053875015,-0.000450459,0.997714743,-0.156814099,-0.987594199,1.280149197,0.0,0.0,0.0,0.86058265,0.0,3.60527873
1772729839.8138387,-0.691911,-0.801615,1.175516,-0.02750301,0.06387012,0.00126773,0.99757836,-0.055189,0.127849,-0.000992,0.765704246,-0.659235769,0.046720849,-0.098893691,0.170049542,0.14845015,-0.042897068,0.049531767,0.998197363,-0.125859403,-0.071842602,-0.02508567,48369.439323456,55245.563257953,56103.583398317,50197.949716314,-0.732073589,-0.764768595,1.172738996,0.856098235,-0.719060438,0.039368463,0.067611778,0.123412263,-0.006713346,-4.768242816,-6.103097528,-0.306318061,-0.041397411,0.053299224,-0.000452562,0.997718501,-0.146276756,-0.989205398,1.280504487,0.0,0.0,0.0,0.86058265,0.0,3.60527873
1772729839.8238385,-0.685107,-0.807842,1.175938,-0.02878698,0.06848292,0.00293109,0.99723257,-0.057586,0.137185,0.001921,0.764559684,-0.64757249,0.048121666,-0.049524546,0.00424418,0.158604353,-0.044144582,0.045245788,1.002542036,-0.091778583,-0.068761428,-0.01441534,48387.972492392,55113.427316666,56064.405501522,50360.880959484,-0.724292215,-0.77193807,1.173246963,0.863571663,-0.710880213,0.038861578,0.063307789,0.119919585,-0.004418511,-4.8291111,-6.041810025,-0.312838652,-0.041926986,0.052768241,-0.000503596,0.997723473,-0.136236928,-0.990637923,1.280842554,0.0,0.0,0.0,0.86058265,0.0,3.60527873
1772729839.8338387,-0.677282,-0.814354,1.176521,-0.02935004,0.06905706,0.00368467,0.99717407,-0.058619,0.138381,0.003327,0.77102525,-0.637450919,0.050382896,-0.042360451,-0.045438959,0.057444641,-0.038512321,0.042207091,1.009240817,-0.068352836,-0.051399691,-0.015875706,48405.491914792,54877.665946656,56060.901617042,50618.666746226,-0.716640645,-0.778839325,1.173721116,0.870799084,-0.702854757,0.038423956,0.064195002,0.125041763,-0.001517313,-4.870298327,-5.996500051,-0.316706164,-0.042285785,0.052375344,-0.000535129,0.997729804,-0.126649071,-0.991907977,1.281164974,0.0,0.0,0.0,0.86058265,0.0,3.60527873
1772729839.8438385,-0.669155,-0.820852,1.176987,-0.02883525,0.06577294,0.00505312,0.99740509,-0.057386,0.131878,0.006342,0.787810658,-0.631836306,0.049557254,-0.067361409,0.0393555,-0.10359024,-0.036523805,0.051198755,1.012295397,-0.055303066,-0.035904837,-0.026226619,48275.901345901,54549.508474192,56049.41326415,51046.360583677,-0.709157974,-0.785452332,1.174196151,0.877733047,-0.694863547,0.038638288,0.069336417,0.132415767,0.001562065,-4.900460694,-5.950491377,-0.321680976,-0.042548147,0.051976748,-0.000581863,0.997739374,-0.116669417,-0.993157725,1.281500251,0.0,0.0,0.0,0.86058265,0.0,3.60527873
1772729839.8538375,-0.661263,-0.827103,1.177545,-0.02901558,0.06455523,0.00142288,0.9974912,-0.05822,0.129229,-0.000915,0.817072768,-0.629214353,0.043187143,-0.095730781,0.190185566,-0.235449419,-0.03264263,0.034119437,1.011812978,-0.068474721,-0.014412333,-0.03198489,48682.879601715,55091.477084774,55659.800885078,50362.535389296,-0.700676367,-0.792804101,1.174752059,0.885460047,-0.685775912,0.039352711,0.073643635,0.122064016,0.002415355,-4.941355459,-5.916028791,-0.336900641,-0.042898862,0.05168259,-0.000708811,0.997740524,-0.105856708,-0.994369749,1.281862956,0.0,0.0,0.0,0.86058265,0.0,3.60527873
1772729839.863838,-0.653299,-0.833172,1.178031,-0.02995281,0.06526989,0.00139201,0.99741703,-0.060117,0.130657,-0.001143,0.820701093,-0.622475108,0.050124951,-0.078349555,0.095849746,-0.26533574,-0.039950673,0.030316081,1.008221641,-0.042292391,-0.02923269,-0.038876327,48299.114707645,55008.817285162,55792.142989483,50518.514140919,-0.691671402,-0.800442092,1.175325134,0.893525151,-0.676179875,0.040039585,0.063169633,0.115406231,-0.000259451,-4.971539203,-5.883283744,-0.356095168,-0.043154544,0.051404905,-0.000874755,0.997742976,-0.094482075,-0.995480829,1.282243918,0.0,0.0,0.0,0.86058265,0.0,3.60527873
1772729839.873838,-0.644798,-0.839504,1.178419,-0.03115896,0.07027142,-0.00115208,0.99704048,-0.062957,0.140517,-0.006743,0.814086849,-0.611966726,0.057974453,-0.187411073,0.16481531,-0.26497974,-0.038818692,0.035884061,1.001561018,-0.048652351,-0.007709266,-0.04599872,48262.853783944,54635.796702339,55693.909645484,51054.589744484,-0.682059404,-0.808394861,1.175872143,0.902009742,-0.666147734,0.040069039,0.065425967,0.121146622,-0.003323381,-5.006339619,-5.844592119,-0.37857136,-0.043449331,0.051076817,-0.00106963,0.997747591,-0.082999145,-0.996538172,1.282628262,0.0,0.0,0.0,0.86058265,0.0,3.60527873
1772729839.883838,-0.636361,-0.845696,1.178795,-0.03211837,0.07203396,-0.00168557,0.99688348,-0.064997,0.144008,-0.008071,0.819519876,-0.60519642,0.061325078,-0.279115587,0.074007538,-0.293527079,-0.034777822,0.038751884,1.000277971,-0.072532136,0.003815306,-0.045901464,48183.169833025,54570.002614425,55664.667828633,51115.99755987,-0.675334528,-0.814015504,1.176287898,0.906482172,-0.658107841,0.039626971,0.063186978,0.128296848,-0.006101287,-5.041459859,-5.817693968,-0.39855532,-0.043747552,0.050850578,-0.001238325,0.997747304,-0.074752713,-0.997191241,1.282904021,0.0,0.0,0.0,0.86058265,0.0,3.60527873
1772729839.8938384,-0.628022,-0.851694,1.179411,-0.03277344,0.06976555,-0.00189988,0.9970231,-0.066309,0.139443,-0.008443,0.839125237,-0.602017318,0.055848188,-0.275792694,-0.154813026,-0.196659937,-0.034832875,0.03431198,1.000291362,-0.101159275,-0.00193158,-0.043152875,48206.049228819,54495.991733573,55729.836150433,51227.491918445,-0.66860933,-0.819636415,1.176703673,0.910954816,-0.650067564,0.039184881,0.061094759,0.121824114,-0.008347745,-5.081424623,-5.794245599,-0.416848839,-0.044088598,0.050653877,-0.001388961,0.997742011,-0.06549949,-0.997841232,1.283213234,0.0,0.0,0.0,0.86058265,0.0,3.60527873
1772729839.903838,-0.620992,-0.857412,1.180801,-0.03397808,0.06295339,-0.0024057,0.997435,-0.068681,0.125752,-0.00915,0.858411871,-0.59672452,0.04515317,-0.250508127,-0.254546741,-0.174098461,-0.035110214,0.039295652,0.999626665,-0.123780128,-0.0088693,-0.043108506,47849.480265891,54717.982988214,55962.025102224,51035.135591367,-0.662261602,-0.82529705,1.177227352,0.913415218,-0.641907618,0.038885969,0.064234121,0.12590361,-0.010699683,-5.136896413,-5.768431964,-0.432290237,-0.044566109,0.050435794,-0.001508997,0.997731612,-0.056393592,-0.99839615,1.283517323,0.0,0.0,0.0,0.86058265,0.0,3.60527873
1772729839.9138386,-0.611326,-0.863484,1.180699,-0.038079,0.06833547,-0.00519018,0.99692192,-0.077427,0.136276,-0.015699,0.87439792,-0.587872627,0.034065281,-0.206156546,-0.233521246,-0.078691558,-0.035664712,0.05958738,0.996260195,-0.134485416,-0.01908837,-0.048731833,47703.707557823,54618.489146347,55957.191957004,51163.057656113,-0.654984551,-0.830796522,1.177633687,0.919526685,-0.634235816,0.038180405,0.064487629,0.145388622,-0.01556435,-5.20226878,-5.740569176,-0.45207004,-0.045128089,0.050201853,-0.001663518,0.997718317,-0.047803091,-0.998823994,1.283804045,0.0,0.0,0.0,0.86058265,0.0,3.60527873
1772729839.9238386,-0.602312,-0.869397,1.18073,-0.03728317,0.06477193,-0.00562225,0.99718752,-0.075788,0.129119,-0.016178,0.883665295,-0.577071588,0.02637048,-0.135022892,-0.11391554,-0.015645014,-0.036050125,0.053167597,0.989626019,-0.150198245,-0.031063926,-0.050201807,47883.983819289,54593.29461711,55747.626882409,51271.683915412,-0.647727524,-0.83600544,1.177997868,0.926102352,-0.626715817,0.037183821,0.063100337,0.143503827,-0.018185663,-5.277772925,-5.70770019,-0.474335951,-0.045777574,0.049925679,-0.001837566,0.997704122,-0.039137904,-0.999185999,1.284093168,0.0,0.0,0.0,0.86058265,0.0,3.60527873
1772729839.9338388,-0.59313,-0.875262,1.180882,-0.03636648,0.06483488,-0.00202469,0.99723108,-0.073475,0.129525,-0.008828,0.888890844,-0.566826512,0.023885745,-0.041031294,-0.019511009,0.095967033,-0.041860479,0.051815461,0.99608893,-0.149647892,-0.037200031,-0.038480466,47909.052054215,54665.919640131,55769.450494468,51277.981889079,-0.640216421,-0.841557981,1.178432345,0.931582991,-0.618287774,0.036187658,0.063564091,0.128255254,-0.009073149,-5.355227081,-5.679277661,-0.500150463,-0.046442338,0.049689937,-0.002040202,0.997685114,-0.030055454,-0.999541675,1.28439618,0.0,0.0,0.0,0.86058265,0.0,3.60527873
1772729839.9438393,-0.584676,-0.880747,1.181262,-0.03768363,0.06671587,-0.00350837,0.99705397,-0.076363,0.133167,-0.012132,0.887182082,-0.557164381,0.03022736,0.024341634,0.01089196,0.204487429,-0.047507584,0.050104972,1.002356586,-0.149382478,-0.043842346,-0.027153011,47595.499577301,54709.802388249,56073.759167283,51181.681549192,-0.630407839,-0.848586011,1.178944519,0.939268885,-0.607807697,0.03534399,0.056216268,0.139018793,-0.005446565,-5.442865079,-5.644007905,-0.523541496,-0.047197315,0.049394046,-0.002220516,0.997662815,-0.018469608,-0.999818215,1.284782474,0.0,0.0,0.0,0.86058265,0.0,3.60527873
1772729839.953839,-0.576129,-0.886111,1.181846,-0.0372866,0.06497891,-0.0019695,0.99718783,-0.075324,0.12981,-0.008848,0.875358857,-0.5465053,0.043729626,0.03108493,0.074584815,0.271984743,-0.045212791,0.030115618,0.993934196,-0.160342971,-0.078174923,-0.042589745,47636.588148038,54951.999035823,56036.784469332,50967.526663206,-0.620599959,-0.855613539,1.179456656,0.946954231,-0.597328368,0.034500383,0.051016452,0.133799125,-0.008623014,-5.53992751,-5.574909251,-0.543348227,-0.048038159,0.048802733,-0.002380752,0.997641322,-0.00719055,-0.999939808,1.285158456,0.0,0.0,0.0,0.86058265,0.0,3.60527873
1772729839.9638393,-0.567462,-0.891466,1.182315,-0.03691081,0.06431518,-0.00126484,0.99724598,-0.074464,0.128536,-0.007331,0.887571476,-0.5408693,0.044414786,-0.021479887,0.212820983,0.234438191,-0.052562338,0.031720324,0.992019505,-0.132270549,-0.077436974,-0.040539103,47743.936317105,55146.08939412,55982.625473158,50646.94433996,-0.611796531,-0.861803223,1.180097987,0.953009443,-0.5874792,0.034174776,0.045816387,0.128579209,-0.011799616,-5.63822684,-5.496581557,-0.562501177,-0.048890676,0.048130925,-0.002538935,0.997639863,0.004340604,-0.999960103,1.285542835,0.0,0.0,0.0,0.86058265,0.0,3.60527873
1772729839.9738388,-0.558047,-0.897112,1.182615,-0.03668533,0.06680011,0.00063542,0.99709153,-0.073797,0.133656,-0.003667,0.90127009,-0.536480601,0.041860122,-0.009822442,0.165972188,0.24420472,-0.047754568,0.029533467,1.000626904,-0.094018332,-0.069598383,-0.025590917,47823.814426854,55308.341804547,55950.674229258,50316.94789906,-0.603427998,-0.867630253,1.180795092,0.958359618,-0.57790327,0.03407306,0.046205331,0.132401308,-0.012059071,-5.709796157,-5.434511371,-0.582912892,-0.049509214,0.047600959,-0.002713668,0.997634153,0.014522961,-0.999881777,1.285882279,0.0,0.0,0.0,0.86058265,0.0,3.60527873
1772729839.9838383,-0.548978,-0.902464,1.182969,-0.03723804,0.06919408,0.00180761,0.99690633,-0.074781,0.138537,-0.001564,0.910169186,-0.528335197,0.037329173,0.022204376,0.129784084,0.20371981,-0.04091011,0.039329457,1.003107143,-0.074316423,-0.068584798,-0.025896104,48069.851412944,55290.938036751,55781.827304131,50453.076884326,-0.594166443,-0.873706933,1.181140303,0.965506184,-0.568138303,0.03303286,0.051408311,0.144011853,-0.009805902,-5.75363787,-5.386821856,-0.592666637,-0.04988998,0.047191068,-0.002801326,0.997636635,0.02495752,-0.999676752,1.286230151,0.0,0.0,0.0,0.86058265,0.0,3.60527873
1772729839.993838,-0.540001,-0.907576,1.183355,-0.03703666,0.07094977,0.00260149,0.99678867,-0.074283,0.142114,-7e-05,0.912183135,-0.517304106,0.034796304,-0.010898118,0.157368787,0.057494364,-0.038131317,0.041869984,1.004905168,-0.0599899,-0.064674692,-0.036075319,48337.484958979,55250.189320155,55595.188120712,50649.77747925,-0.584844802,-0.879571243,1.181310295,0.973238855,-0.558820528,0.031679153,0.054575609,0.143085029,-0.004357208,-5.780733261,-5.343072373,-0.604985386,-0.050123711,0.04681625,-0.002916738,0.997639309,0.035073249,-0.999374843,1.286567488,0.0,0.0,0.0,0.86058265,0.0,3.60527873
1772729840.0038376,-0.530919,-0.912692,1.183815,-0.03683854,0.06703979,0.00222069,0.99706753,-0.073895,0.134253,-0.000516,0.905444725,-0.500142144,0.036925424,-0.028113745,0.041547968,-0.088030389,-0.034740182,0.033785472,1.007592958,-0.036662798,-0.047358795,-0.031545381,48464.429637257,55335.925333696,55527.747381919,50569.839262469,-0.577946235,-0.884231135,1.181590322,0.97659968,-0.550691058,0.031333851,0.057039328,0.135846167,-0.001205672,-5.804942099,-5.301515234,-0.617764405,-0.050332043,0.046460684,-0.003036527,0.997644879,0.043596213,-0.9990369,1.286851835,0.0,0.0,0.0,0.86058265,0.0,3.60527873
1772729840.0138378,-0.521758,-0.91767,1.184107,-0.036973,0.06840405,0.00267896,0.99696876,-0.074117,0.13702,0.000286,0.90480028,-0.4865006,0.037338439,-0.028390361,-0.103309406,-0.180437893,-0.035520339,0.032050338,1.00470511,-0.00875184,-0.032985314,-0.023305009,48542.373909604,55240.555623915,55393.288523654,50747.279800488,-0.570132044,-0.888949491,1.181889641,0.982255845,-0.54212215,0.031295613,0.057729152,0.132070564,-0.003015465,-5.816087604,-5.265866314,-0.626673032,-0.050427896,0.046154542,-0.003125413,0.997653676,0.052156775,-0.998626762,1.287137517,0.0,0.0,0.0,0.86058265,0.0,3.60527873
1772729840.0238383,-0.512884,-0.922387,1.18441,-0.03683343,0.06870277,-0.00058331,0.99695681,-0.07429,0.137376,-0.006283,0.915574513,-0.479917591,0.035231075,-0.026931505,-0.1628025,-0.152668757,-0.036700376,0.035360814,1.002642784,-0.00388583,-0.022520121,-0.041871195,48389.705105089,55073.17325547,55346.753707043,50968.487095993,-0.560632204,-0.894410088,1.182285212,0.989612058,-0.53196494,0.031242221,0.054209725,0.132379275,-0.007793145,-5.815478811,-5.227136839,-0.642709221,-0.050418814,0.045824396,-0.00328248,0.997668227,0.061714894,-0.998082256,1.287456622,0.0,0.0,0.0,0.86058265,0.0,3.60527873
1772729840.033838,-0.503465,-0.927285,1.184816,-0.03828927,0.06975961,-9.61e-06,0.99682874,-0.077163,0.139528,-0.005414,0.925117044,-0.473368517,0.033688552,-0.038494462,-0.134131106,-0.076144756,-0.042594673,0.04182273,1.001001817,-0.034002019,-0.030029005,-0.039954478,48405.514456307,55112.441663692,55393.538801635,50987.834977448,-0.54467022,-0.903668114,1.182997553,0.980953813,-0.50196694,0.029188843,0.046757333,0.139318507,-0.010162239,-5.846927536,-5.178929416,-0.682611953,-0.050680135,0.045423262,-0.003638862,0.997716298,0.078795982,-0.996883772,1.288027397,0.0,0.0,0.0,0.86058265,0.0,3.60527873
1772729840.0438387,-0.494548,-0.931722,1.185253,-0.03799779,0.06610196,-0.00102878,0.99708858,-0.076653,0.132125,-0.007137,0.937361558,-0.468636713,0.032786337,-0.043929405,-0.027946262,0.039293808,-0.060831035,0.030707184,0.999861642,-0.068696848,-0.059823392,-0.012978387,48559.322354545,55233.242114742,55441.518699095,50950.40385177,-0.524538571,-0.915216013,1.18384607,0.96201954,-0.45892357,0.025781478,0.022800118,0.138654234,-0.006176964,-6.123255883,-4.637657002,-0.670553753,-0.05312862,0.040713901,-0.003678615,0.997747354,0.115692721,-0.993197655,1.289263588,0.0,0.0,0.0,0.86058265,0.0,3.60527873
1772729840.0538387,-0.484738,-0.936608,1.18545,-0.0375361,0.06537274,0.00068614,0.99715444,-0.075485,0.130798,-0.00357,0.940758512,-0.459247874,0.033908482,-0.026342968,-0.049682568,0.083501469,-0.063152742,0.023142273,0.999739151,0.00884758,0.075150015,-0.005618379,48713.119252361,55354.03392608,55489.495165006,50912.975403187,-0.496321858,-0.929765787,1.184882281,0.96925404,-0.42366895,0.023199365,0.019178672,0.129114752,-0.006708177,-6.171875428,-4.5769446,-0.668069596,-0.053557373,0.040185816,-0.003667285,0.997747203,0.141177254,-0.989973218,1.290119927,0.0,0.0,0.0,0.86058265,0.0,3.604952524
1772729840.0638387,-0.475307,-0.941184,1.185773,-0.03772478,0.06649711,0.00155083,0.997072,-0.075764,0.133115,-0.001942,0.944069335,-0.449043629,0.033582724,-0.002141469,0.039653681,0.085203712,-0.060128788,0.020259402,0.999632733,0.066208537,0.188048538,-0.000398219,49490.715818893,55000.879038569,55019.071324762,51303.230855226,-0.480942808,-0.937378031,1.185443945,0.986938644,-0.41735149,0.022846619,0.023005932,0.12460634,-0.007563118,-6.142595132,-4.620559632,-0.669250934,-0.053298991,0.040565179,-0.003667375,0.997731299,0.152472861,-0.988294684,1.29050054,0.0,0.0,0.0,0.86058265,0.0,3.604402756
1772729840.0738387,-0.465931,-0.945581,1.186143,-0.03807844,0.06843891,0.00127207,0.99692754,-0.07654,0.136982,-0.002701,0.946358167,-0.438325107,0.03218418,0.023082891,0.146083472,0.00886027,-0.04794492,0.026008854,0.998245298,0.077360815,0.247865152,-0.000600231,50364.019833221,54784.323566975,54356.384343776,51604.657576441,-0.469797392,-0.94263962,1.185777201,0.998189771,-0.409842347,0.02212435,0.034870157,0.126753802,-0.007052226,-6.096803408,-4.719068595,-0.6754674,-0.052891147,0.041424276,-0.003691837,0.99770778,0.161930854,-0.986789813,1.290819755,0.0,0.0,0.0,0.86058265,0.0,3.603852988
1772729840.0838387,-0.456359,-0.949968,1.186476,-0.03817575,0.06984527,0.00137751,0.99682614,-0.07674,0.139807,-0.002612,0.95349953,-0.429983743,0.031986452,0.027415363,0.264241651,-0.026277584,-0.045656479,0.025331199,0.993279224,0.076136416,0.27630009,-0.003860267,50448.580434501,55098.295551532,54337.571705677,51311.657636105,-0.460076636,-0.947146793,1.186094752,1.006518983,-0.401963679,0.021400737,0.043517148,0.129185568,-0.00296794,-6.045801299,-4.839145575,-0.683586128,-0.052435587,0.042471812,-0.003725548,0.997679719,0.171467764,-0.985177314,1.291142202,0.0,0.0,0.0,0.86058265,0.0,3.60330322
1772729840.0938385,-0.447302,-0.953899,1.186858,-0.03752123,0.06799359,-0.00015685,0.99697994,-0.075606,0.135983,-0.005466,0.958313152,-0.41972303,0.031375185,0.038589142,0.284591058,-0.050053796,-0.043165741,0.024281118,0.997029792,0.042610036,0.220846935,-0.009017118,49847.483761599,55130.130595493,54913.461991435,51273.151244009,-0.45170278,-0.950932446,1.186379163,1.013324287,-0.394796211,0.021061233,0.050028263,0.131864376,-0.001228468,-5.982889441,-4.997856668,-0.698309106,-0.051870843,0.043858229,-0.003804493,0.997646199,0.179944003,-0.983666798,1.291429251,0.0,0.0,0.0,0.86058265,0.0,3.602753465
1772729840.1038384,-0.437232,-0.958312,1.187094,-0.03735015,0.07082118,0.00016114,0.9967895,-0.075262,0.141673,-0.005019,0.969529149,-0.413640857,0.029585459,0.02264834,0.350194154,-0.029104693,-0.040674943,0.023231012,1.00078045,0.009082857,0.165392457,-0.014174092,49541.700570515,54932.515752753,55091.363894037,51521.250009085,-0.443570041,-0.954514842,1.186663328,1.019671013,-0.387511529,0.021093089,0.049587661,0.135347589,-0.0071213,-5.933703807,-5.123487307,-0.711819257,-0.051428117,0.044956418,-0.003884012,0.99761711,0.187854556,-0.982189185,1.291697468,0.0,0.0,0.0,0.86058265,0.0,3.602203698
1772729840.1138387,-0.427439,-0.962462,1.18733,-0.03724792,0.07298102,0.00058712,0.99663736,-0.075028,0.146033,-0.004312,0.978066492,-0.406047085,0.027875396,0.010599303,0.364495435,0.01422487,-0.038184086,0.022180881,1.004531197,-0.024445122,0.109936657,-0.019331189,49259.111360548,54936.810125834,55244.551131329,51557.862409169,-0.433666343,-0.958728908,1.187014981,1.027021957,-0.378269775,0.020981319,0.053732359,0.126012005,-0.005271117,-5.893375255,-5.253950133,-0.725025748,-0.051061999,0.046096732,-0.003955967,0.997587152,0.19859329,-0.980032305,1.292062607,0.0,0.0,0.0,0.86058265,0.0,3.601653916
1772729840.123838,-0.41767,-0.966455,1.18767,-0.03709405,0.07539777,0.0003821,0.99646328,-0.074786,0.150862,-0.004888,0.98323093,-0.396479729,0.028475144,-0.018281296,0.319945603,0.029313727,-0.039831313,0.030069432,1.003922038,-0.031771765,0.047761892,-0.019545395,48648.771666568,55250.651917056,55768.997282448,51232.870975365,-0.424145657,-0.96271221,1.187288091,1.034812031,-0.370172823,0.020614095,0.056236348,0.12825154,-0.003744771,-5.876486942,-5.34370083,-0.737728713,-0.050902976,0.046883124,-0.004032957,0.997566274,0.208249713,-0.978069105,1.292391094,0.0,0.0,0.0,0.86058265,0.0,3.601104188
1772729840.133838,-0.407915,-0.970311,1.18795,-0.03786959,0.07665297,0.00073477,0.99633813,-0.076319,0.153401,-0.004393,0.987101854,-0.38590707,0.029030195,-0.012822509,0.160998559,0.041570313,-0.046048749,0.031604493,1.002894816,-0.055245366,-0.03190333,-0.025201253,48038.388314527,55564.516157618,56293.480947599,50907.856294677,-0.417810008,-0.965313301,1.187452996,1.039999651,-0.364813779,0.02030937,0.050792662,0.13512539,-0.008160744,-5.873929196,-5.393508183,-0.748091774,-0.050872614,0.047321232,-0.004101824,0.997557054,0.214521293,-0.976711535,1.292604959,0.0,0.0,0.0,0.86058265,0.0,3.60055442
1772729840.1438377,-0.398088,-0.974077,1.188283,-0.03801392,0.0773403,2.069e-05,0.99627979,-0.076733,0.154723,-0.005909,0.985905466,-0.372560262,0.03074055,0.001929599,-0.087712267,0.018763342,-0.047376227,0.032407135,1.004809552,-0.079933107,-0.114542783,-0.029831359,47848.401816009,56063.474032233,56357.111948643,50426.501812153,-0.40996502,-0.968448488,1.187682452,1.0462962,-0.358110681,0.019823359,0.049605238,0.134375812,-0.005035013,-5.879533499,-5.413347318,-0.75551355,-0.050916787,0.047497437,-0.004155205,0.997559952,0.221746026,-0.975091572,1.292851766,0.0,0.0,0.0,0.86058265,0.0,3.600004665
1772729840.1538377,-0.388086,-0.977809,1.188505,-0.03712312,0.07494263,0.00104791,0.99649605,-0.074737,0.15,-0.003515,0.992784572,-0.364308312,0.031113511,-0.004613166,-0.247164348,0.004985862,-0.043776411,0.036164894,1.008113149,-0.097996057,-0.190047835,-0.033968901,48571.035161084,56146.443695327,55803.086921272,50366.843823341,-0.401285029,-0.971829333,1.187935849,1.053112209,-0.35051529,0.019740181,0.050108705,0.138783696,-0.000670733,-5.895696702,-5.387959484,-0.759535592,-0.051057829,0.047278809,-0.004194971,0.997575532,0.23018433,-0.973134681,1.293140503,0.0,0.0,0.0,0.86058265,0.0,3.600245352
1772729840.1638377,-0.378181,-0.981395,1.188908,-0.03781046,0.07398268,0.00065289,0.99654227,-0.076169,0.148043,-0.004341,1.007922154,-0.358746826,0.028586915,-0.034412469,-0.296095186,0.030625979,-0.046939396,0.048856894,1.001043724,-0.089631138,-0.216688326,-0.046311583,48225.947502163,56108.973588884,55959.569609645,50530.675416306,-0.391078602,-0.975682976,1.188243836,1.06083925,-0.341431693,0.019754407,0.047881167,0.152527431,-0.006461387,-5.933145099,-5.296340983,-0.765034325,-0.051388815,0.046485084,-0.004268975,0.997606309,0.240405695,-0.970659469,1.293491078,0.0,0.0,0.0,0.86058265,0.0,3.600492596
1772729840.1738384,-0.368134,-0.984921,1.189166,-0.0373547,0.07191846,0.00100235,0.99671027,-0.075167,0.143935,-0.00341,1.005454378,-0.347560685,0.030963821,-0.084436183,-0.257318496,-0.000647161,-0.047552599,0.026225301,1.006296394,-0.124783932,-0.254949981,-0.063944506,47636.074949084,56322.988268839,56215.081059063,50519.438696538,-0.380407518,-0.979378458,1.188612802,1.067666257,-0.331581082,0.020093229,0.045966217,0.130055749,-0.002092691,-5.972624782,-5.163227694,-0.76983609,-0.051741114,0.045329923,-0.00435559,0.997639542,0.252158242,-0.967674971,1.293895239,0.0,0.0,0.0,0.86058265,0.0,3.600739856
1772729840.183838,-0.358141,-0.988334,1.189548,-0.03869221,0.07060206,0.00068664,0.99675363,-0.07789,0.141268,-0.004136,0.990130198,-0.333302047,0.039462606,-0.197111855,-0.298852562,-0.109367172,-0.051804966,0.019760119,1.011963921,-0.137431933,-0.270718677,-0.059630063,47691.966352023,55966.416937141,56135.092278832,50921.147663997,-0.37016297,-0.982754063,1.188989346,1.07353876,-0.321921506,0.02073454,0.024631718,0.126610403,0.005254241,-6.050803651,-4.963784563,-0.786868422,-0.052430989,0.043604408,-0.004565391,0.997676751,0.264786142,-0.964306259,1.29433087,0.0,0.0,0.0,0.86058265,0.0,3.600987088
1772729840.1938376,-0.348032,-0.991664,1.189867,-0.03978123,0.06927326,-1.971e-05,0.99680423,-0.080164,0.138545,-0.005605,0.973939798,-0.31825176,0.0491219,-0.292536381,-0.445694172,-0.302467644,-0.050776473,0.016236713,1.010370514,-0.14313245,-0.268387041,-0.051369127,48024.45576868,55929.848077107,55768.586315488,50892.873747495,-0.359918177,-0.986129748,1.189365898,1.079411404,-0.312261699,0.021375866,0.031259596,0.119628835,0.003506929,-6.121420146,-4.794429922,-0.800873885,-0.053054105,0.042139301,-0.004739755,0.997704204,0.275709985,-0.961235481,1.294709111,0.0,0.0,0.0,0.86058265,0.0,3.601234325
1772729840.2038376,-0.337869,-0.99493,1.190227,-0.04126332,0.06855034,-6.428e-05,0.99679395,-0.083146,0.137085,-0.00584,0.965515062,-0.306137491,0.05853135,-0.355741815,-0.935565051,-0.473169221,-0.051342018,0.01745594,1.01030184,-0.132521912,-0.248957831,-0.049666805,48117.450459071,55882.885813228,55652.252113093,50962.586403299,-0.349673141,-0.989505514,1.18974246,1.085284187,-0.302601662,0.022017207,0.033948522,0.132025085,-0.000265199,-6.182681763,-4.65124158,-0.809704854,-0.053595798,0.040899324,-0.004861768,0.997724095,0.283489758,-0.958971436,1.294979279,0.0,0.0,0.0,0.86058265,0.0,3.601481568
1772729840.2138379,-0.329337,-0.997594,1.191103,-0.04335681,0.06411927,-0.00391431,0.99699227,-0.087783,0.127862,-0.013475,0.97042037,-0.297553469,0.058682204,-0.389813617,-1.059396155,-0.603064011,-0.052493856,0.020419517,1.010793959,-0.115912035,-0.223239868,-0.050376705,47996.089695396,55574.228122935,55614.028250518,51434.651106099,-0.339427859,-0.99288136,1.19011903,1.091157111,-0.292941395,0.022658564,0.028133876,0.135738884,0.001205285,-6.24398816,-4.503976735,-0.818074781,-0.054138535,0.039623731,-0.004983004,0.997744853,0.29267151,-0.956207479,1.295298859,0.0,0.0,0.0,0.86058265,0.0,3.601728817
1772729840.2238371,-0.319481,-1.000607,1.191809,-0.0463528,0.05669081,-0.00737195,0.99728793,-0.094023,0.112629,-0.020088,0.989579576,-0.293134332,0.046810903,-0.376967759,-0.507690628,-0.643779765,-0.046087125,0.023894255,1.017513844,-0.0942072,-0.204229823,-0.04819331,48356.951685704,55835.545205416,55434.489268607,50938.932710022,-0.329183555,-0.996256884,1.190495565,1.097029474,-0.283282049,0.023299859,0.030954625,0.133474522,0.008405349,-6.302632294,-4.352642142,-0.830240657,-0.054657273,0.038314469,-0.005141556,0.99776263,0.301895187,-0.95333432,1.295620935,0.0,0.0,0.0,0.86058265,0.0,3.601976043
1772729840.2338371,-0.309181,-1.003548,1.192144,-0.04777433,0.05143227,-0.01035356,0.99747939,-0.097026,0.101792,-0.025705,1.015632534,-0.28970723,0.03292746,-0.326349388,0.226931189,-0.53747885,-0.041856397,0.02395175,1.020038268,-0.063550909,-0.186695688,-0.043625156,48583.059288538,56247.241243015,55262.695379583,50274.475262369,-0.318938519,-0.99963265,1.190872126,1.102902258,-0.273622012,0.023941201,0.031578723,0.135183885,0.010617418,-6.356622156,-4.19778828,-0.843407711,-0.055135708,0.036974936,-0.005313402,0.997788433,0.310262671,-0.95063989,1.295913917,0.0,0.0,0.0,0.86058265,0.0,3.602223286
1772729840.243837,-0.298743,-1.006515,1.192482,-0.04938868,0.04769501,-0.0117592,0.99757088,-0.10027,0.094136,-0.028302,1.040824827,-0.284840404,0.021984831,-0.224173121,0.845798464,-0.333813547,-0.041050877,0.021115306,1.017208581,-0.026612097,-0.158777209,-0.042110819,48700.126122731,55827.392500471,54834.833741599,50615.257333082,-0.307582341,-1.002858388,1.191353088,1.107637829,-0.262512621,0.025019497,0.030658286,0.135389598,0.007754556,-6.38783535,-4.06571183,-0.856502744,-0.055414216,0.035832728,-0.005481975,0.997816354,0.321367329,-0.946950027,1.296303985,0.0,0.0,0.0,0.86058265,0.0,3.602470529
1772729840.2538378,-0.28811,-1.009354,1.192255,-0.05013739,0.06618069,-0.01354492,0.99645516,-0.102771,0.130908,-0.033927,1.054856037,-0.276040143,0.018468957,-0.094919333,1.133936445,-0.103161586,-0.04797166,0.023433213,1.014969667,-0.010166345,-0.141236345,-0.039381955,48232.917781546,55682.48765781,55088.636769047,50692.539915834,-0.295929285,-1.006044382,1.191861902,1.112070727,-0.251016252,0.026214299,0.022858557,0.138467063,0.006994385,-6.410868285,-3.943036996,-0.87108399,-0.055620353,0.034772715,-0.005661565,0.997844285,0.330465043,-0.943810617,1.296624823,0.0,0.0,0.0,0.86058265,0.0,3.60271779
1772729840.2638378,-0.277666,-1.012047,1.192447,-0.0507234,0.07887746,-0.01471017,0.99548435,-0.104774,0.156184,-0.037758,1.045776269,-0.260322393,0.026079143,-0.008235012,0.931205834,0.012090001,-0.051910649,0.033405017,1.011572631,-0.013801452,-0.134266764,-0.035205363,48415.317437507,55857.252807926,54985.426086299,50271.905797375,-0.284277063,-1.009230149,1.19237068,1.116503308,-0.239520706,0.027409015,0.016871253,0.123202807,-7.3986e-05,-6.412728735,-3.835046189,-0.892072698,-0.055639292,0.03384266,-0.005896688,0.997874253,0.341114554,-0.940019322,1.297001633,0.0,0.0,0.0,0.86058265,0.0,3.602965033
1772729840.2738376,-0.26733,-1.014527,1.193017,-0.04978151,0.07281979,-0.01279902,0.99601971,-0.10227,0.144286,-0.033096,1.043587806,-0.250139749,0.036087894,0.022932481,0.287880815,0.095671954,-0.046331997,0.048003602,1.00768486,-0.023566098,-0.125901662,-0.03274432,48655.913478789,55857.996836237,54805.74311785,50432.997627178,-0.273793862,-1.012012776,1.192777478,1.120643524,-0.229324622,0.028155109,0.022141593,0.155495304,-0.000328104,-6.409083136,-3.744856168,-0.908993068,-0.05561022,0.033065322,-0.006089275,0.997900992,0.350652575,-0.936505616,1.297340393,0.0,0.0,0.0,0.86058265,0.0,3.60321227
1772729840.283838,-0.25699,-1.016927,1.193517,-0.04955184,0.06948441,-0.01280002,0.99626939,-0.101647,0.137616,-0.032706,1.044642779,-0.241253455,0.042990562,0.050476398,-0.440458858,0.132917685,-0.044644051,0.038885988,1.007735662,-0.062794116,-0.143213382,-0.030916637,48214.354854693,55908.403811339,55102.798094331,50461.037046212,-0.265825081,-1.013928198,1.192964868,1.124155086,-0.221923699,0.027935873,0.01538726,0.153106859,0.00052685,-6.405252437,-3.685796487,-0.919370874,-0.055578926,0.032555856,-0.006209669,0.997914436,0.350652575,-0.936505616,1.297340393,0.0,0.0,0.0,0.86058265,0.0,3.603459525
1772729840.2938375,-0.246517,-1.01928,1.193892,-0.04931752,0.0662229,-0.01248498,0.99650712,-0.100981,0.131127,-0.031692,1.047371084,-0.232582526,0.044237979,0.019176204,-0.95012846,0.120565514,-0.050891541,0.03405966,1.00837313,-0.094116754,-0.162452325,-0.030599089,48171.19498809,55940.374082897,55086.812958552,50436.260085755,-0.257857061,-1.015843437,1.19315224,1.127666313,-0.214523482,0.027716657,0.008453294,0.150132206,0.001373129,-6.407293264,-3.627855022,-0.929859844,-0.055598708,0.032056495,-0.006328829,0.997923031,0.363036008,-0.931727764,1.297782871,0.0,0.0,0.0,0.86058265,0.0,3.603706756
1772729840.3038375,-0.235935,-1.021621,1.194249,-0.0500615,0.06329201,-0.01193815,0.99666717,-0.102279,0.125294,-0.030376,1.052774547,-0.224399146,0.037510292,-0.033279124,-0.772997535,0.069475956,-0.059938114,0.033114775,1.008882644,-0.119596106,-0.180103999,-0.030823895,47701.266951741,55691.515577276,55365.667073916,50703.318265119,-0.24855454,-1.01795649,1.193496443,1.131329863,-0.205674632,0.028163967,0.001518997,0.147157412,0.002219449,-6.430998703,-3.542225438,-0.941251689,-0.055809392,0.03131767,-0.006463482,0.99792889,0.374122186,-0.92736588,1.29818002,0.0,0.0,0.0,0.86058265,0.0,3.603953999
1772729840.3138375,-0.225284,-1.023976,1.194606,-0.05012794,0.06018325,-0.01019167,0.99687577,-0.10207,0.119251,-0.026545,1.057181234,-0.21643251,0.034412698,-0.102915935,-0.452129381,0.015549959,-0.066631148,0.03080021,1.009122632,-0.140692032,-0.195016267,-0.028500084,48012.0038252,55505.431270596,55152.078540794,50837.352001192,-0.240386141,-1.019730945,1.193827686,1.134321462,-0.19785736,0.028723328,-0.003062777,0.143670634,0.002390346,-6.458807876,-3.469990327,-0.9504803,-0.056055363,0.030694714,-0.006571948,0.997927289,0.381561369,-0.924331599,1.29844784,0.0,0.0,0.0,0.86058265,0.0,3.604201242
1772729840.3238375,-0.214824,-1.025948,1.194963,-0.05016587,0.05869971,-0.01066424,0.99695737,-0.102144,0.116234,-0.027341,1.058067229,-0.205210588,0.034979501,-0.129685711,-0.360069934,-0.020234125,-0.062750208,0.022331949,1.008151697,-0.142094113,-0.197620936,-0.014725852,48203.847118337,55364.304759468,55044.663176128,50909.736753012,-0.23298505,-1.021300336,1.19411495,1.136954992,-0.190814021,0.029133771,-0.003594385,0.139302412,0.001398417,-6.502551301,-3.382582045,-0.958239333,-0.056441879,0.02993987,-0.006671306,0.997923178,0.387616586,-0.921819764,1.298666369,0.0,0.0,0.0,0.86058265,0.0,3.604448486
1772729840.3338382,-0.204285,-1.027865,1.195252,-0.05157145,0.05607653,-0.01130902,0.99702955,-0.104941,0.110881,-0.028514,1.060186073,-0.195854985,0.03560491,-0.146300283,-0.283412955,-0.039031262,-0.059149747,0.019470822,1.004964922,-0.161898103,-0.194966695,-0.01275399,47726.992780775,55319.381343796,55419.952408043,50883.232211869,-0.224152327,-1.023130528,1.194438645,1.140013971,-0.18252925,0.029376188,-0.000156677,0.135024152,-0.00360977,-6.557096715,-3.287660506,-0.961488668,-0.056924332,0.029118042,-0.006732895,0.997915797,0.395480111,-0.918467274,1.298951275,0.0,0.0,0.0,0.86058265,0.0,3.604695746
1772729840.3438387,-0.193612,-1.02987,1.195676,-0.05219914,0.05546487,-0.01139185,0.99703015,-0.106188,0.10963,-0.028683,1.06283559,-0.186913679,0.035155259,-0.155259861,-0.249252426,-0.028224421,-0.056977018,0.017617517,1.001841143,-0.177396866,-0.201694228,-0.012179763,47326.262717018,55628.774575772,55741.688455125,50437.245159392,-0.215708884,-1.024858942,1.194734084,1.142819187,-0.174845053,0.029183103,-0.00114163,0.13294941,-0.007427962,-6.613698127,-3.196516381,-0.959535032,-0.057425682,0.028326681,-0.006747508,0.99790475,0.402430924,-0.915437441,1.299204005,0.0,0.0,0.0,0.86058265,0.0,3.604943001
1772729840.3538387,-0.182945,-1.031725,1.196075,-0.05331814,0.05526239,-0.01124708,0.99698382,-0.108415,0.109209,-0.028493,1.064733358,-0.177691001,0.035303608,-0.176268622,-0.20591929,-0.018031302,-0.055509224,0.015115593,1.000202311,-0.179268023,-0.216937593,-0.007957652,47564.99477606,55453.721977406,55580.594215207,50655.444756029,-0.208270261,-1.026291736,1.19498932,1.145028021,-0.167836695,0.028840404,-0.001542883,0.132628012,-0.008386707,-6.675548261,-3.108608872,-0.956379032,-0.05797269,0.027563212,-0.006749566,0.997893224,0.408963176,-0.912538962,1.299442214,0.0,0.0,0.0,0.86058265,0.0,3.605190244
1772729840.3638387,-0.172352,-1.033377,1.196352,-0.05364885,0.05378205,-0.01126966,0.99704678,-0.109022,0.106237,-0.028407,1.068652049,-0.171172483,0.03528766,-0.162022702,-0.202579869,0.063316854,-0.050921155,0.016175011,1.002405329,-0.16301136,-0.21950551,-0.000698527,47827.892882761,55360.028851518,55427.82186977,50740.300789033,-0.201134998,-1.027603272,1.195226207,1.146973893,-0.160947284,0.028461794,0.005029578,0.13394228,-0.004900926,-6.734416234,-3.024820567,-0.951610095,-0.058493668,0.026834601,-0.006737108,0.997882733,0.415273526,-0.909696005,1.299672923,0.0,0.0,0.0,0.86058265,0.0,3.60527873
1772729840.373839,-0.161534,-1.035171,1.196694,-0.05437429,0.05158712,-0.0097626,0.99713936,-0.11024,0.101994,-0.025213,1.068821862,-0.16034013,0.034942147,-0.116807135,-0.199500717,0.092169048,-0.051563468,0.014312413,1.003612517,-0.147531016,-0.212120979,-0.000462426,48039.835944847,55440.259663665,55349.596827927,50557.107101299,-0.19343822,-1.028940761,1.195457325,1.148887921,-0.153334272,0.028177431,8.2092e-05,0.133170936,-0.004408312,-6.79559704,-2.935594339,-0.94522677,-0.05903556,0.026057928,-0.006713357,0.997873195,0.42220555,-0.90649001,1.299927573,0.0,0.0,0.0,0.86058265,0.0,3.60527873
1772729840.3838387,-0.150963,-1.036601,1.197049,-0.05524483,0.05110867,-0.01005287,0.99711326,-0.112002,0.100983,-0.025829,1.067928641,-0.147360047,0.033553276,-0.083017053,-0.181142963,0.079702788,-0.052800735,0.014459724,1.008259224,-0.132535753,-0.202695894,-0.001384362,47982.307022194,55702.669032749,55369.128436773,50235.279205365,-0.183550453,-1.030635319,1.1957944,1.151287285,-0.143727447,0.028009125,-0.002324335,0.136601081,0.000636271,-6.871781772,-2.812668426,-0.932784868,-0.059712147,0.024985489,-0.006652126,0.997864812,0.430461331,-0.902597155,1.300231806,0.0,0.0,0.0,0.86058265,0.0,3.60527873
1772729840.3938391,-0.14031,-1.038003,1.197447,-0.05583174,0.05128872,-0.0102714,0.9970691,-0.113211,0.101303,-0.026348,1.067583594,-0.136247644,0.035318487,-0.041510133,-0.162287213,0.031198139,-0.047536269,0.022358994,1.0143837,-0.115160998,-0.200262106,0.004687303,47622.193874498,55818.549115158,55537.885804052,50103.834316491,-0.174117584,-1.032185855,1.196133798,1.153466788,-0.134496445,0.028468899,-0.002587832,0.145323714,0.001746524,-6.940780457,-2.68287768,-0.919702437,-0.060326546,0.023852414,-0.006591936,0.997858575,0.43838702,-0.898772548,1.300525141,0.0,0.0,0.0,0.86058265,0.0,3.60527873
1772729840.4038398,-0.129466,-1.039477,1.197759,-0.05542639,0.04945439,-0.00845434,0.99720144,-0.112149,0.097851,-0.022453,1.067927262,-0.125265795,0.035751646,-0.010391949,-0.23793521,-0.040358489,-0.045759826,0.028365719,1.01260625,-0.095742881,-0.186561922,0.004720444,47685.138796942,55758.746177067,55466.158039814,50150.978163827,-0.160294253,-1.034289372,1.196584172,1.156220403,-0.120698183,0.028851196,-0.005716024,0.14449983,-0.00082482,-6.997903044,-2.560643071,-0.90540279,-0.060836838,0.02278372,-0.006520785,0.997857549,0.449389318,-0.893325894,1.300934383,0.0,0.0,0.0,0.86058265,0.0,3.60527873
1772729840.4138403,-0.118931,-1.040525,1.198096,-0.0552236,0.04858513,-0.00957309,0.9972453,-0.11182,0.095993,-0.024575,1.068021182,-0.11487171,0.035969615,-0.010088336,-0.29134164,-0.100926912,-0.043983425,0.034372301,1.010828842,-0.076325228,-0.172862065,0.004753585,47878.002296091,55654.370113522,55321.204864915,50242.15444416,-0.150166474,-1.035785113,1.196903241,1.158143835,-0.110897198,0.02888269,-0.001348769,0.150162621,-0.000220562,-7.051047697,-2.41863692,-0.885374439,-0.061314801,0.021539472,-0.006412211,0.997856926,0.458536354,-0.888664972,1.301276555,0.0,0.0,0.0,0.86058265,0.0,3.60527873
1772729840.423841,-0.108246,-1.041584,1.198436,-0.05550398,0.04793904,-0.01025049,0.99725427,-0.112424,0.094618,-0.025885,1.070219902,-0.106205191,0.035296479,-0.037921469,-0.323033895,-0.119357376,-0.046102306,0.028627685,1.008500433,-0.059932303,-0.165996615,0.00697727,48070.870393249,55549.991561575,55176.248234225,50333.332898203,-0.139815792,-1.0371578,1.197240385,1.159652191,-0.100474,0.029086622,-0.003144989,0.158471029,-0.002422914,-7.089337284,-2.298870539,-0.864717363,-0.061661265,0.0204876,-0.006289897,0.997860776,0.467062705,-0.884214133,1.301597189,0.0,0.0,0.0,0.86058265,0.0,3.60527873
1772729840.4338412,-0.097518,-1.042685,1.198885,-0.05569674,0.04435587,-0.01104469,0.99740084,-0.112752,0.087362,-0.027079,1.070015434,-0.095082997,0.032673497,-0.006935004,-0.336458561,-0.101203182,-0.053182332,0.011132305,1.005571523,-0.049038569,-0.171712536,0.011145445,48263.729294389,55445.617986433,55031.298515117,50424.507004825,-0.1233173,-1.039157292,1.19780396,1.161698959,-0.083909112,0.029344798,-0.014172003,0.148491135,-0.006325751,-7.117285871,-2.131835667,-0.83732507,-0.061921926,0.019019814,-0.006137022,0.997881177,0.478973161,-0.877774714,1.302048563,0.0,0.0,0.0,0.86058265,0.0,3.60527873
1772729840.4438412,-0.086768,-1.043599,1.199116,-0.0558655,0.04144604,-0.01112012,0.99751572,-0.11299,0.081534,-0.026908,1.069447174,-0.084134909,0.029658886,0.04344248,-0.33031173,-0.002069761,-0.057683394,0.014849376,1.002867936,-0.052509889,-0.189957504,0.009772406,48341.068622891,55283.156547292,55042.692211746,50543.829457528,-0.110218619,-1.040541333,1.198218888,1.162926375,-0.070823619,0.028995451,-0.020020491,0.1379605,-0.008389353,-7.129739552,-2.029633415,-0.821342154,-0.062040454,0.018121852,-0.006051303,0.997889225,0.490424273,-0.871469432,1.302484301,0.0,0.0,0.0,0.86058265,0.0,3.60527873
1772729840.4538407,-0.076091,-1.044415,1.1995,-0.05643928,0.04291175,-0.01073933,0.99742561,-0.114164,0.084491,-0.026364,1.072380996,-0.077076861,0.028327008,0.137119555,-0.395197504,0.162688654,-0.050831388,0.024853399,0.998391145,-0.075108629,-0.158427809,0.006873661,48412.813471503,55484.322723908,55067.943005181,50244.227239082,-0.098639669,-1.041625694,1.198583253,1.163647925,-0.059005781,0.028375906,-0.013649761,0.148766406,-0.010385863,-7.156085798,-1.880696177,-0.801120139,-0.062283527,0.016815294,-0.0059523,0.99789211,0.500127601,-0.865937831,1.302856598,0.0,0.0,0.0,0.86058265,0.0,3.60525546
1772729840.4638407,-0.065366,-1.045063,1.199674,-0.05510276,0.04042632,-0.00997546,0.99761209,-0.111331,0.079644,-0.024438,1.072638863,-0.067783437,0.028591228,0.202687404,-0.527989019,0.231573839,-0.044307729,0.024581986,0.997606871,-0.096392127,-0.158708425,-0.000149029,47844.498879614,55683.931816503,55430.642806136,50105.052547339,-0.087493707,-1.042605718,1.198972368,1.164168602,-0.047875056,0.027624882,-0.013141673,0.149285254,-0.011533498,-7.179857238,-1.781310953,-0.784503499,-0.062499775,0.015942006,-0.005858509,0.997888513,0.509576449,-0.860411879,1.303221503,0.0,0.0,0.0,0.86058265,0.0,3.604646208
1772729840.4738412,-0.054699,-1.045652,1.199904,-0.05249642,0.03683888,-0.00791987,0.99790997,-0.105834,0.072756,-0.019728,1.072370875,-0.057385408,0.029818482,0.207202147,-0.619198878,0.230540204,-0.04811774,0.014677019,0.996675105,-0.094130606,-0.167181776,-0.001565531,48748.966270623,55506.776451377,54773.964187173,50388.856438989,-0.074760352,-1.043592606,1.199346309,1.164584341,-0.035183785,0.026747659,-0.015399892,0.143066814,-0.010744502,-7.219247993,-1.666709127,-0.771067343,-0.062852318,0.014938684,-0.005799137,0.997876694,0.519010791,-0.854756675,1.303588172,0.0,0.0,0.0,0.86058265,0.0,3.604036927
1772729840.4838412,-0.043988,-1.046197,1.200271,-0.0524964,0.03428666,-0.00623217,0.99801288,-0.10565,0.067835,-0.016077,1.070973632,-0.046632679,0.032242008,0.133339769,-0.60920082,0.132700784,-0.059318348,0.01148786,1.001402122,-0.088353429,-0.152650395,0.008622162,48190.933784322,55486.726382809,55291.61448468,50380.214245921,-0.062321797,-1.04440093,1.199722463,1.16463893,-0.022685795,0.025698868,-0.033176625,0.141423263,-0.006275911,-7.26960406,-1.53410057,-0.758565631,-0.063301125,0.013779568,-0.005757158,0.997866088,0.529682814,-0.848195601,1.30400576,0.0,0.0,0.0,0.86058265,0.0,3.603427675
1772729840.4938414,-0.033117,-1.046783,1.200708,-0.05157514,0.02989146,-0.00565028,0.99820568,-0.103669,0.059127,-0.014389,1.068428525,-0.033943661,0.03168484,0.036071304,-0.516405657,0.042765887,-0.059044367,0.007105058,0.999876196,-0.088543284,-0.154127623,0.008102707,48403.53654992,55456.431259991,55196.296686528,50465.019292254,-0.049523059,-1.045049352,1.200006529,1.1644101,-0.009628584,0.024695499,-0.025232454,0.128821717,-0.005353058,-7.314677662,-1.409877221,-0.740069365,-0.063703616,0.012689796,-0.005660079,0.997854046,0.539321953,-0.842092513,1.304386064,0.0,0.0,0.0,0.86058265,0.0,3.602818408
1772729840.5038419,-0.022528,-1.046983,1.200971,-0.0523734,0.0264777,-0.00644806,0.99825567,-0.105243,0.052211,-0.015669,1.065274598,-0.022291824,0.032241872,-0.069983783,-0.257171435,-0.030199279,-0.052519612,0.003998047,0.997372761,-0.08549779,-0.159179006,0.0056697,48458.818527365,55577.559931439,55241.8808513,50312.240082845,-0.035039682,-1.045640716,1.200356956,1.163725821,0.005057405,0.023427679,-0.027064261,0.135213495,-0.010459018,-7.358692313,-1.286981928,-0.719065168,-0.064096871,0.011610098,-0.005540966,0.997841826,0.55118087,-0.834371308,1.304857724,0.0,0.0,0.0,0.86058265,0.0,3.602209127
1772729840.5138416,-0.011953,-1.047028,1.201242,-0.0530186,0.02818675,-0.00692,0.99817165,-0.106599,0.055565,-0.01683,1.062960629,-0.010067745,0.02992128,-0.149817845,-0.038218442,-0.087516285,-0.044233318,0.00441688,0.999526059,-0.074813605,-0.165583481,0.004980626,48801.958863346,55593.535427197,55043.518445631,50292.936358803,-0.024487191,-1.046028046,1.200688998,1.163205729,0.015473303,0.022902605,-0.023703632,0.138060137,-0.008657969,-7.389930707,-1.188797652,-0.701544524,-0.064376499,0.010746798,-0.005440495,0.997836875,0.558875227,-0.82923654,1.30516607,0.0,0.0,0.0,0.86058265,0.0,3.601599889
1772729840.5238419,-0.001346,-1.047083,1.201533,-0.05401298,0.02978283,-0.00757092,0.99806726,-0.108668,0.058666,-0.018363,1.060451691,-0.000109285,0.027313021,-0.163252384,0.117387845,-0.044341205,-0.04938036,0.00538628,0.998623494,-0.058442128,-0.15559453,0.006782133,49145.115561939,55609.511684746,54845.146581071,50273.631714265,-0.014780596,-1.04626762,1.200985966,1.162428884,0.02523227,0.022478095,-0.03091978,0.139371149,-0.009846738,-7.419949846,-1.079396379,-0.684300842,-0.064645824,0.009785855,-0.005349354,0.997830482,0.566670448,-0.823904436,1.305480888,0.0,0.0,0.0,0.86058265,0.0,3.600990623
1772729840.5338411,0.009274,-1.047066,1.201778,-0.05381042,0.02820938,-0.00635447,0.9981324,-0.108156,0.055658,-0.015746,1.059548019,0.008685304,0.026780484,-0.161588354,0.192976188,-0.002297259,-0.054236196,0.006243599,0.997537159,-0.047465837,-0.153938747,0.0053209,48464.123479458,55809.077346798,55370.064264402,50119.862290567,-0.002334874,-1.046291086,1.201318864,1.160825328,0.038193385,0.021679959,-0.036823597,0.137849395,-0.00881424,-7.451642271,-0.957515821,-0.662533576,-0.064930372,0.0087137,-0.005226297,0.997827785,0.577293167,-0.816507989,1.30591238,0.0,0.0,0.0,0.86058265,0.0,3.600381414
1772729840.5438418,0.019921,-1.047037,1.202142,-0.0550502,0.03000258,-0.00694983,0.99800853,-0.110717,0.059155,-0.017206,1.059991046,0.015977443,0.027072986,-0.110598637,0.136847935,0.049773264,-0.064571629,0.023764398,1.000921864,-0.051138574,-0.153550829,0.000907967,48551.890714286,55746.786190476,55322.283095238,50309.387619048,0.012759474,-1.046176144,1.201704722,1.158625977,0.054074459,0.02059612,-0.050329473,0.160494629,-0.009984677,-7.472163443,-0.817904029,-0.63773716,-0.065118257,0.007484843,-0.005088303,0.997824402,0.588542806,-0.80845982,1.306373494,0.0,0.0,0.0,0.86058265,0.0,3.600320008
1772729840.5538416,0.030513,-1.046759,1.202352,-0.05647497,0.03028138,-0.0072231,0.99791856,-0.113598,0.059656,-0.017869,1.058095881,0.026030697,0.027668713,-0.076138114,-0.025703524,0.032198376,-0.047356978,0.010316103,1.011281434,-0.042885027,-0.154828569,0.005083623,48569.50744057,56035.757992307,55338.250551737,49935.012957942,0.027316529,-1.046001777,1.202097487,1.156423805,0.069319865,0.02024349,-0.038128461,0.145263482,0.00078699,-7.492967378,-0.683996497,-0.616945705,-0.065307644,0.006307906,-0.004982229,0.997820667,0.599516504,-0.800317355,1.306829002,0.0,0.0,0.0,0.86058265,0.0,3.601174625
1772729840.5638418,0.041045,-1.046483,1.202605,-0.05583156,0.03042634,-0.00589497,0.99795908,-0.112232,0.060106,-0.015191,1.057700543,0.034846245,0.028642665,-0.034827976,-0.131508756,0.042005254,-0.048722336,0.011003674,1.008748811,-0.007970437,-0.12902805,0.001682158,48929.411674219,56212.714796491,54959.401945703,49781.695547333,0.044942145,-1.045442932,1.202556167,1.15322244,0.087804125,0.020751974,-0.042575794,0.144814572,-0.002812385,-7.504998699,-0.50562942,-0.590158074,-0.065422309,0.004739974,-0.004850166,0.997827464,0.612119265,-0.790759252,1.307356227,0.0,0.0,0.0,0.86058265,0.0,3.602029283
1772729840.5738418,0.051614,-1.045999,1.202912,-0.05570633,0.02972669,-0.00673791,0.99798183,-0.112014,0.058616,-0.01679,1.056865421,0.044092544,0.029426155,-0.016478041,-0.187926357,0.049932962,-0.054695347,0.009628604,1.000814493,-0.004294803,-0.107760707,-0.003555533,48903.255061739,55955.508107097,54955.04251029,50194.970024529,0.063859085,-1.044509125,1.203058439,1.149295939,0.107512972,0.02065439,-0.03854073,0.136942084,-0.003659984,-7.494916377,-0.3551807,-0.57034477,-0.065342264,0.00341817,-0.004763917,0.997840851,0.626049005,-0.779763845,1.307947749,0.0,0.0,0.0,0.86058265,0.0,3.60288392
1772729840.583842,0.062151,-1.045536,1.203195,-0.05575888,0.02825318,-0.00551622,0.9980292,-0.112018,0.055809,-0.014184,1.055014409,0.055046439,0.029888879,-0.009081384,-0.194897487,0.03622615,-0.047135524,0.008540688,1.008132926,0.005648389,-0.098008684,0.000984173,48981.550771418,56040.861721137,54969.123772744,50059.599438969,0.082058217,-1.043422198,1.203569255,1.145258004,0.126315139,0.020196582,-0.042353391,0.147611557,-0.003571866,-7.475707713,-0.227932457,-0.55757703,-0.065180971,0.002302038,-0.00472572,0.99785993,0.640134132,-0.768247622,1.308554247,0.0,0.0,0.0,0.86058265,0.0,3.603738578
1772729840.5938423,0.072731,-1.044973,1.203567,-0.05607559,0.02546583,-0.00636145,0.99808144,-0.112639,0.050142,-0.015575,1.051987581,0.066571373,0.028687945,-0.018232699,-0.118074072,0.000931711,-0.049637199,0.014478006,1.005398841,0.001417826,-0.098895852,-0.009433796,49032.362897603,56116.277859255,54860.084124733,50053.934279807,0.100969746,-1.041909209,1.204063801,1.140661475,0.145782336,0.020048477,-0.046942912,0.144171363,-0.003489998,-7.439001193,-0.108236429,-0.542898645,-0.064866629,0.001249882,-0.0046663,0.997885625,0.653322059,-0.757064774,1.309130628,0.0,0.0,0.0,0.86058265,0.0,3.604593236
1772729840.6038425,0.083327,-1.044357,1.203807,-0.05596373,0.02605831,-0.00493835,0.99808048,-0.112355,0.051487,-0.012792,1.047413392,0.079786751,0.024990292,0.018055026,-0.098043194,-0.011967454,-0.054116217,-0.001165143,1.003159046,-0.013611033,-0.075415816,-0.00696368,48908.324910442,55985.180799654,54961.936455654,50250.075649749,0.11566348,-1.040375386,1.204402438,1.136571653,0.161084012,0.019946869,-0.048193725,0.13100759,0.004060474,-7.407657363,-0.005136242,-0.537323285,-0.064598007,0.000347633,-0.004676305,0.997894764,0.663560126,-0.748110159,1.309584,0.0,0.0,0.0,0.86058265,0.0,3.605159671
1772729840.6138425,0.093681,-1.043358,1.204046,-0.05643942,0.02723335,-0.00578778,0.99801775,-0.113376,0.053731,-0.014648,1.043061212,0.091751408,0.022641416,0.087011926,-0.086003107,-0.003170485,-0.049133483,-0.007172533,1.006243364,-0.035252101,-0.067472799,-0.006172047,48746.188264059,55957.729584352,55114.78598207,50295.386308068,0.128790426,-1.038864285,1.204686183,1.13270361,0.17484103,0.019840042,-0.053883017,0.127773794,-0.000167365,-7.39811423,0.069730292,-0.534531885,-0.064517935,-0.000306294,-0.004694186,0.997895192,0.674724188,-0.738057796,1.310084763,0.0,0.0,0.0,0.86058265,0.0,3.604558166
1772729840.6238425,0.104065,-1.042334,1.204278,-0.05607748,0.02745779,-0.00684618,0.99802531,-0.112712,0.054066,-0.01677,1.03938922,0.103485996,0.02292203,0.117192779,-0.068015838,-0.032178179,-0.046343865,0.028849206,1.010716042,-0.050929371,-0.080660025,-0.010014501,48714.017714361,55868.759817997,55108.713168706,50469.831117198,0.141020998,-1.037397537,1.204981097,1.129107769,0.187578738,0.019900287,-0.047553383,0.146519477,-0.00050948,-7.398218178,0.120377007,-0.532368041,-0.064520861,-0.000748559,-0.00470386,0.997889783,0.682275195,-0.731082238,1.310427465,0.0,0.0,0.0,0.86058265,0.0,3.60395666
1772729840.6338427,0.114441,-1.041295,1.204408,-0.05455759,0.02529396,-0.00578868,0.99817342,-0.109564,0.049885,-0.014334,1.037945939,0.111449543,0.024996605,0.089876939,-0.06918921,-0.024544344,-0.051163345,0.018354515,1.00802102,-0.067814508,-0.088556368,-0.010743079,48547.31456736,55865.429134721,55190.279956188,50524.268784228,0.15290914,-1.035795966,1.205336246,1.125552186,0.199819844,0.020232474,-0.052120297,0.137175578,-0.000621218,-7.409591527,0.185827443,-0.530328816,-0.064622481,-0.001319205,-0.004723082,0.997875881,0.690437175,-0.723375627,1.310801668,0.0,0.0,0.0,0.86058265,0.0,3.60335514
1772729840.6438427,0.124831,-1.040157,1.204706,-0.05341258,0.02360046,-0.00575516,0.99827701,-0.107234,0.046522,-0.014027,1.037274552,0.119115323,0.027774444,0.032238622,-0.078464614,-0.053074173,-0.051929265,-0.006195459,1.010023556,-0.080305398,-0.124434324,-0.017807392,48235.30612218,55883.260387373,55348.063123011,50594.628338681,0.164222638,-1.034162857,1.2056649,1.122109902,0.211468486,0.020570855,-0.059767034,0.130495182,0.000307556,-7.430164352,0.237017256,-0.531431496,-0.064803662,-0.001763505,-0.004761869,0.997859771,0.699158029,-0.714908499,1.311206828,0.0,0.0,0.0,0.86058265,0.0,3.602753634
1772729840.6538427,0.135247,-1.038947,1.205064,-0.05443791,0.02460255,-0.0064722,0.99819304,-0.109343,0.04843,-0.015619,1.036700717,0.126572071,0.029281574,-0.059496975,-0.005904811,-0.041464019,-0.063941778,-0.0016615,1.010959145,-0.096674608,-0.139610476,-0.026795227,47973.373496521,55805.178991563,55433.343512761,50829.426294873,0.175419694,-1.032353583,1.205962259,1.118441919,0.223226912,0.020883943,-0.070075162,0.128126335,-0.000243921,-7.467904403,0.332537848,-0.532429992,-0.065136053,-0.002593161,-0.004825437,0.997831629,0.706978543,-0.707199162,1.311572877,0.0,0.0,0.0,0.86058265,0.0,3.602152129
1772729840.6638432,0.145564,-1.037615,1.205383,-0.05539695,0.02567021,-0.00692216,0.99811037,-0.111311,0.050498,-0.016684,1.033205239,0.137924471,0.029703117,-0.145232666,0.080091646,-0.070970277,-0.057295863,0.009286196,1.011469189,-0.096560142,-0.120011425,-0.023473323,49039.669915739,55643.165761428,54664.313144065,50977.763512522,0.187307666,-1.030346284,1.206269376,1.114395525,0.23584545,0.021173821,-0.064675977,0.139046517,-0.001065101,-7.509215689,0.434427572,-0.537682572,-0.065499874,-0.00347565,-0.004930346,0.997801846,0.714770494,-0.69934713,1.311941684,0.0,0.0,0.0,0.86058265,0.0,3.601550594
1772729840.6738431,0.155933,-1.036231,1.205642,-0.05623428,0.02567857,-0.00697844,0.99806293,-0.112993,0.050494,-0.01684,1.028953565,0.149562128,0.028038954,-0.171484944,0.077449263,-0.094785141,-0.051666921,0.007601157,1.008927244,-0.084297639,-0.089951261,-0.020924674,48370.316292364,56309.554267048,55240.298815843,50061.005879951,0.199305302,-1.028126842,1.206575243,1.110026094,0.248772722,0.021500559,-0.059783327,0.150726869,-0.005432884,-7.556745333,0.533605692,-0.543282807,-0.065917764,-0.00433398,-0.005037556,0.997775632,0.722666838,-0.691191619,1.312319996,0.0,0.0,0.0,0.86058265,0.0,3.600949089
1772729840.6838436,0.166126,-1.034594,1.205863,-0.05653345,0.02564152,-0.00773663,0.99804139,-0.11363,0.050329,-0.018366,1.023862243,0.161541549,0.025264418,-0.137004748,-0.032524662,-0.097513697,-0.05024272,-0.005460651,1.008558085,-0.06624472,-0.061781256,-0.018718773,48858.28549399,56247.715372103,54838.631677898,50258.517205687,0.210463762,-1.025931347,1.206842648,1.105772689,0.260738031,0.021028393,-0.060253872,0.125425064,-0.003967036,-7.585751872,0.608833517,-0.544244636,-0.066173263,-0.004987189,-0.005090421,0.997761024,0.730470507,-0.682939078,1.312698597,0.0,0.0,0.0,0.86058265,0.0,3.600347554
1772729840.693844,0.17638,-1.032978,1.206146,-0.05762478,0.02560008,-0.00776525,0.99797982,-0.115819,0.050223,-0.018474,1.020430072,0.171293015,0.024757269,-0.084793333,-0.128760836,-0.074699907,-0.058160675,-0.00319819,1.002873513,-0.048182975,-0.054612592,-0.020637256,48554.372600387,56303.251276858,54990.176932899,50327.047860162,0.219446371,-1.02407828,1.207073545,1.102256498,0.270422215,0.020862319,-0.066684615,0.124997885,-0.007383521,-7.602025319,0.663487309,-0.545422839,-0.066317108,-0.005461667,-0.005132976,0.997752138,0.736265915,-0.676688068,1.312982746,0.0,0.0,0.0,0.86058265,0.0,3.599828075
1772729840.7038438,0.186554,-1.03118,1.206388,-0.05751657,0.02459015,-0.00820358,0.99800795,-0.115598,0.048157,-0.019227,1.017734246,0.180175269,0.024216865,-0.049719006,-0.185651646,-0.031088792,-0.066193985,-0.000320116,1.004106782,-0.039855296,-0.036148638,-0.019664698,49011.584447383,56066.953942665,54634.945757077,50716.343901916,0.228500427,-1.022189804,1.207296002,1.098796485,0.279908706,0.020323193,-0.078234721,0.135426765,-0.007997024,-7.611773568,0.705139455,-0.549904742,-0.066403798,-0.005821307,-0.005196574,0.997747059,0.742414601,-0.669930874,1.313287267,0.0,0.0,0.0,0.86058265,0.0,3.599420803
1772729840.7138438,0.196709,-1.029339,1.206609,-0.05774739,0.02284177,-0.00830631,0.99803532,-0.116023,0.044649,-0.019238,1.014546616,0.189123898,0.024657929,-0.033250623,-0.191707459,0.042123262,-0.06142026,-0.001865368,1.007782815,-0.037636998,-0.021003474,-0.012398824,49082.798791822,56094.690055762,54700.163104089,50606.898698885,0.236147341,-1.020464207,1.207451965,1.095672185,0.288159177,0.019956543,-0.071347268,0.13423549,-0.003831042,-7.616508484,0.740296275,-0.555610983,-0.066446668,-0.006123899,-0.005266862,0.997744134,0.747611076,-0.664118593,1.313547152,0.0,0.0,0.0,0.86058265,0.0,3.599013521
1772729840.7238436,0.206829,-1.027374,1.206894,-0.05809776,0.02217594,-0.00851418,0.99802825,-0.116718,0.043289,-0.019591,1.011544826,0.198479366,0.02467007,-0.017112698,-0.183149849,0.101147272,-0.046582919,-0.005347407,1.009943021,-0.036672539,-0.01651888,-0.001309217,49406.570789326,56112.739343104,54547.127393612,50483.389517926,0.243517037,-1.018737477,1.207631823,1.092614507,0.296194059,0.019994753,-0.058653144,0.129599228,0.000632588,-7.618183459,0.759006279,-0.560716467,-0.066462256,-0.006283771,-0.005322246,0.997742882,0.752223534,-0.658892291,1.313779534,0.0,0.0,0.0,0.86058265,0.0,3.598606248
1772729840.7338428,0.216998,-1.025451,1.207139,-0.05797549,0.02205427,-0.00677872,0.99805135,-0.116395,0.04325,-0.016104,1.007081263,0.209569236,0.023300877,0.028946671,-0.200160512,0.141205935,-0.046506325,-0.000604513,1.00553268,-0.017838369,-0.007621443,0.005850175,49434.978410464,56251.375041586,54590.209241652,50242.736127891,0.251075657,-1.01689874,1.207826069,1.089520552,0.304491504,0.020144144,-0.057341153,0.13657394,-0.001869695,-7.6191626,0.775124912,-0.56197709,-0.066471471,-0.006423341,-0.005342616,0.997744949,0.756427085,-0.654075975,1.313992676,0.0,0.0,0.0,0.86058265,0.0,3.598198995
1772729840.743843,0.227008,-1.02324,1.20731,-0.05766593,0.02045134,-0.00599249,0.99810845,-0.11571,0.040145,-0.014333,1.004113021,0.219861088,0.024274091,0.019696874,-0.17073057,0.124000037,-0.044382222,-0.001926676,1.006037061,-0.000142682,-0.021711423,0.00631751,49045.955304086,56526.421331969,54924.651142513,49886.01371395,0.259487959,-1.014764896,1.208019186,1.086246024,0.313761059,0.01999155,-0.056722822,0.131525091,-0.002028032,-7.615754841,0.789716658,-0.560204076,-0.066442261,-0.006551579,-0.005335433,0.997749625,0.76218653,-0.647347769,1.314287881,0.0,0.0,0.0,0.86058265,0.0,3.597791703
1772729840.7538433,0.237011,-1.020965,1.207637,-0.05803994,0.02054463,-0.00540354,0.99808822,-0.116438,0.040394,-0.013182,1.001394467,0.229844372,0.024962903,0.026421431,-0.128773843,0.100702125,-0.044631878,0.000677294,1.006759691,0.00538574,-0.031585035,0.003405869,48876.609877456,56699.742003355,55079.288163544,49706.730175429,0.263402554,-1.013755829,1.208108513,1.083653585,0.317966706,0.019897715,-0.058216607,0.132478108,-0.001722002,-7.606508602,0.803671147,-0.556394476,-0.066362075,-0.006675719,-0.005309808,0.997754927,0.76524731,-0.643719384,1.314446096,0.0,0.0,0.0,0.86058265,0.0,3.597384412
1772729840.7638428,0.246996,-1.018598,1.207837,-0.05743453,0.0192915,-0.00556024,0.99814738,-0.115208,0.037882,-0.013326,0.997888481,0.24022721,0.025969061,-0.006065247,-0.07757647,0.030805511,-0.047079534,0.007752629,1.006091647,0.003278532,-0.031514365,0.000363955,48707.276563078,56873.050278165,55233.914124326,49527.459459972,0.267118021,-1.012796563,1.208193245,1.081091487,0.321948171,0.019806484,-0.060465411,0.136819616,-0.001444583,-7.595971921,0.819105127,-0.552871406,-0.066270709,-0.006812631,-0.005287428,0.997760294,0.767767871,-0.640712647,1.314576861,0.0,0.0,0.0,0.86058265,0.0,3.596977149
1772729840.7738423,0.25697,-1.016162,1.208056,-0.05692223,0.01794067,-0.00504982,0.99820463,-0.11414,0.035249,-0.012132,0.993950229,0.251089342,0.025762243,-0.017963235,-0.028918316,-0.037149411,-0.04952719,0.014827964,1.005423603,0.001171323,-0.031443694,-0.00267796,48798.829247853,56770.958558559,55135.153069348,49665.713387806,0.272741446,-1.011312873,1.208352736,1.077793844,0.32796396,0.019848336,-0.062862224,0.140502403,-0.001638087,-7.584680548,0.8354045,-0.549515661,-0.066172806,-0.006957013,-0.005266945,0.997766606,0.77115588,-0.636631242,1.314753677,0.0,0.0,0.0,0.86058265,0.0,3.596569886
1772729840.783842,0.266956,-1.013645,1.20844,-0.05839405,0.01964083,-0.00606574,0.99808195,-0.117157,0.038507,-0.014413,0.991011823,0.259120643,0.026157154,-0.035179774,0.033647613,-0.02752653,-0.052327946,0.0069445,1.008032117,0.010756705,-0.03891992,0.004427782,48949.406714822,56527.276101316,55017.438815758,49955.075393242,0.281349773,-1.008983643,1.20860809,1.073389626,0.337167384,0.020003859,-0.066085161,0.140508842,-0.004459897,-7.568757774,0.863342281,-0.545691471,-0.066034965,-0.007203212,-0.005248757,0.997776269,0.77669541,-0.629868354,1.315045128,0.0,0.0,0.0,0.86058265,0.0,3.596162614
1772729840.7938416,0.276824,-1.011014,1.20863,-0.05778919,0.01975013,-0.0050149,0.99812083,-0.115906,0.038856,-0.012303,0.9858942,0.271550958,0.024372615,-0.005289784,0.000977947,-0.035039292,-0.049741635,-0.000751726,1.013556947,0.005443526,-0.043985757,-0.001949349,48674.936787072,56527.560706879,55226.020912548,49980.506956447,0.291325645,-1.006147961,1.208861906,1.068670364,0.34794421,0.020178422,-0.063651158,0.131824776,0.00302572,-7.548232206,0.897445156,-0.540612109,-0.065857173,-0.007504017,-0.005222812,0.997786492,0.783028491,-0.621975984,1.315382457,0.0,0.0,0.0,0.86058265,0.0,3.595755351
1772729840.8038416,0.286594,-1.008162,1.208884,-0.05846905,0.01956165,-0.00652923,0.99807619,-0.117323,0.038294,-0.015333,0.981139883,0.282536206,0.02456164,0.009492754,-0.018676032,-0.037489611,-0.057322642,0.012987321,1.013757573,0.011290209,-0.047084496,0.007429863,48502.088267246,56606.936126611,55301.39679522,49939.282776159,0.300308828,-1.003452913,1.209087267,1.064496342,0.357842426,0.020650748,-0.069092688,0.135881721,-0.002283236,-7.525992406,0.936268079,-0.535416608,-0.065664583,-0.007846058,-0.005198337,0.99779547,0.789105836,-0.614249154,1.315710061,0.0,0.0,0.0,0.86058265,0.0,3.595348069
1772729840.813841,0.296405,-1.005306,1.209055,-0.05739312,0.01875448,-0.00603754,0.99815723,-0.115133,0.036755,-0.014216,0.976792093,0.293034196,0.023918341,0.052515674,-0.064569631,-0.035372928,-0.053712056,0.003247305,1.007893255,-0.005345121,-0.062618524,0.009427463,49057.338156144,56399.804563594,54956.592735086,50142.633398138,0.30992184,-1.000492207,1.209313534,1.06016273,0.36825454,0.020809411,-0.072021255,0.139573883,-0.007144661,-7.503676232,0.978658044,-0.529405995,-0.065471351,-0.008219617,-0.005168661,0.997803785,0.795116149,-0.606449429,1.316038308,0.0,0.0,0.0,0.86058265,0.0,3.594940806
1772729840.823841,0.306199,-1.002409,1.209402,-0.05786952,0.01902743,-0.00557399,0.99812725,-0.116076,0.037347,-0.013339,0.972896266,0.303030378,0.023293185,0.074317649,-0.132587832,-0.006759914,-0.046687481,-0.005231057,1.001768696,-0.036169912,-0.074797483,0.001220033,49325.210031874,56232.488844154,54866.412179165,50260.01207851,0.318520295,-0.997777246,1.209558352,1.056328902,0.377431445,0.020726877,-0.063432577,0.123565148,-0.007592253,-7.484963662,1.022052934,-0.521839303,-0.065309372,-0.008602642,-0.005126138,0.997806381,0.800347741,-0.599534107,1.316327428,0.0,0.0,0.0,0.86058265,0.0,3.594721556
1772729840.833841,0.315855,-0.999156,1.209537,-0.05657612,0.01696067,-0.00661653,0.99823229,-0.113482,0.033119,-0.015138,0.969902032,0.312787517,0.024888485,0.041513833,-0.111779367,-0.013229763,-0.044962845,0.00264669,1.00434476,-0.044433464,-0.058525869,-0.004423815,49190.148804934,56195.637625289,54928.152659985,50448.751734773,0.329259689,-0.994153932,1.209798385,1.051330676,0.389192184,0.020114907,-0.062801816,0.139497752,-0.005373765,-7.477186501,1.068077269,-0.513582062,-0.065242592,-0.009008456,-0.005079836,0.997800792,0.807273117,-0.590167981,1.316715671,0.0,0.0,0.0,0.86058265,0.0,3.594721556
1772729840.843841,0.325578,-0.996145,1.209878,-0.05735448,0.0178449,-0.0063224,0.99817436,-0.115049,0.034906,-0.014678,0.965821143,0.322507786,0.024610766,0.020757022,-0.102901178,0.003575053,-0.03962274,-0.006091689,1.005561492,-0.064803929,-0.066395818,-0.008939241,49080.4578359,56086.0,54971.964838642,50695.007276946,0.338774286,-0.990929076,1.210059261,1.046962614,0.3993254,0.019951433,-0.057191586,0.122848616,-0.002936526,-7.479996369,1.110009617,-0.507335258,-0.065267964,-0.00937702,-0.00504952,0.997791159,0.812866326,-0.582443168,1.3170336,0.0,0.0,0.0,0.86058265,0.0,3.594721556
1772729840.8538408,0.335198,-0.992816,1.210081,-0.05681708,0.01717099,-0.00598061,0.99821902,-0.113948,0.033608,-0.013899,0.961196565,0.333755175,0.024075023,-0.019428984,-0.105354029,-0.025456633,-0.055355369,-0.00689915,1.001089342,-0.075662705,-0.065617262,-0.006555529,49164.86235079,56120.718464351,54947.920206474,50674.659855898,0.347799089,-0.987722559,1.210277938,1.042709907,0.40913954,0.019681748,-0.069632303,0.121043589,-0.006956708,-7.49126933,1.150463653,-0.504191266,-0.065367191,-0.009730571,-0.005046123,0.997777898,0.818353439,-0.574712596,1.317349545,0.0,0.0,0.0,0.86058265,0.0,3.594721556
1772729840.8638408,0.344784,-0.989412,1.210299,-0.05726951,0.01587953,-0.00587449,0.99821517,-0.114829,0.031035,-0.013554,0.958139783,0.343120995,0.024339242,-0.069932536,-0.072158313,-0.027944975,-0.066407581,-0.00486264,0.998335751,-0.090123974,-0.055756725,0.000605783,48754.533761376,56176.673627179,55318.091431436,50643.372088539,0.35592162,-0.984743015,1.210465514,1.038815473,0.418011994,0.019036158,-0.08721768,0.128318339,-0.012401525,-7.507410668,1.18792927,-0.50218548,-0.06550878,-0.010057236,-0.005051417,0.997762312,0.823035354,-0.567979827,1.317622932,0.0,0.0,0.0,0.86058265,0.0,3.594721556
1772729840.873841,0.354363,-0.985926,1.210596,-0.05771202,0.01645661,-0.00675754,0.99817475,-0.115754,0.032079,-0.015398,0.954982981,0.352743169,0.025631415,-0.11901509,-0.01288888,-0.052961136,-0.055509614,-0.010306061,1.006218159,-0.080919043,-0.041053957,0.004845563,48947.820357088,56044.850551442,55290.594593552,50761.446745334,0.364379173,-0.981546692,1.210689982,1.034778934,0.427266485,0.018277058,-0.077301044,0.12185679,-0.00417966,-7.526774391,1.221252131,-0.49932015,-0.0656782,-0.010348178,-0.005047239,0.997744871,0.828183617,-0.560440434,1.317927281,0.0,0.0,0.0,0.86058265,0.0,3.594721556
1772729840.883841,0.363863,-0.982361,1.210795,-0.05818928,0.01572305,-0.00660442,0.99815989,-0.116691,0.030624,-0.015022,0.950463066,0.363809807,0.024961465,-0.16957112,0.002123536,-0.086933269,-0.042856196,-0.005696698,1.012702943,-0.048264486,-0.03393434,0.010654205,49402.924234729,55993.686689136,54989.699616787,50794.314234268,0.373048417,-0.978182958,1.210896148,1.030530044,0.436929126,0.018341576,-0.06341508,0.126116582,0.003637929,-7.55747035,1.25583901,-0.493841102,-0.065946063,-0.010651132,-0.005022173,0.997730056,0.83330562,-0.552793476,1.318234055,0.0,0.0,0.0,0.86058265,0.0,3.594721556
1772729840.8938403,0.373371,-0.978657,1.211053,-0.05903971,0.01564944,-0.00702257,0.99810826,-0.118407,0.030415,-0.015874,0.946180409,0.3724718,0.024150237,-0.180944504,0.016572466,-0.063470712,-0.042375912,0.001196679,1.010410206,-0.024350993,-0.030959129,0.012571866,49499.529288396,56341.160818775,55012.091587844,50366.824269625,0.381660161,-0.974740083,1.211114813,1.026314609,0.44667885,0.018893401,-0.062653788,0.132710845,0.001707425,-7.577498612,1.27974879,-0.486936713,-0.066120538,-0.010862419,-0.004977689,0.997726091,0.83828474,-0.545210717,1.318536424,0.0,0.0,0.0,0.86058265,0.0,3.594721556
1772729840.9038408,0.382852,-0.974941,1.211372,-0.06071482,0.01701203,-0.00747827,0.99798215,-0.121806,0.033053,-0.017002,0.941835416,0.382660213,0.022259831,-0.157946364,-0.022887106,-0.018727556,-0.043058163,-0.009023025,1.007787287,-0.016472787,-0.025793827,0.004830268,49549.881379623,56480.559064637,54894.41517132,50180.044728193,0.389121999,-0.97169908,1.21133112,1.022703946,0.455072576,0.019242048,-0.064872424,0.127713876,-0.002021139,-7.580324125,1.297521024,-0.479211166,-0.066144933,-0.011021497,-0.004920935,0.997728289,0.840469539,-0.541858733,1.318669796,0.0,0.0,0.0,0.86058265,0.0,3.594721556
1772729840.9138412,0.392204,-0.971006,1.211543,-0.06076891,0.01647381,-0.00791964,0.99798448,-0.121918,0.031924,-0.01782,0.938029255,0.392660553,0.022296253,-0.145631888,-0.04629345,0.011090549,-0.041108427,-0.017498629,1.008156542,-0.007035608,-0.04024225,0.004488805,49577.336741397,56510.504825751,54825.544577136,50140.990348498,0.396091215,-0.968796724,1.211531117,1.019305608,0.462915958,0.019379201,-0.062385543,0.11635372,-0.001906842,-7.57624994,1.312636118,-0.473945268,-0.066109398,-0.011156316,-0.004883398,0.997732499,0.84214217,-0.539206533,1.318774323,0.0,0.0,0.0,0.86058265,0.0,3.594721556
1772729840.9238412,0.40154,-0.967054,1.211738,-0.06229674,0.01566499,-0.00706413,0.99790973,-0.124937,0.030389,-0.016059,0.934386186,0.401887699,0.023288561,-0.097825996,-0.035833167,0.045400384,-0.046320754,-0.004194266,1.008780989,0.012414759,-0.034144542,0.006054868,49595.919998658,56482.514136143,54823.202134264,50188.298662729,0.403143566,-0.965769911,1.211703285,1.015769764,0.470959402,0.019374028,-0.065760907,0.129719758,0.000815685,-7.566794202,1.332420001,-0.468675989,-0.066027127,-0.011332013,-0.004847974,0.997739292,0.850043418,-0.52667796,1.319268093,0.0,0.0,0.0,0.86058265,0.0,3.594721556
1772729840.9338415,0.410871,-0.962965,1.211919,-0.06087641,0.01484674,-0.00650558,0.99801368,-0.122058,0.028846,-0.0148,0.931050674,0.410988368,0.024757813,-0.046494853,-0.027027986,0.069551524,-0.048367839,0.001635819,1.011089491,0.026796713,-0.028672366,0.006616618,49648.702763469,56372.022215138,54786.606083995,50343.128106176,0.409728566,-0.962874836,1.211853326,1.012408219,0.478459547,0.019489827,-0.069189523,0.132602924,0.002546885,-7.55159845,1.354447047,-0.463540899,-0.06589494,-0.0115274,-0.004814409,0.997748927,0.854240794,-0.519853016,1.319535198,0.0,0.0,0.0,0.86058265,0.0,3.594721556
1772729840.9438407,0.420203,-0.958822,1.212244,-0.06229427,0.01528067,-0.00648072,0.9979198,-0.124907,0.029695,-0.014845,0.926839501,0.42084776,0.027154338,-0.002548051,0.017433242,0.077615788,-0.046758028,-0.002220714,1.014465173,0.035635905,-0.028055002,0.006096884,49932.217113351,56420.098967298,54582.389353332,50257.553110401,0.415719335,-0.960198801,1.211985293,1.00935245,0.485287489,0.019687319,-0.071166234,0.130662187,0.004202955,-7.534831042,1.368829448,-0.459567208,-0.065748959,-0.011655613,-0.004786362,0.997755241,0.857674686,-0.514175648,1.319756363,0.0,0.0,0.0,0.86058265,0.0,3.594721556
1772729840.9538407,0.429451,-0.954571,1.212578,-0.06237894,0.01640114,-0.00652993,0.9978964,-0.125099,0.031924,-0.015087,0.922114108,0.430774187,0.027885788,0.048599177,0.069145284,0.075248154,-0.045038914,-0.00043183,1.017813475,0.047379773,-0.041450815,0.002165067,50218.933587008,56539.1482622,54357.307527852,50084.464577122,0.421291287,-0.957677185,1.212104535,1.006512364,0.491641704,0.019942385,-0.065921347,0.131576384,0.008427072,-7.510636928,1.383225231,-0.455124021,-0.065538247,-0.01178451,-0.00475343,0.997764776,0.860831688,-0.50887957,1.319961839,0.0,0.0,0.0,0.86058265,0.0,3.594721556
1772729840.9638405,0.438628,-0.95023,1.212798,-0.06127725,0.01617295,-0.00555351,0.99797429,-0.122856,0.031605,-0.013073,0.916068997,0.442844828,0.026978075,0.115363701,0.064885665,0.035667307,-0.048625924,-0.000845736,1.01482635,0.068437053,-0.038792704,0.004090874,50023.142829123,56691.338557194,54384.454985878,49967.648242586,0.42956588,-0.953860124,1.212345075,1.002369856,0.501034029,0.020913467,-0.071641486,0.132050965,0.004280254,-7.477072709,1.399601454,-0.450418984,-0.065245957,-0.011931177,-0.004718318,0.99778196,0.865025124,-0.501707325,1.320238791,0.0,0.0,0.0,0.86058265,0.0,3.594721556
1772729840.9738405,0.447784,-0.945729,1.2131,-0.06107685,0.01648818,-0.00599642,0.99797886,-0.122474,0.032183,-0.01399,0.910274839,0.454264885,0.025298023,0.149413759,0.00143698,0.005604363,-0.050233624,-0.003186054,1.011155568,0.081960913,-0.033633698,0.002676654,49592.857195055,56581.162576376,54680.684692365,50125.605890831,0.437216491,-0.950249427,1.212599227,0.998520496,0.50960789,0.021434584,-0.07474303,0.126256784,0.00022215,-7.429807553,1.422642617,-0.445987293,-0.064834555,-0.012136264,-0.00468783,0.997804522,0.86928975,-0.494277781,1.320524379,0.0,0.0,0.0,0.86058265,0.0,3.594721556
1772729840.9838405,0.456794,-0.941118,1.213316,-0.05997217,0.01648114,-0.00543589,0.99804918,-0.120241,0.032252,-0.012834,0.905178894,0.46524922,0.022959637,0.225710534,-0.090878362,0.00779638,-0.044899337,-0.002014705,1.01215605,0.074920796,-0.042869038,-0.008840605,49606.679531387,56461.556102889,54614.917714335,50329.627508513,0.445299392,-0.946349678,1.212850141,0.994376897,0.518584769,0.021744424,-0.07116441,0.123433951,-0.00107982,-7.379397335,1.447082901,-0.441770667,-0.064395809,-0.012353517,-0.004659487,0.997832413,0.873551399,-0.486706907,1.320813995,0.0,0.0,0.0,0.86058265,0.0,3.594721556
1772729840.9938412,0.465867,-0.936413,1.213487,-0.05852429,0.01563105,-0.00565747,0.99814757,-0.117332,0.030547,-0.01313,0.901110319,0.475489032,0.02397749,0.203036861,-0.141429058,-0.037575814,-0.044848004,0.0151423,1.008506811,0.053796694,-0.049519816,-0.016153329,49393.476211296,56413.897511825,54781.918657339,50382.238880719,0.452814894,-0.942632334,1.213078688,0.990471894,0.526913921,0.021970405,-0.066949478,0.138352934,-0.003255907,-7.33009337,1.472373583,-0.441513683,-0.06396711,-0.0125759,-0.004666014,0.997858084,0.876350343,-0.481674254,1.32100594,0.0,0.0,0.0,0.86058265,0.0,3.594721556
1772729841.0038407,0.474861,-0.931591,1.213817,-0.05803119,0.01497029,-0.00660964,0.99818064,-0.116361,0.029123,-0.01494,0.898196195,0.483799937,0.02573565,0.174539409,-0.176057391,-0.066679742,-0.043611755,0.011353718,1.004029111,0.034671476,-0.059682975,-0.015822792,49328.247253801,56483.921928503,54803.139159019,50337.77282564,0.459327955,-0.939338723,1.213281563,0.987048213,0.534144043,0.022112904,-0.069287269,0.142158229,-0.007484768,-7.29354761,1.493420799,-0.442683718,-0.063649551,-0.012760024,-0.004683859,0.997877093,0.876350343,-0.481674254,1.32100594,0.0,0.0,0.0,0.86058265,0.0,3.594721556
1772729841.013841,0.483827,-0.926751,1.214044,-0.05719793,0.01359403,-0.00624485,0.99825077,-0.114657,0.026429,-0.014028,0.895664199,0.490935025,0.027495267,0.113537212,-0.190819036,-0.059406483,-0.041868016,-0.000635693,1.003383307,0.021331574,-0.066392163,-0.018753532,49668.923763868,56650.525955349,54432.588823449,50278.025174634,0.465121713,-0.936317034,1.213442466,0.983861135,0.540573304,0.02186103,-0.068434505,0.128610473,-0.004459476,-7.262985408,1.512406513,-0.444295431,-0.063384091,-0.012925712,-0.004705003,0.997891761,0.87946844,-0.475932301,1.321223694,0.0,0.0,0.0,0.86058265,0.0,3.594721556
1772729841.0238411,0.492742,-0.921791,1.214304,-0.05618413,0.01282438,-0.00571937,0.99832168,-0.112599,0.024966,-0.012865,0.891655415,0.498920853,0.030050417,0.031212134,-0.140308812,-0.030508324,-0.040325079,-0.022804983,1.010153616,0.010001746,-0.074655416,-0.030408974,48841.446144834,56538.417466013,54963.866076005,50586.021307754,0.472940934,-0.932170958,1.213632895,0.979576173,0.549258697,0.021720622,-0.066344152,0.107800358,0.00293897,-7.228069256,1.55650737,-0.445654497,-0.063081339,-0.01331045,-0.004737136,0.997905844,0.885726573,-0.464101273,1.321669845,0.0,0.0,0.0,0.86058265,0.0,3.594721556
1772729841.0338411,0.50165,-0.916734,1.214688,-0.05703722,0.01244696,-0.0075064,0.99826624,-0.114345,0.023997,-0.016412,0.886829847,0.506494014,0.031095912,-0.035121258,-0.108858052,0.022555037,-0.04741901,-0.020149244,1.013338976,-0.028824713,-0.102316034,-0.042225955,48391.904528822,56384.354892363,55213.921826736,50866.125219788,0.481928742,-0.927287862,1.213881301,0.974588872,0.559303421,0.022046968,-0.07537718,0.104332445,0.002968595,-7.195959845,1.603730756,-0.456101334,-0.062804224,-0.013717298,-0.004850222,0.99791755,0.892753407,-0.450516665,1.322179689,0.0,0.0,0.0,0.86058265,0.0,3.594721556
1772729841.0438411,0.510548,-0.911684,1.214945,-0.05687808,0.01152358,-0.00652626,0.99829329,-0.113987,0.022267,-0.014345,0.882177065,0.515852687,0.031581518,-0.08937953,-0.041196038,0.028306669,-0.060283527,-0.013840234,1.008957562,-0.031929745,-0.090169045,-0.033235924,49078.55729596,56505.200329761,54682.979389942,50721.415498763,0.490501537,-0.922531713,1.214131746,0.969739565,0.568816044,0.022234242,-0.087677447,0.109897756,-0.001909678,-7.189675656,1.666146819,-0.471324609,-0.062753079,-0.014252782,-0.005016158,0.997914369,0.897059616,-0.441882316,1.322501332,0.0,0.0,0.0,0.86058265,0.0,3.594721556
1772729841.053841,0.519318,-0.90646,1.215288,-0.05800718,0.01204658,-0.00615751,0.99822449,-0.11625,0.023338,-0.013695,0.877599652,0.52533228,0.032298613,-0.11294631,-0.008993398,0.00930933,-0.048328146,-0.019924219,1.011231032,0.004305672,-0.077091037,-0.042170525,49548.247719725,56885.101033725,54409.959188924,50244.906099443,0.501100943,-0.916578243,1.214490907,0.947305379,0.574450096,0.022637122,-0.072289476,0.115296554,0.007032779,-7.208610702,1.732886617,-0.4855317,-0.062921647,-0.014825352,-0.005178764,0.997896753,0.903151381,-0.429207508,1.322970126,0.0,0.0,0.0,0.86058265,0.0,3.594721556
1772729841.0638416,0.527998,-0.90113,1.215607,-0.0580185,0.01226863,-0.0055824,0.99822451,-0.116263,0.023848,-0.012573,0.872141061,0.5352475,0.032354518,-0.110588759,0.019114048,-0.008357184,-0.041012488,-0.01953716,1.01175442,0.03507373,-0.085954132,-0.043988432,49245.473655122,57373.330569885,54496.404446082,49641.86287153,0.51470823,-0.908658194,1.214952502,0.931858526,0.585820369,0.02326624,-0.07483219,0.10185408,-0.000477163,-7.077930787,1.990037187,-0.49224088,-0.061791852,-0.017067108,-0.005358665,0.997925035,0.910229634,-0.414005947,1.323529086,0.0,0.0,0.0,0.86058265,0.0,3.594721556
1772729841.0738416,0.536763,-0.895778,1.215909,-0.05872383,0.01127324,-0.00616042,0.9981916,-0.117673,0.021784,-0.013626,0.86733146,0.545952405,0.030940977,-0.061925099,-0.010812566,-0.063397527,-0.041870086,-0.011946896,1.010679936,0.047128222,-0.059881077,-0.04548927,49563.751602817,56819.081925276,54046.694912042,50462.951078546,0.527831461,-0.900721344,1.215407777,0.931675108,0.602330531,0.023942985,-0.07673109,0.121031367,0.0017417,-7.0398227,2.039545991,-0.511799717,-0.061464368,-0.017489571,-0.005549788,0.997937922,0.915511913,-0.402258068,1.323958412,0.0,0.0,0.0,0.86058265,0.0,3.594721556
1772729841.083841,0.545397,-0.890199,1.216246,-0.05913275,0.01273239,-0.00725896,0.99814253,-0.118544,0.024561,-0.016002,0.862454125,0.556241342,0.030523028,-0.019463822,-0.02323502,-0.129577063,-0.049155172,0.001307934,1.008348888,0.044466134,-0.006334291,-0.046740746,49765.299761621,56662.708134684,53694.128277712,50785.167461263,0.538422629,-0.894099411,1.215798101,0.928212753,0.615056268,0.02466127,-0.085413988,0.133638987,-0.004692048,-7.003743456,2.076569338,-0.53084693,-0.061154202,-0.017803586,-0.005729874,0.997950896,0.920188574,-0.391471153,1.324350349,0.0,0.0,0.0,0.86058265,0.0,3.594721556
1772729841.0938413,0.554029,-0.884665,1.216532,-0.0586919,0.01133597,-0.00729753,0.9981851,-0.117635,0.021776,-0.015904,0.857928887,0.564313689,0.028914188,0.032555684,-0.008330039,-0.117451712,-0.042881091,-0.011514772,1.012673778,0.046546531,0.029795832,-0.051915255,49501.448616077,56637.01736525,53826.748195603,50887.930539001,0.545211336,-0.889809545,1.216044279,0.925244751,0.622841305,0.02482924,-0.079308949,0.112099286,0.003047829,-6.975602411,2.093864502,-0.549218948,-0.060912522,-0.017945853,-0.005894687,0.997961502,0.923098228,-0.38454236,1.324600829,0.0,0.0,0.0,0.86058265,0.0,3.594721556
1772729841.1038404,0.562528,-0.878921,1.216857,-0.05900846,0.01202568,-0.00814225,0.99815184,-0.118302,0.023048,-0.017679,0.853209089,0.572289318,0.029290043,0.068374407,0.002632115,-0.096214222,-0.044064779,-0.021498233,1.017558621,0.038611252,0.048067629,-0.060405813,48978.832351402,56403.279816201,54184.745160483,51170.531243602,0.553373267,-0.884496624,1.216356745,0.921083343,0.632276379,0.02564532,-0.081749732,0.102923303,0.010152552,-6.943964597,2.094684559,-0.575354663,-0.060641102,-0.01794079,-0.006117789,0.997976066,0.926575402,-0.376081555,1.324905738,0.0,0.0,0.0,0.86058265,0.0,3.594721556
1772729841.11384,0.571086,-0.873155,1.217058,-0.05791609,0.01045643,-0.00878572,0.99822803,-0.116094,0.019859,-0.018756,0.849089602,0.579030253,0.030770251,0.102736288,0.016705704,-0.01525412,-0.052769381,-0.019562566,1.015257658,0.022014809,0.041233318,-0.064144243,48903.37853734,56727.431445892,54118.305301174,50799.247310718,0.561688962,-0.879003216,1.216668281,0.916513635,0.641703774,0.026776591,-0.088745579,0.103525128,0.006939245,-6.907670529,2.080517446,-0.609510589,-0.060329843,-0.017801357,-0.006402141,0.997997039,0.930138575,-0.367177709,1.325225445,0.0,0.0,0.0,0.86058265,0.0,3.594721556
1772729841.1238403,0.579499,-0.867341,1.217424,-0.05770041,0.01224296,-0.00808917,0.9982261,-0.115684,0.023511,-0.017568,0.845599369,0.586347587,0.03264265,0.054192486,0.01856992,0.037519538,-0.053751181,-0.019540878,1.008862721,0.014861275,0.019574329,-0.060945407,49265.770015316,56890.666805904,53804.714877471,50599.993769145,0.568691693,-0.87425442,1.216936989,0.912460559,0.649600634,0.027208938,-0.088149746,0.102544137,0.000111557,-6.885667567,2.067490107,-0.637248494,-0.06014201,-0.017674564,-0.006633482,0.9980091,0.933125148,-0.359517169,1.325499549,0.0,0.0,0.0,0.86058265,0.0,3.594721556
1772729841.1338398,0.587958,-0.861466,1.217729,-0.05748702,0.0126218,-0.00815481,0.99823315,-0.115266,0.024264,-0.017738,0.840511893,0.596773976,0.032866251,0.010117225,0.049201624,0.061691493,-0.043828938,-0.017835506,1.006570193,0.042061727,-0.006954535,-0.054216237,48713.839796273,56906.989582128,54275.136821391,50555.507061002,0.575514388,-0.869552812,1.217175781,0.908470861,0.657220716,0.027188187,-0.080264301,0.100479649,-0.002618032,-6.865219843,2.059956218,-0.666840187,-0.059968177,-0.017594653,-0.006884125,0.998019418,0.935903435,-0.352229424,1.325759544,0.0,0.0,0.0,0.86058265,0.0,3.594721556
1772729841.14384,0.596374,-0.855448,1.218127,-0.0569961,0.01130024,-0.00815345,0.99827715,-0.114255,0.021634,-0.017572,0.835248116,0.606132338,0.032517902,0.005694716,-0.005524571,0.052489116,-0.047474958,-0.018337399,1.002092097,0.011101636,-0.070634164,-0.042771176,48538.799901054,56806.170967005,54475.501845721,50648.845796704,0.582784492,-0.864470715,1.217412048,0.904207502,0.665193059,0.026801197,-0.082259549,0.107516053,-0.000648603,-6.836150128,2.063287874,-0.695476615,-0.05971955,-0.017610497,-0.007130791,0.998030614,0.938878917,-0.34423233,1.326043961,0.0,0.0,0.0,0.86058265,0.0,3.594721556
1772729841.15384,0.604709,-0.849368,1.218453,-0.0574031,0.01211004,-0.00675039,0.99825481,-0.115054,0.023405,-0.014872,0.828036493,0.618039129,0.030905177,0.026402992,-0.068543443,0.002047758,-0.044794034,-0.028588589,0.993663763,0.030333846,-0.074205816,-0.024042233,49692.015441257,56735.609517529,53633.522200242,50702.765523684,0.590536026,-0.858954338,1.217696133,0.899567969,0.673524962,0.026084236,-0.077152222,0.102970982,-0.001484944,-6.809381411,2.094382043,-0.717024516,-0.059491127,-0.017871785,-0.007330419,0.998040334,0.941917256,-0.335844109,1.326341369,0.0,0.0,0.0,0.86058265,0.0,3.595020541
1772729841.1638403,0.612913,-0.843062,1.218722,-0.05842244,0.01164174,-0.00765013,0.99819475,-0.117109,0.022349,-0.016638,0.821726328,0.627671228,0.028748726,0.086402967,-0.168032434,-0.054401677,-0.038352445,-0.0169166,1.00473326,0.034961543,-0.109716904,-0.022538145,49722.107247269,56879.594816785,53763.453168619,50411.710351043,0.598327154,-0.85339428,1.217985768,0.894898767,0.681902433,0.025462246,-0.071705155,0.097872025,-0.002455465,-6.781231804,2.134893024,-0.728064931,-0.05924952,-0.018220719,-0.007443037,0.998046872,0.945194436,-0.326507179,1.326671208,0.0,0.0,0.0,0.86058265,0.0,3.595644794
1772729841.1738403,0.621092,-0.836718,1.218932,-0.05663848,0.01075863,-0.00803437,0.99830445,-0.113525,0.020572,-0.017265,0.816811832,0.63558291,0.028260458,0.154200869,-0.245719464,-0.090604285,-0.034934944,0.000632105,1.004867067,0.030254021,-0.088031112,-0.025157425,50092.766419621,56362.395784648,53424.186374663,51060.200752265,0.606415814,-0.847478219,1.218321729,0.889988743,0.690624657,0.025674827,-0.070651309,0.118638956,-0.002061182,-6.74647356,2.182953764,-0.733103743,-0.0589498,-0.018638984,-0.007506002,0.99805669,0.945213735,-0.326452196,1.32667315,0.0,0.0,0.0,0.86058265,0.0,3.596269032
1772729841.1838403,0.629261,-0.83041,1.219298,-0.05549336,0.00881678,-0.00878928,0.99838144,-0.111206,0.01663,-0.018532,0.813491704,0.641572562,0.02992398,0.191722103,-0.285061191,-0.134163324,-0.037416428,-0.003405191,1.00374599,0.029977642,-0.056850533,-0.02374748,49322.172212439,56629.522847345,53940.2551673,50832.812216146,0.613897841,-0.841902551,1.218626725,0.885319295,0.698675364,0.025847415,-0.077486538,0.116407689,-0.002857558,-6.711980788,2.238286846,-0.736589078,-0.058652503,-0.019121407,-0.007558973,0.998064743,0.948217751,-0.317462738,1.326989066,0.0,0.0,0.0,0.86058265,0.0,3.59689327
1772729841.1938407,0.637328,-0.823877,1.219558,-0.05464368,0.00743458,-0.00899465,0.99843773,-0.109479,0.013863,-0.018777,0.811829407,0.646160834,0.032821379,0.178368679,-0.274674521,-0.132701355,-0.03682131,-0.017631481,1.011312257,0.046308427,-0.076534836,-0.037344016,49496.401802271,56884.565177787,53700.948859755,50597.084160187,0.623459917,-0.834385474,1.218971276,0.878884648,0.709241026,0.026186493,-0.077673598,0.107278812,-0.004488327,-6.674535185,2.285727319,-0.746399755,-0.058330229,-0.019532117,-0.007662165,0.998074103,0.951417432,-0.307887757,1.327325559,0.0,0.0,0.0,0.86058265,0.0,3.597517538
1772729841.2038407,0.645472,-0.817478,1.219931,-0.05409638,0.00607756,-0.00937556,0.99847321,-0.10836,0.011122,-0.019382,0.808003548,0.651741026,0.034199489,0.117987637,-0.17005586,-0.061807351,-0.034463872,-0.022990787,1.007105208,0.064961642,-0.086993822,-0.042597753,49544.459715297,57029.32570995,53509.364477202,50507.25084905,0.633090484,-0.826804403,1.219317121,0.872391796,0.719889547,0.026531073,-0.075554226,0.098365174,-0.00623639,-6.623882076,2.337982503,-0.764693533,-0.057894645,-0.019981389,-0.007839208,0.998094576,0.958199168,-0.286068399,1.328087238,0.0,0.0,0.0,0.86058265,0.0,3.598141776
1772729841.2138407,0.653586,-0.810878,1.220261,-0.05330487,0.00443921,-0.00996559,0.99851869,-0.106746,0.007803,-0.020377,0.802388741,0.658745209,0.035210154,0.005972744,-0.037143602,-0.01965514,-0.032591274,-0.026402369,0.998624896,0.082200061,-0.088133136,-0.042392717,49457.577849405,57056.990509446,53626.314590981,50415.210194885,0.642772871,-0.81904232,1.219664188,0.8657325,0.73050142,0.02642724,-0.073954403,0.091015195,-0.007042834,-6.555651966,2.386612289,-0.776942423,-0.057304863,-0.02040352,-0.007958169,0.998115094,0.961327249,-0.275367159,1.328458862,0.0,0.0,0.0,0.86058265,0.0,3.598766014
1772729841.2238412,0.661538,-0.804274,1.220676,-0.05390064,0.00593004,-0.01020924,0.9984765,-0.107974,0.010742,-0.021029,0.796414959,0.66741672,0.033727149,-0.015336639,0.034910631,0.032031044,-0.031942443,-0.02315763,1.007273188,0.124928686,-0.1171126,-0.015388221,49852.487889775,57118.715445975,53387.293255983,50245.448730964,0.653045371,-0.810494189,1.220077118,0.858444062,0.741190203,0.026374444,-0.075571635,0.093347301,-0.002018655,-6.452562994,2.489068383,-0.802547972,-0.056416653,-0.021290536,-0.00821299,0.998150057,0.965688205,-0.259699704,1.329000981,0.0,0.0,0.0,0.86058265,0.0,3.599390282
1772729841.2338417,0.669509,-0.797588,1.220943,-0.0540713,0.00634912,-0.00943126,0.99847235,-0.108316,0.011659,-0.019523,0.790057028,0.676224615,0.032972836,0.007025983,0.040712679,0.044099379,-0.034278158,-0.02650278,1.009715164,0.141704142,-0.146129024,0.007855119,50293.670699638,57264.608877595,53125.83306784,49859.267807024,0.663652091,-0.801594895,1.220531212,0.850892708,0.751958762,0.026731479,-0.077221075,0.083989404,0.002814558,-6.303173083,2.589940831,-0.809320598,-0.055121723,-0.022176661,-0.008292467,0.998188775,0.96989666,-0.24340158,1.329562108,0.0,0.0,0.0,0.86058265,0.0,3.599988627
1772729841.243842,0.677273,-0.790716,1.221253,-0.05372607,0.00651731,-0.00894104,0.99849441,-0.107622,0.012055,-0.018558,0.784070386,0.686686727,0.031450749,0.072810744,0.003521866,0.002102101,-0.04370986,-0.025269099,1.003537239,0.131891802,-0.137069259,0.015962435,50707.818516271,57115.60050823,52857.511947205,49879.948683911,0.674258558,-0.792695813,1.220985296,0.843341534,0.762727065,0.027088506,-0.088122402,0.085075186,-0.000783991,-6.203562735,2.668950827,-0.798563737,-0.054255851,-0.022877233,-0.008216659,0.998226578,0.972186279,-0.234025612,1.32988386,0.0,0.0,0.0,0.86058265,0.0,3.599489622
1772729841.2538419,0.685147,-0.78387,1.221635,-0.05419388,0.00642313,-0.00926394,0.9984668,-0.108561,0.011823,-0.019198,0.779776967,0.694649536,0.030482042,0.125005634,-0.108370999,-0.028206397,-0.047701127,-0.015425039,1.004513882,0.120417559,-0.087710887,0.017393883,50498.73030249,56927.051976443,53179.758119925,49944.574886232,0.683126529,-0.785020408,1.221355038,0.8366523,0.771645335,0.026976778,-0.093365781,0.09036315,-0.000103859,-6.13160773,2.743489654,-0.783162156,-0.053629579,-0.023538959,-0.008102844,0.998246079,0.973994506,-0.226389155,1.330145464,0.0,0.0,0.0,0.86058265,0.0,3.598990629
1772729841.2638419,0.692947,-0.776815,1.221853,-0.05221197,0.00462688,-0.00916246,0.99858327,-0.104555,0.008284,-0.018784,0.77675346,0.70118169,0.031836938,0.123034246,-0.172313437,-0.056953305,-0.03894971,-0.020341962,1.014045459,0.077283026,-0.045340456,0.024976546,50031.844494512,56722.146180958,53746.289896939,50027.379283037,0.689863379,-0.779006358,1.221645857,0.831335327,0.778288118,0.027086967,-0.087964165,0.088781019,0.007448,-6.050021074,2.798510394,-0.769261123,-0.052918578,-0.024030463,-0.007990204,0.998273196,0.97560494,-0.219509387,1.330380993,0.0,0.0,0.0,0.86058265,0.0,3.598491635
1772729841.273842,0.700669,-0.769794,1.222221,-0.0514938,0.00432836,-0.01021238,0.99861172,-0.103119,0.007593,-0.020844,0.772347959,0.706187756,0.032053333,0.080999875,-0.15080049,-0.021640393,-0.028710418,-0.028791469,1.011196815,0.053744418,-0.066473818,0.052509502,50503.458504171,56303.805013027,53520.292803619,50348.300054533,0.697053243,-0.772461394,1.221956459,0.825644236,0.785275201,0.027335494,-0.078242025,0.080434811,0.00606507,-5.986253718,2.837633933,-0.751599916,-0.052361145,-0.02438382,-0.007840774,0.998296727,0.976634439,-0.214852061,1.33053994,0.0,0.0,0.0,0.86058265,0.0,3.59799263
1772729841.283842,0.708393,-0.762679,1.222531,-0.05104205,0.00341925,-0.01076228,0.99863266,-0.102198,0.005731,-0.021846,0.767687523,0.712601903,0.031306401,0.04189394,-0.125763692,0.023473771,-0.039361851,-0.028326757,0.99943015,0.045583995,-0.01668494,0.076546624,51280.038268672,55894.249107064,53086.832304038,50624.687674848,0.706581222,-0.763601143,1.222341769,0.818040265,0.794472191,0.027137548,-0.086241138,0.084110937,-0.002915652,-5.933095039,2.87452723,-0.72157117,-0.051893241,-0.024722472,-0.007584468,0.998319258,0.978176546,-0.207553914,1.330788565,0.0,0.0,0.0,0.86058265,0.0,3.597493637
1772729841.2938423,0.71603,-0.755579,1.222841,-0.05197049,0.00226542,-0.0089943,0.99860555,-0.104025,0.00359,-0.0182,0.762602417,0.718406765,0.031393989,0.018064527,-0.087780441,0.079176521,-0.031889179,-0.029461557,1.002268119,0.024691124,-0.022655014,0.080630837,51442.404347826,55752.926086957,53236.656521739,50557.447826087,0.716109427,-0.75474068,1.222727088,0.810436112,0.8036694,0.026939597,-0.081684874,0.077807359,-0.000649278,-5.872574082,2.893545406,-0.661431042,-0.051353755,-0.02491912,-0.007055952,0.998341887,0.982280812,-0.187056285,1.331485424,0.0,0.0,0.0,0.86058265,0.0,3.596994632
1772729841.303843,0.723657,-0.748408,1.223253,-0.05251318,0.00375612,-0.00895151,0.99857305,-0.10514,0.006561,-0.018273,0.758344488,0.724296689,0.033116115,-0.004485834,-0.006631691,0.110751653,-0.029083915,-0.033231747,1.004685664,0.028604464,-0.009365794,0.082346715,52123.207935838,55663.50975095,52557.623554242,50715.918362178,0.7229239,-0.748267921,1.223005546,0.804930994,0.810071605,0.027006928,-0.079668772,0.069817798,0.000258884,-5.84431402,2.895447992,-0.620790164,-0.051098779,-0.024955571,-0.006696578,0.99835663,0.984575447,-0.174896522,1.33189793,0.0,0.0,0.0,0.86058265,0.0,3.596495603
1772729841.3138433,0.731162,-0.741059,1.22341,-0.05143832,0.00292111,-0.00779089,0.99864151,-0.102966,0.005033,-0.015862,0.753966317,0.730959264,0.033751411,0.015177469,0.046687096,0.103337186,-0.039165624,-0.018793406,1.003721931,0.047278483,0.010062176,0.085955952,51705.593676565,55553.654133732,53134.316641743,50662.895577868,0.729864568,-0.741600319,1.223329256,0.799389592,0.816480509,0.027093398,-0.087863731,0.080987703,-0.003209436,-5.816778479,2.889722214,-0.579510952,-0.050849695,-0.02492562,-0.00632841,0.998372677,0.986167417,-0.165680133,1.332209729,0.0,0.0,0.0,0.86058265,0.0,3.595996598
1772729841.3238432,0.738698,-0.733649,1.223831,-0.05108651,0.00259869,-0.00852851,0.99865443,-0.102259,0.004319,-0.017301,0.748870547,0.737077801,0.034305938,0.0254594,0.109651049,0.090161032,-0.040299765,-0.002181493,1.009228602,0.030788614,-0.014969588,0.082345876,51307.008556384,55471.204804739,53436.431987714,50871.292781922,0.736482191,-0.735114702,1.223587521,0.794041123,0.822664256,0.027122941,-0.090207711,0.093455101,-0.003083886,-5.772458773,2.876548386,-0.532063091,-0.050452842,-0.02483418,-0.005899599,0.998396347,0.987577384,-0.157054121,1.332501063,0.0,0.0,0.0,0.86058265,0.0,3.595497605
1772729841.333844,0.746217,-0.726372,1.224204,-0.05105312,0.00351482,-0.00740889,0.99866227,-0.102202,0.006264,-0.015158,0.744063433,0.744252225,0.035384008,0.000499457,0.090621602,0.070957999,-0.02954845,-0.017499457,1.006452244,0.003073114,-0.033641041,0.065604212,51189.416914407,55521.308736744,53517.957713981,50840.567378089,0.742044805,-0.72957879,1.223808032,0.789543915,0.82790665,0.027240892,-0.081815086,0.086838978,-0.000270185,-5.742868781,2.874429214,-0.496828405,-0.050187341,-0.024832643,-0.00558527,0.998410094,0.988747374,-0.149533424,1.332754748,0.0,0.0,0.0,0.86058265,0.0,3.594998576
1772729841.3438437,0.753578,-0.718839,1.224597,-0.05150558,0.00522531,-0.00732389,0.99863218,-0.103134,0.009682,-0.015167,0.737680482,0.751032748,0.035504113,-0.03234646,0.053553697,0.10887111,-0.020981139,-0.030673714,1.008030346,0.000434166,-0.059988639,0.065646437,51117.541008535,55644.683115864,53600.203374865,50650.927793584,0.746824916,-0.724783171,1.224029597,0.785717805,0.832414037,0.027464015,-0.071043486,0.07327763,0.003457786,-5.721088172,2.87972378,-0.465579454,-0.049990918,-0.024893482,-0.005310575,0.998421726,0.989700907,-0.143117447,1.332971021,0.0,0.0,0.0,0.86058265,0.0,3.594991231
1772729841.3538432,0.760947,-0.711341,1.224899,-0.05191614,0.00490381,-0.00707826,0.99861432,-0.103949,0.009059,-0.014647,0.732022881,0.757946255,0.035084746,-0.055124283,0.067704114,0.120387868,-0.025039511,-0.020772621,1.009633536,0.003489858,-0.079492797,0.053635074,50572.890291019,56028.529929754,54076.158053186,50116.15880582,0.754512673,-0.717079767,1.224406485,0.779676311,0.839299875,0.027965261,-0.075926128,0.079183556,0.004412443,-5.704308494,2.89951148,-0.431237826,-0.049837671,-0.025081613,-0.005016283,0.998428718,0.991089693,-0.133162273,1.333306007,0.0,0.0,0.0,0.86058265,0.0,3.595597463
1772729841.363844,0.768221,-0.703688,1.225205,-0.05185918,0.00490014,-0.0055624,0.99862689,-0.103821,0.00921,-0.011619,0.726733871,0.766197895,0.033223458,-0.028174989,0.019377877,0.105815507,-0.025581449,-0.009590162,1.005676686,-0.001913715,-0.153236021,0.055123955,50929.745145214,56477.377756774,53793.169473564,49407.700635848,0.762132827,-0.709224991,1.224805128,0.773454743,0.846377806,0.028694924,-0.078773426,0.098237574,0.003355303,-5.687383653,2.944772717,-0.391360421,-0.049682308,-0.025494007,-0.004684673,0.998427881,0.991228282,-0.132161036,1.333339691,0.0,0.0,0.0,0.86058265,0.0,3.596203768
1772729841.3738444,0.775469,-0.695948,1.225641,-0.05241123,0.00373559,-0.00585205,0.99860145,-0.104914,0.006847,-0.01208,0.72180267,0.773021095,0.036580804,-0.041851352,-0.007198658,0.04285415,-0.02378515,-0.025282986,1.004075207,0.012801692,-0.16336608,0.049807196,50737.984822529,55902.602440417,53956.236167463,50233.306735191,0.771038532,-0.69990514,1.225222873,0.766082559,0.854539474,0.028913483,-0.07448355,0.07785836,-0.002521807,-5.665797353,3.02301162,-0.347134203,-0.049485545,-0.026195684,-0.004328196,0.998421818,0.993803917,-0.11109803,1.334047081,0.0,0.0,0.0,0.86058265,0.0,3.596810057
1772729841.3838446,0.78261,-0.688211,1.225917,-0.0516509,0.00472926,-0.00497243,0.99864162,-0.103397,0.008932,-0.01042,0.715671292,0.780109408,0.038390654,-0.032663825,-0.071910896,0.00321052,-0.026807812,-0.032067161,1.017742472,-0.036783495,-0.239533693,0.039598241,50114.363174908,55999.737714026,54391.036971564,50176.258876711,0.779647384,-0.690668791,1.225642215,0.758655313,0.86264236,0.02940111,-0.082821462,0.066819762,0.010082201,-5.650975549,3.125957613,-0.301420038,-0.049347144,-0.027112902,-0.003970727,0.99840737,0.995096443,-0.098791659,1.334459583,0.0,0.0,0.0,0.86058265,0.0,3.597416333
1772729841.3938448,0.789823,-0.680401,1.226305,-0.05230859,0.0048026,-0.00546337,0.99860448,-0.104719,0.00902,-0.011415,0.70875695,0.787985639,0.040612412,-0.021937716,-0.207405026,-0.014811762,-0.026660941,-0.009489544,1.016290217,-0.060381681,-0.277798558,0.02705012,49955.455138403,55810.197184219,54326.704422526,50405.013999364,0.788166831,-0.681315094,1.226088232,0.750928269,0.870827566,0.030803915,-0.084941346,0.081628681,0.009617631,-5.655864737,3.265469468,-0.258267583,-0.049380625,-0.028346848,-0.003655884,0.998374026,0.995717287,-0.092450276,1.334671974,0.0,0.0,0.0,0.86058265,0.0,3.598022608
1772729841.4038444,0.796894,-0.67249,1.226778,-0.05236141,0.00305681,-0.00605267,0.99860518,-0.104807,0.005471,-0.012409,0.703045387,0.794564355,0.039365985,0.019543558,-0.378569088,-0.01086748,-0.024381643,-0.008826925,1.011811961,-0.084004463,-0.330978418,0.021603669,49529.722689329,55851.295964801,54635.21176506,50220.543531326,0.797617078,-0.67084305,1.226568111,0.742166859,0.879897549,0.032286714,-0.089438116,0.075585802,0.003038925,-5.680338838,3.4741445,-0.216743808,-0.049584245,-0.030182056,-0.003390372,0.998316114,0.997184083,-0.074727647,1.335264772,0.0,0.0,0.0,0.86058265,0.0,3.59862884
1772729841.4138443,0.80382,-0.66454,1.227268,-0.05328508,0.00152469,-0.00575407,0.9985616,-0.106637,0.002432,-0.011654,0.697144216,0.799735242,0.038429912,0.032168237,-0.475970417,0.031666382,-0.020821943,-0.011587083,1.011963645,-0.0779822,-0.338340155,0.006139651,49474.765042337,56342.088375484,54550.805248696,49572.159423541,0.805912001,-0.661384443,1.227090262,0.733949304,0.887983623,0.032903172,-0.091250839,0.08510993,0.006696284,-5.719843356,3.680329391,-0.179674539,-0.049918657,-0.031993224,-0.003167479,0.998242883,0.9979379,-0.061686338,1.335700248,0.0,0.0,0.0,0.86058265,0.0,3.599235101
1772729841.4238443,0.810714,-0.656365,1.227484,-0.05166706,-0.00313244,-0.00508014,0.99864653,-0.103349,-0.006781,-0.009823,0.690724046,0.80600073,0.038715188,0.034278663,-0.546334956,0.06666528,-0.02261042,0.004981284,1.009789821,0.006380156,-0.351634184,0.013024277,49534.259811857,56766.570640998,54431.860468169,48947.183548458,0.814029528,-0.65184962,1.227599644,0.725124427,0.896215342,0.033805043,-0.092396366,0.105643386,0.001838686,-5.754004898,3.900823712,-0.148697295,-0.050206939,-0.03392655,-0.00300357,0.998170114,0.998570006,-0.049684617,1.336100869,0.0,0.0,0.0,0.86058265,0.0,3.599841361
1772729841.4338453,0.817667,-0.648372,1.227939,-0.05155047,-0.00657265,-0.00390722,0.99864112,-0.103101,-0.013531,-0.007127,0.685009084,0.811806757,0.038880865,0.06210659,-0.636001623,0.118088336,-0.026874798,-0.020718224,1.002841638,0.099333439,-0.359213772,0.011512557,49707.394807847,56859.561875593,54261.172609932,48803.414205498,0.82267375,-0.641497933,1.228071251,0.71528126,0.905001298,0.033711506,-0.100185737,0.080808189,-0.005250161,-5.744778091,4.14520354,-0.114901111,-0.050114995,-0.036070198,-0.002813083,0.998093975,0.999202172,-0.037681752,1.336501529,0.0,0.0,0.0,0.86058265,0.0,3.600000143
1772729841.4438453,0.824524,-0.640256,1.228226,-0.05099241,-0.00779622,-0.00393371,0.99866086,-0.101977,-0.015973,-0.007063,0.680161585,0.816603615,0.040287004,0.070956425,-0.689098198,0.089940332,-0.034094454,-0.032210031,1.00757428,0.14035566,-0.355773796,0.011707569,49303.735013329,57214.286130921,54538.604365559,48334.294470141,0.829667167,-0.633054604,1.228443005,0.707054511,0.91183201,0.033395802,-0.110571565,0.067099758,0.000434099,-5.684590733,4.338031491,-0.088996377,-0.049580835,-0.037762408,-0.002651861,0.998055455,0.999611891,-0.026207495,1.336884304,0.0,0.0,0.0,0.86058265,0.0,3.600000143
1772729841.453845,0.831244,-0.632112,1.228757,-0.05201069,-0.00973908,-0.00326579,0.9985937,-0.104019,-0.019792,-0.00551,0.672925059,0.82360166,0.042860122,0.115046894,-0.771630639,0.038700758,-0.032658189,-0.020754006,1.012256542,0.160254948,-0.342450161,0.02337626,50648.457758386,57014.574638669,53569.137032997,48273.528961004,0.836481942,-0.624585237,1.228863456,0.698328806,0.918485121,0.033902967,-0.113592603,0.078900399,0.004697121,-5.571680637,4.560859447,-0.060181469,-0.048585198,-0.039717971,-0.002457859,0.998028089,0.999861918,-0.015112252,1.337254254,0.0,0.0,0.0,0.86058265,0.0,3.600000143
1772729841.4638455,0.837899,-0.623711,1.229195,-0.05087104,-0.01504544,-0.00250242,0.99858876,-0.101745,-0.030308,-0.003469,0.663064444,0.829521615,0.04465622,0.134539206,-0.706847574,0.013197829,-0.025816795,-0.020315729,1.00836207,0.160833018,-0.282823453,0.028627063,50650.086024894,56658.904994486,53532.430282023,48666.697389843,0.843554902,-0.61569212,1.22934085,0.688970445,0.925404243,0.034832164,-0.111541006,0.077152844,0.002404108,-5.450288087,4.766165901,-0.028163715,-0.047513766,-0.041521934,-0.002221941,0.998004942,0.999974111,-0.005630003,1.337570368,0.0,0.0,0.0,0.86058265,0.0,3.600000143
1772729841.4738455,0.844566,-0.615417,1.229648,-0.04978602,-0.02108527,-0.00230197,0.99853466,-0.099583,-0.042351,-0.0025,0.652921213,0.837846487,0.044305792,0.160162142,-0.578371895,-0.01428596,-0.025172127,-0.028616644,1.00651865,0.145905108,-0.198337543,0.031764737,50419.54027795,56279.425908184,53855.560183046,48954.884243866,0.850796313,-0.606419511,1.229843249,0.679000364,0.932219155,0.035249501,-0.112920726,0.065344518,-0.000365527,-5.341525904,4.918851529,0.002004425,-0.046552973,-0.042866114,-0.001981948,0.997994246,0.999950175,0.003584977,1.337877567,0.0,0.0,0.0,0.86058265,0.0,3.600000143
1772729841.4838455,0.851033,-0.607066,1.230036,-0.04877005,-0.02223546,-0.00324121,0.99855724,-0.097507,-0.044738,-0.004309,0.645606404,0.843973862,0.044587766,0.155271429,-0.450491723,-0.004801442,-0.02700976,-0.019299004,1.00839399,0.107433798,-0.133469498,0.049126846,50188.837468018,55899.806325447,54179.867821598,49242.317252962,0.856310165,-0.599183233,1.23020987,0.670938447,0.937227975,0.035325133,-0.114292205,0.069879237,-0.001645693,-5.240578989,5.052588628,0.028579279,-0.045661258,-0.044043194,-0.001766133,0.997982329,0.999881072,0.012926829,1.338189001,0.0,0.0,0.0,0.86058265,0.0,3.600000143
1772729841.4938447,0.857396,-0.59851,1.230481,-0.04749482,-0.02450196,-0.00240079,0.99856804,-0.094993,-0.049182,-0.00247,0.638528445,0.848824391,0.04239804,0.12683157,-0.243082259,-0.003461449,-0.026244729,-0.00246505,1.008482984,0.043889496,-0.127303226,0.063339063,51193.658167492,55473.118190688,53393.416612972,49729.169848488,0.861534377,-0.59214991,1.230566341,0.662983976,0.942051943,0.035534773,-0.115954569,0.081288591,-0.004157104,-5.16822732,5.117515176,0.051408366,-0.045020981,-0.044618738,-0.001565058,0.997986171,0.99975651,0.021523755,1.338475593,0.0,0.0,0.0,0.86058265,0.0,3.600000143
1772729841.5038447,0.863721,-0.590108,1.230919,-0.04809447,-0.02184115,-0.00225805,0.99860142,-0.096196,-0.043852,-0.002411,0.631679954,0.854081506,0.042613755,0.088622225,-0.142368251,0.015524786,-0.032499017,-0.005847233,1.0023967,-0.022112759,-0.083718687,0.056430457,51742.707847864,55092.281259765,52974.560287487,50040.351323602,0.866578741,-0.585255376,1.230919183,0.655157126,0.946641128,0.035664212,-0.121655847,0.085174676,-0.008091965,-5.121222548,5.176175092,0.084997582,-0.044597101,-0.045143312,-0.001277077,0.997983342,0.999555454,0.029522694,1.338742273,0.0,0.0,0.0,0.86058265,0.0,3.600000143
1772729841.5138447,0.870029,-0.581411,1.231393,-0.04803361,-0.02347736,-0.00259483,0.9985664,-0.096062,-0.047154,-0.00293,0.62309737,0.861210417,0.042474147,0.056100693,-0.114466187,0.045518248,-0.033424162,-0.026697873,1.000705088,-0.014744266,-0.063336075,0.056423418,51646.479645477,55016.624327628,53060.807579462,50093.878850856,0.871371933,-0.578643074,1.231260275,0.647692549,0.950900224,0.03559976,-0.125675439,0.067945508,-0.007317625,-5.104504972,5.215235692,0.115063777,-0.044438639,-0.045495359,-0.00102386,0.997975672,0.99928482,0.037774156,1.339017467,0.0,0.0,0.0,0.86058265,0.0,3.600000143
1772729841.5238447,0.876304,-0.572826,1.231762,-0.04705896,-0.02680297,-0.001637,0.99853111,-0.094167,-0.053707,-0.000748,0.614445963,0.866909879,0.042427974,0.024961333,-0.121586057,0.045290527,-0.030698203,-0.024891099,1.001005951,0.005025514,-0.055192855,0.05707323,51362.543994499,55192.24141198,53273.59908313,50041.321913203,0.87586477,-0.572321166,1.231592936,0.64070736,0.95508338,0.03552231,-0.121474881,0.070338672,-0.006044152,-5.099544006,5.243137001,0.142561905,-0.044383732,-0.045749052,-0.00079325,0.997966826,0.998970388,0.045170936,1.339264291,0.0,0.0,0.0,0.86058265,0.0,3.600000143
1772729841.5338447,0.882358,-0.564184,1.23214,-0.04690594,-0.0256638,-0.00192378,0.99856773,-0.09384,-0.051457,-0.001436,0.604682103,0.871795897,0.040600427,0.008966737,0.006688659,0.023624519,-0.026606687,-0.014536922,1.002049871,0.029353423,-0.051619585,0.057960098,51289.647034614,55166.56706234,53410.653034701,49900.49211541,0.881174651,-0.564722043,1.231951607,0.632330024,0.959935067,0.035444344,-0.116429008,0.074749689,-0.00471935,-5.097025919,5.265426744,0.16926288,-0.044350469,-0.045953524,-0.000568361,0.997958861,0.99850784,0.054419243,1.339572909,0.0,0.0,0.0,0.86058265,0.0,3.600000143
1772729841.5438447,0.888361,-0.55536,1.232615,-0.0464453,-0.02700562,-0.00156531,0.9985545,-0.092941,-0.054105,-0.000618,0.595171605,0.877826148,0.039025309,0.013143058,0.081327365,0.039012483,-0.028675489,-0.008278875,0.997251905,0.034234391,-0.052231629,0.060827359,51226.50449465,55131.588820777,53544.206320669,49755.582257506,0.886680413,-0.556816716,1.232316513,0.62361893,0.964947031,0.035366253,-0.118871872,0.076040069,-0.012036934,-5.084790491,5.29537345,0.203275024,-0.044229254,-0.04622749,-0.000278828,0.997950897,0.99799261,0.063137417,1.339864028,0.0,0.0,0.0,0.86058265,0.0,3.59960715
1772729841.5538452,0.894154,-0.546555,1.233009,-0.04776989,-0.02407746,-0.00126243,0.99856733,-0.095599,-0.048225,-0.000221,0.585471091,0.883853543,0.039551844,0.004874246,0.108598103,0.043627505,-0.035445781,-0.016276116,0.988508444,0.017719635,-0.065292464,0.064760127,50843.270623259,55217.211658504,54011.589263421,49555.129597618,0.892347708,-0.548376502,1.232705112,0.613878618,0.969751206,0.034365787,-0.123083389,0.071022557,-0.016893616,-5.045073164,5.32910369,0.243152991,-0.043865979,-0.046536519,7.1586e-05,0.997952244,0.997309948,0.073130781,1.340197969,0.0,0.0,0.0,0.86058265,0.0,3.599127179
1772729841.5638452,0.900035,-0.537713,1.233387,-0.04745571,-0.02364988,-0.00158395,0.99859207,-0.094952,-0.047401,-0.00092,0.576412127,0.890889117,0.040650835,-0.026093828,0.127176229,0.0152807,-0.03273919,-0.037118957,0.993098896,0.00517903,-0.104042557,0.069606202,50852.454741288,55485.094213305,54153.721414995,49166.430559662,0.898119828,-0.539588366,1.233109121,0.603468329,0.974419586,0.032764283,-0.122375341,0.058763736,-0.00856387,-5.010444195,5.362170669,0.280157253,-0.043548155,-0.046838635,0.000395201,0.997952943,0.996577866,0.08250365,1.340511323,0.0,0.0,0.0,0.86058265,0.0,3.598647232
1772729841.5738451,0.905811,-0.528821,1.233715,-0.04712422,-0.02229699,-0.00126407,0.99863935,-0.094297,-0.044667,-0.000424,0.569307905,0.895433954,0.041506314,-0.044414779,0.023725428,0.035765814,-0.023338052,-0.040416459,1.007113669,0.005905279,-0.144570836,0.077846186,51224.819521119,55729.280545257,54005.244281112,48761.330537972,0.902660325,-0.532608107,1.233420073,0.595175718,0.978084695,0.032047521,-0.121452536,0.04850029,-0.001504305,-4.995409651,5.392688785,0.306098559,-0.043405354,-0.047114177,0.000615643,0.997947101,0.99588689,0.09033884,1.340773484,0.0,0.0,0.0,0.86058265,0.0,3.598167284
1772729841.5838456,0.911459,-0.519782,1.234166,-0.04694381,-0.02515485,-0.000644,0.99858054,-0.093979,-0.05032,0.001077,0.560042026,0.899784502,0.040967483,-0.051940009,-0.007936407,0.058870682,-0.025541522,-0.034948255,1.003234692,0.013769405,-0.17216056,0.078838275,51570.119589142,55827.280216013,53872.186630264,48524.65690437,0.906150598,-0.52716944,1.233651671,0.588688863,0.980894296,0.032085312,-0.119566474,0.047185837,-0.000141306,-4.981083411,5.435123359,0.337679364,-0.043265716,-0.047495564,0.000880447,0.997935875,0.995135312,0.098021215,1.341030833,0.0,0.0,0.0,0.86058265,0.0,3.597687314
1772729841.5938458,0.916929,-0.510699,1.234666,-0.04731922,-0.0259261,-0.00076647,0.99854301,-0.09473,-0.051872,0.000924,0.551014123,0.90552971,0.038199629,-0.002562734,-0.03836503,0.077244622,-0.025536925,-0.033063352,0.999606316,0.00245861,-0.165417417,0.080798431,51139.293470286,55366.185283187,54292.418664229,49060.414911658,0.911474122,-0.518737541,1.233982264,0.579171666,0.985545362,0.031695881,-0.124907435,0.056573873,-0.013435078,-4.962184158,5.501042634,0.382108246,-0.043079595,-0.048086174,0.001250241,0.997919569,0.994383752,0.105703408,1.341288176,0.0,0.0,0.0,0.86058265,0.0,3.597207355
1772729841.603846,0.922399,-0.501711,1.235005,-0.04889188,-0.02184465,-0.00092044,0.99856474,-0.097853,-0.043731,0.000298,0.538686916,0.911010387,0.036220509,-0.028822072,0.013097715,0.087429404,-0.023800233,-0.033558178,0.996884405,-0.019883687,-0.140023963,0.08361052,50775.504696276,55011.969132015,54674.750342191,49472.865766744,0.917731291,-0.508527647,1.234424603,0.567941586,0.991370097,0.030216996,-0.123249147,0.057990128,-0.017270527,-4.933007826,5.596565243,0.443168413,-0.042794945,-0.048940501,0.001758237,0.997885159,0.993172628,0.116632315,1.341654621,0.0,0.0,0.0,0.86058265,0.0,3.596727396
1772729841.613846,0.927825,-0.492598,1.235372,-0.04851155,-0.02518533,0.00096436,0.99850458,-0.097202,-0.050223,0.004375,0.529188461,0.914926514,0.033876664,-0.054173139,-0.036407517,0.115045996,-0.022259131,-0.040993254,1.001293103,-0.073281178,-0.138984786,0.079143658,50698.023417898,55129.293560078,54867.744912183,49334.639531642,0.923385706,-0.498868084,1.234845661,0.557239825,0.996971285,0.029802006,-0.120479651,0.046868094,-0.006502536,-4.920516953,5.672668074,0.496921201,-0.042658939,-0.049623042,0.002203014,0.997857529,0.991876982,0.127196596,1.342009486,0.0,0.0,0.0,0.86058265,0.0,3.596247448
1772729841.6238463,0.932987,-0.48338,1.235592,-0.04783899,-0.02394874,0.00121229,0.99856718,-0.095855,-0.047731,0.004718,0.518158925,0.920136386,0.031174272,-0.111221311,-0.134161694,0.17555132,-0.030338144,-0.030114286,0.999910361,-0.08150659,-0.11751881,0.068958598,50500.990688598,55131.047560636,54991.694284918,49296.636186228,0.929040256,-0.48920829,1.235266729,0.54653781,1.002572606,0.029387007,-0.130421794,0.053562933,-0.004231808,-4.939504118,5.750065821,0.553779098,-0.04279495,-0.050318613,0.002660639,0.997817499,0.990195389,0.139618391,1.342427297,0.0,0.0,0.0,0.86058265,0.0,3.59576749
1772729841.6338463,0.938165,-0.474119,1.235869,-0.04761007,-0.02474683,0.00138676,0.99855844,-0.095412,-0.04931,0.005132,0.507479155,0.925341656,0.0324227,-0.176479642,-0.338255259,0.238305579,-0.030676587,-0.023028405,0.996779633,-0.087858904,-0.140863534,0.054856579,50383.492954588,55193.609493553,55057.56722108,49246.86682863,0.934018728,-0.480643953,1.235625878,0.537043237,1.007543666,0.028918724,-0.133540216,0.061068996,-0.011030756,-4.960008104,5.792756264,0.586980601,-0.042956201,-0.050703254,0.002924542,0.997788151,0.989177778,0.146715919,1.342666324,0.0,0.0,0.0,0.86058265,0.0,3.595287542
1772729841.6438465,0.943077,-0.464847,1.236379,-0.05082234,-0.026795,0.00268516,0.99834458,-0.101941,-0.053254,0.008097,0.496129514,0.930904073,0.034873032,-0.274795334,-0.421484612,0.250732167,-0.02662002,-0.021314664,0.99672994,-0.086843019,-0.162265051,0.044791352,50360.499919018,55328.432293029,55054.431807139,49183.113411823,0.936697965,-0.475805041,1.23577444,0.531654926,1.01037134,0.028269145,-0.130013152,0.064276768,-0.011804853,-4.977141712,5.823514622,0.612366915,-0.043092177,-0.050981032,0.003126325,0.997769198,0.988333856,0.152221493,1.34285198,0.0,0.0,0.0,0.86058265,0.0,3.594807583
1772729841.6538465,0.948117,-0.455577,1.236633,-0.05197429,-0.03024141,0.00506056,0.9981776,-0.104442,-0.059882,0.01327,0.483940186,0.938676497,0.03323657,-0.309354847,-0.389347682,0.223339638,-0.019908582,-0.022846297,0.9985415,-0.081376046,-0.182491858,0.037165135,50295.795466297,55180.252021758,55069.968375768,49524.004860493,0.94007453,-0.469647734,1.235958189,0.524809669,1.013991519,0.027496303,-0.124466356,0.065918014,-0.010627708,-5.00408963,5.877102141,0.638574861,-0.043311466,-0.051458263,0.003321963,0.997734946,0.987368974,0.158394271,1.343060236,0.0,0.0,0.0,0.86058265,0.0,3.594721556
1772729841.6638463,0.952808,-0.446098,1.236954,-0.05364738,-0.03179727,0.00634176,0.9980334,-0.107909,-0.06283,0.016103,0.475375784,0.943881728,0.033038687,-0.253248953,-0.418708933,0.216860491,-0.023428223,-0.036681211,1.001187482,-0.08902319,-0.203772502,0.028142059,50406.864732143,55281.083644481,54949.713108766,49565.684537338,0.944726024,-0.460983231,1.236236905,0.515087214,1.019139308,0.026729039,-0.124743177,0.053940728,-0.006705281,-5.033377811,5.947681116,0.664662126,-0.043549784,-0.05208351,0.00350873,0.997690132,0.985799338,0.167895203,1.343381234,0.0,0.0,0.0,0.86058265,0.0,3.594721556
1772729841.6738462,0.957596,-0.436715,1.23738,-0.05442204,-0.03354187,0.0070146,0.99792985,-0.109548,-0.06623,0.017691,0.465806039,0.949210987,0.033197254,-0.189428822,-0.288759268,0.139010496,-0.029079173,-0.032100581,1.003420149,-0.068027172,-0.237368504,0.023147076,50454.461021368,55823.991641959,54876.450899704,48994.477149576,0.948913836,-0.452941367,1.236566029,0.505780598,1.023957824,0.026619744,-0.134402542,0.055664354,-0.004960219,-5.068316149,6.049009487,0.692192594,-0.043834079,-0.05297726,0.003693205,0.997632521,0.984342146,0.176264026,1.343664332,0.0,0.0,0.0,0.86058265,0.0,3.594721556
1772729841.6838467,0.962133,-0.427088,1.237609,-0.05550769,-0.03352867,0.00675697,0.99787227,-0.111709,-0.066213,0.017246,0.456579107,0.954944462,0.033308423,-0.095418228,-0.181199418,0.042832079,-0.032662815,-0.016622724,1.003354351,-0.058185395,-0.259458316,0.010032,49762.181313433,55369.060597015,55356.496179104,49595.43838806,0.954291323,-0.442456085,1.236918421,0.493661691,1.030211217,0.026145869,-0.143296443,0.071330938,-0.009586639,-5.10071717,6.192990961,0.722020794,-0.044091469,-0.054243173,0.003881674,0.997552045,0.982340173,0.187088121,1.344031257,0.0,0.0,0.0,0.86058265,0.0,3.594721556
1772729841.6938467,0.966579,-0.417408,1.237832,-0.05431414,-0.03570424,0.00702854,0.9978606,-0.109387,-0.070551,0.017951,0.445140829,0.960606005,0.034011318,-0.039400201,-0.181716546,-0.044963368,-0.025729162,-0.023482915,1.0054278,-0.027600926,-0.229943119,0.002899635,50236.468815156,55525.436983248,54982.19020059,49426.848317636,0.959082736,-0.432677919,1.237255255,0.482035017,1.036172451,0.025626789,-0.138906585,0.064770727,-0.007082725,-5.12121718,6.343855834,0.745836544,-0.044246908,-0.055566278,0.004020108,0.997472462,0.980232213,0.197814313,1.344395664,0.0,0.0,0.0,0.86058265,0.0,3.594721556
1772729841.7038474,0.9712,-0.408064,1.23839,-0.05547856,-0.03633823,0.00783741,0.99776763,-0.111798,-0.071706,0.019724,0.436564655,0.964690217,0.033027032,0.046734345,-0.245471723,-0.076399874,-0.024604412,-0.032479944,1.007107431,-0.008832011,-0.221303673,-0.005485134,50228.805941358,55842.892746914,54901.846398008,49133.214786756,0.962085004,-0.426502456,1.23749565,0.474668226,1.039881511,0.025573699,-0.139381859,0.054083375,-0.003214765,-5.126551132,6.451331211,0.759776881,-0.04427805,-0.056507316,0.004096684,0.99741783,0.978912715,0.204242651,1.344614447,0.0,0.0,0.0,0.86058265,0.0,3.594721556
1772729841.7138479,0.97539,-0.398271,1.238725,-0.05610101,-0.03630649,0.00640957,0.99774417,-0.112945,-0.071792,0.016908,0.426523853,0.968731615,0.032750342,0.124347875,-0.286566928,-0.071479611,-0.026664505,-0.029393216,1.009978408,0.018262148,-0.190522185,0.00249935,50924.652777778,55810.527777778,54368.559974747,49280.328282828,0.965830828,-0.418469202,1.237749187,0.464936909,1.044863926,0.025431751,-0.142943326,0.053857021,-0.000259612,-5.123148676,6.543867816,0.769927853,-0.044236002,-0.057316517,0.004150398,0.997379482,0.977216726,0.212190002,1.344885342,0.0,0.0,0.0,0.86058265,0.0,3.594721556
1772729841.723848,0.979562,-0.388485,1.238917,-0.05372606,-0.0388765,0.00627451,0.99777891,-0.108232,-0.076982,0.016749,0.41511275,0.974586905,0.031196747,0.214375049,-0.351197687,-0.084271423,-0.032654993,-0.010447915,1.01142923,0.065137849,-0.137056304,0.008035842,51443.920537656,55864.395631548,54035.964222178,49105.64765764,0.970085246,-0.409034526,1.238008573,0.453357103,1.050769076,0.025388737,-0.150876727,0.070176901,-0.003949382,-5.108385221,6.646924805,0.778587163,-0.044094779,-0.058216244,0.004192784,0.99732463,0.975169401,0.221406105,1.345200037,0.0,0.0,0.0,0.86058265,0.0,3.594721556
1772729841.733849,0.983636,-0.37871,1.239204,-0.05255044,-0.04172447,0.00556244,0.99773072,-0.105886,-0.082769,0.015539,0.401105278,0.982653326,0.028150454,0.291688706,-0.314417518,-0.096526485,-0.036393647,0.006958781,1.009117912,0.114571886,-0.093478957,-0.013901893,51529.648883817,55684.182369303,53774.573496898,49512.630768134,0.974478437,-0.399338105,1.238381238,0.441598191,1.056375315,0.025523166,-0.157501716,0.091257914,-0.008976956,-5.071391298,6.727436773,0.795922607,-0.043757326,-0.058922199,0.004331137,0.997294393,0.972906179,0.231147644,1.345533382,0.0,0.0,0.0,0.86058265,0.0,3.594721556
1772729841.7438483,0.987724,-0.368962,1.239569,-0.05118809,-0.04221929,0.00623298,0.99777676,-0.103219,-0.08371,0.01682,0.387394523,0.988824661,0.02654884,0.336208112,-0.283972291,-0.052451397,-0.032166195,0.004035903,1.009177581,0.141423664,-0.054076164,-0.022676547,51861.067806806,55847.082330698,53359.018820901,49398.175403919,0.978414312,-0.390297976,1.238742408,0.430568216,1.061560243,0.02565978,-0.155781043,0.092515388,-0.006813178,-5.010183421,6.776521132,0.798764933,-0.043219092,-0.059348121,0.004368486,0.997290905,0.970642572,0.240473128,1.345853269,0.0,0.0,0.0,0.86058265,0.0,3.594721556
1772729841.7538488,0.991514,-0.359056,1.239837,-0.04942694,-0.04318069,0.0061857,0.99782471,-0.099703,-0.085667,0.016675,0.377400069,0.992007939,0.029654379,0.355683867,-0.116925766,-0.058047962,-0.025564893,-0.020018324,1.009341922,0.178587519,0.002133423,-0.025454983,52317.100220426,55690.610800882,52988.87516532,49551.908082292,0.982372729,-0.380807635,1.239046004,0.418933072,1.066985863,0.025668711,-0.148017109,0.067933228,-0.003481221,-4.908988632,6.815990396,0.791489638,-0.042338896,-0.059685059,0.004342692,0.997303208,0.969514847,0.245032609,1.346009851,0.0,0.0,0.0,0.86058265,0.0,3.594721556
1772729841.7638493,0.995087,-0.348948,1.240038,-0.04743462,-0.0444477,0.00495279,0.99787265,-0.095626,-0.088351,0.014157,0.364469695,0.997831701,0.030345406,0.355798904,0.146902363,-0.11011796,-0.022223127,-0.025524767,1.004807123,0.188782123,0.01979118,-0.022972131,52503.02315935,55588.519414679,52709.73672082,49805.201290471,0.986942949,-0.369490006,1.239368475,0.405118772,1.073153059,0.025428428,-0.141438215,0.054464029,-0.006032012,-4.782192603,6.815634983,0.777711243,-0.041242544,-0.059672165,0.004288919,0.997348093,0.966210459,0.257580952,1.346442364,0.0,0.0,0.0,0.86058265,0.0,3.594721556
1772729841.7738495,0.998717,-0.339038,1.240412,-0.04597086,-0.04236916,0.00510653,0.99803079,-0.092654,-0.084201,0.014139,0.353911118,1.001688154,0.030122814,0.367834761,0.273707019,-0.129659279,-0.021245597,-0.007719048,1.001833812,0.20992744,0.030995904,-0.032348126,52389.411838246,55939.449199404,52774.20276963,49401.0625571,0.991643528,-0.35763876,1.239745579,0.391023459,1.079055801,0.024753556,-0.139786531,0.070523267,-0.010397137,-4.631169006,6.793872357,0.763381253,-0.039937227,-0.059472076,0.004250542,0.99741472,0.962289439,0.27199975,1.346940498,0.0,0.0,0.0,0.86058265,0.0,3.594721556
1772729841.78385,1.002246,-0.329063,1.240737,-0.04483664,-0.04205213,0.00514281,0.99809561,-0.090373,-0.08358,0.014087,0.345271133,1.002100684,0.032247719,0.31735078,0.28589974,-0.111730364,-0.019594645,-0.008828545,1.003100355,0.222610251,0.019483753,-0.029523961,52411.504141822,56068.795029813,52833.648285246,49195.01656729,0.994403816,-0.350297605,1.239958529,0.38227805,1.082533785,0.02423864,-0.13890873,0.06645461,-0.009793822,-4.513637532,6.777195943,0.747429767,-0.038923762,-0.059317099,0.004178466,0.997466725,0.960423249,0.278500128,1.347165895,0.0,0.0,0.0,0.86058265,0.0,3.594721556
1772729841.79385,1.005697,-0.318947,1.241072,-0.0414114,-0.03846886,0.00250081,0.99839821,-0.083223,-0.076682,0.008204,0.336685092,1.00310591,0.033383793,0.24532734,0.165710607,-0.087786215,-0.019133736,-0.018287283,1.005507511,0.234922051,-0.011859213,-0.027315348,52400.314418344,56082.222697987,52905.822001681,49150.257673376,0.996981788,-0.343140155,1.240141994,0.373685379,1.08594318,0.023907554,-0.137929207,0.055891556,-0.008668409,-4.43412603,6.76423532,0.737025111,-0.038238004,-0.059197904,0.004133456,0.99750067,0.958834862,0.283954444,1.34735521,0.0,0.0,0.0,0.86058265,0.0,3.594721556
1772729841.8038497,1.008916,-0.308916,1.241317,-0.04131119,-0.0372999,0.00312835,0.99844495,-0.083052,-0.074294,0.009355,0.324761906,1.006632467,0.032605645,0.185720015,-0.030079251,-0.062429394,-0.020568809,-0.03142484,1.011932107,0.232657305,-0.026283818,-0.024591843,52328.545350594,56089.933374596,53014.254773195,49113.68599723,0.999473868,-0.335918407,1.240322307,0.365032466,1.089236088,0.023669709,-0.137832028,0.033424153,0.000826001,-4.325172973,6.760712098,0.726011072,-0.037295527,-0.059159694,0.004095091,0.997535557,0.957556251,0.288202186,1.347503102,0.0,0.0,0.0,0.86058265,0.0,3.594721556
1772729841.8138497,1.012191,-0.298893,1.241708,-0.04094596,-0.04019126,0.00367383,0.99834593,-0.082409,-0.080034,0.010661,0.311566964,1.011410696,0.030650437,0.120175085,-0.200438227,-0.029585449,-0.022438416,-0.031570491,1.014853284,0.188317537,-0.055971733,-0.014828452,52142.423398095,56086.853342285,53191.136628761,49092.56577567,1.001978014,-0.328209015,1.240561443,0.35605319,1.092051344,0.023326127,-0.13740386,0.034047654,-0.003977959,-4.181699806,6.769215828,0.714380778,-0.036051925,-0.059224881,0.004065205,0.997572655,0.95627761,0.292450029,1.347650998,0.0,0.0,0.0,0.86058265,0.0,3.594721556
1772729841.8238497,1.015239,-0.288803,1.242062,-0.04068804,-0.04147644,0.00377283,0.99830354,-0.081922,-0.082599,0.010946,0.297743815,1.016324648,0.028194821,0.067869549,-0.244986777,0.009884021,-0.024022693,-0.031013413,1.010048182,0.156805036,-0.073606827,-0.012442661,51933.538437939,56068.728761345,53391.816707146,49089.09991052,1.00448216,-0.320499623,1.240800579,0.347073914,1.094866601,0.022982546,-0.136968093,0.035145071,-0.009076505,-4.03479873,6.793076892,0.704951307,-0.034776206,-0.059424474,0.004051673,0.997613235,0.953390243,0.301725371,1.347974866,0.0,0.0,0.0,0.86058265,0.0,3.594721556
1772729841.83385,1.018093,-0.278482,1.242227,-0.0399106,-0.04405765,0.00259037,0.99822811,-0.080304,-0.087865,0.008722,0.284982401,1.022124246,0.024737378,0.067150303,-0.261891586,0.004352675,-0.025516042,-0.032447994,1.003314732,0.135855631,-0.083971296,-0.013698318,51438.124197878,55861.233836124,53892.056410584,49307.854250288,1.006986366,-0.312790047,1.241039721,0.338094423,1.097681925,0.022638957,-0.137084289,0.035857789,-0.013916145,-3.90398897,6.834606452,0.697612549,-0.033638245,-0.059779211,0.004043184,0.997633851,0.948990821,0.315218377,1.348447897,0.0,0.0,0.0,0.86058265,0.0,3.594721556
1772729841.84385,1.020905,-0.268287,1.242517,-0.03926034,-0.04340156,0.00352614,0.99827977,-0.079069,-0.086485,0.010487,0.275658188,1.025711118,0.022927741,0.114650346,-0.170493428,-0.041392883,-0.027009356,-0.033882541,0.996581442,0.114906725,-0.094335517,-0.014953944,51103.331303412,55699.573696283,54229.42622252,49496.708422142,1.009490512,-0.305080655,1.241278857,0.329115147,1.100497181,0.022295375,-0.14065257,0.03416439,-0.017135687,-3.828054598,6.867542381,0.693475701,-0.032977004,-0.060062062,0.004037158,0.997641862,0.944879852,0.327320373,1.348873958,0.0,0.0,0.0,0.86058265,0.0,3.594721556
1772729841.85385,1.023639,-0.258071,1.242739,-0.03937183,-0.04313548,0.00383308,0.99828578,-0.079315,-0.085927,0.011091,0.268649168,1.023931027,0.023503519,0.101446885,-0.065451657,0.010878805,-0.02850267,-0.035317088,0.989848152,0.09395782,-0.104699739,-0.016209571,51378.336662404,55711.919138096,53948.460995067,49572.058187686,1.011994658,-0.297371263,1.241517993,0.320135871,1.103312438,0.021951794,-0.143705562,0.031765427,-0.019584923,-3.784696003,6.891443454,0.691614145,-0.032598836,-0.060268086,0.004036856,0.997644528,0.942590082,0.333920875,1.349106832,0.0,0.0,0.0,0.86058265,0.0,3.594721556
1772729841.8638504,1.026157,-0.247691,1.242887,-0.03840736,-0.04384832,0.00303965,0.99829503,-0.077322,-0.087425,0.009473,0.259985582,1.023782173,0.024356705,0.07633558,-0.090410256,0.054882517,-0.025752313,-0.039746126,0.991400646,0.102255468,-0.094505912,-0.017866381,51653.355134685,55724.265168585,53667.482370136,49647.411546191,1.014498923,-0.289661503,1.241757141,0.311156166,1.106127828,0.021608196,-0.143837245,0.025366126,-0.017666992,-3.741335342,6.915345667,0.6897525,-0.03222065,-0.06047412,0.004036554,0.997647137,0.941119708,0.338046119,1.349252787,0.0,0.0,0.0,0.86058265,0.0,3.594721556
1772729841.8738508,1.028799,-0.237481,1.243161,-0.03745001,-0.04552184,0.00306249,0.99825642,-0.07543,-0.09078,0.009563,0.246739357,1.027215354,0.023763387,0.102418735,-0.051126189,0.049182144,-0.020730979,-0.045257858,0.997308757,0.12667134,-0.071309435,-0.019543351,51752.145420057,55739.182557821,53609.050073133,49693.153487522,1.016939417,-0.281602892,1.242013791,0.301769856,1.108671092,0.021050275,-0.143560798,0.020008843,-0.01562819,-3.69797468,6.939247879,0.687890856,-0.031842465,-0.060680154,0.004036252,0.997644452,0.93908384,0.343655278,1.349451686,0.0,0.0,0.0,0.86058265,0.0,3.594721556
1772729841.883851,1.031342,-0.227363,1.243501,-0.0375479,-0.04500945,0.00403599,0.99827252,-0.075706,-0.08968,0.011484,0.232927359,1.033496052,0.020842833,0.164777926,0.02851114,-0.022081476,-0.018970463,-0.042173957,0.995898468,0.134268207,-0.039673798,-0.018556412,51822.122383216,55754.519974404,53587.002536795,49734.053265076,1.019455836,-0.272684594,1.242262444,0.291302014,1.111349022,0.020425244,-0.141960355,0.018032077,-0.013197324,-3.625863087,6.976490894,0.680038912,-0.03121626,-0.060999712,0.003995673,0.997641767,0.936399886,0.35091985,1.34970985,0.0,0.0,0.0,0.86058265,0.0,3.594721556
1772729841.8938503,1.033601,-0.217063,1.243743,-0.03719357,-0.04383554,0.00484712,0.99833441,-0.075044,-0.087275,0.012989,0.221119791,1.035817247,0.020739783,0.247747361,0.275468116,-0.057223607,-0.017210115,-0.039090349,0.994488313,0.141864349,-0.008041178,-0.017569567,51892.092673005,55769.85592833,53564.957103026,49774.949142213,1.022213814,-0.262156692,1.242495374,0.278914303,1.114427514,0.01952458,-0.140427459,0.017619764,-0.011903742,-3.50815988,7.018807832,0.667088476,-0.030195565,-0.061360566,0.003934126,0.997648561,0.934181125,0.356772529,1.349918489,0.0,0.0,0.0,0.86058265,0.0,3.594721556
1772729841.9038503,1.035486,-0.206409,1.243761,-0.03576934,-0.04449705,0.00352814,0.99836272,-0.072081,-0.088712,0.010269,0.206582831,1.040805888,0.018037527,0.301587963,0.422046924,-0.125475977,-0.015449641,-0.036006521,0.993078058,0.149461035,0.023593704,-0.016582651,52367.966394759,55402.835312274,53244.715095588,50264.175805486,1.02511983,-0.250498309,1.24274183,0.265315909,1.117529336,0.018062597,-0.139168569,0.023569828,-0.015234855,-3.376281639,7.021052501,0.649535611,-0.029056641,-0.061371102,0.003851287,0.997684296,0.927435601,0.373893427,1.350531919,0.0,0.0,0.0,0.86058265,0.0,3.594721556
1772729841.9138498,1.037511,-0.19598,1.243948,-0.03289521,-0.04026441,0.0022445,0.9986449,-0.066144,-0.080358,0.007155,0.195164522,1.041684074,0.017263439,0.305456942,0.428657848,-0.133474863,-0.016408495,-0.040838148,0.992734656,0.143383803,0.036371857,-0.015497828,52393.040112982,55500.668235861,53366.108537146,50135.491274551,1.028025707,-0.238840483,1.242988275,0.251718163,1.120631009,0.016600683,-0.138842035,0.016213773,-0.015293328,-3.288528272,7.006092191,0.640378646,-0.028298475,-0.061235616,0.003822341,0.997710057,0.923324089,0.383993237,1.350895456,0.0,0.0,0.0,0.86058265,0.0,3.594721556
1772729841.92385,1.039604,-0.185677,1.244166,-0.03171475,-0.03782612,0.00134385,0.99878003,-0.063678,-0.075547,0.005098,0.186903578,1.039668221,0.018140227,0.230192341,0.22439417,-0.095993434,-0.019047212,-0.049430256,0.993332284,0.129959375,0.035513023,-0.014592754,52267.995779011,55569.245911146,53560.256511334,50022.204134367,1.029314982,-0.233545359,1.243098964,0.245617105,1.121944236,0.015977107,-0.139544148,0.006866891,-0.013956116,-3.24405252,6.994220391,0.636129435,-0.027914255,-0.06112973,0.00381205,0.997723203,0.921226346,0.388977774,1.351075746,0.0,0.0,0.0,0.86058265,0.0,3.594721556
1772729841.93385,1.041427,-0.175402,1.24445,-0.03054389,-0.03535463,0.00156138,0.99890674,-0.061322,-0.070595,0.005292,0.1759538,1.038625155,0.018742772,0.108560477,-0.015335313,-0.021297393,-0.020560364,-0.046894571,0.995449003,0.129841074,0.028623787,-0.015398889,52125.439335213,55631.749060371,53761.929234202,49913.824289406,1.030010061,-0.230588915,1.243159756,0.242271526,1.12260011,0.015661668,-0.142213894,0.00701121,-0.012270275,-3.200724671,6.982661587,0.632124407,-0.027539877,-0.061026668,0.003803182,0.997736348,0.919782652,0.392323485,1.351197214,0.0,0.0,0.0,0.86058265,0.0,3.594721556
1772729841.9438503,1.042935,-0.164788,1.244479,-0.03067534,-0.03929779,0.00126953,0.99875577,-0.061603,-0.0785,0.004962,0.164216318,1.039718999,0.018347978,-0.010072472,-0.301435027,0.043278001,-0.022073552,-0.044358827,0.997565772,0.12972277,0.021734387,-0.016205042,51982.8794926,55694.253699789,53963.606765328,49805.441860465,1.030705156,-0.2276324,1.243220548,0.238925868,1.123256,0.015346221,-0.144883705,0.007155533,-0.010584393,-3.168362539,6.974092835,0.630453324,-0.02725952,-0.060950589,0.003807917,0.997749612,0.918338924,0.395669275,1.351318685,0.0,0.0,0.0,0.86058265,0.0,3.594721556
1772729841.9538503,1.044736,-0.154646,1.244807,-0.03171788,-0.04094506,0.00324734,0.99865256,-0.063872,-0.081665,0.009114,0.147429997,1.046276134,0.015163282,-0.060334254,-0.523899317,0.040498523,-0.023586704,-0.041823142,0.999682492,0.129604469,0.014845151,-0.017011177,52297.587421916,55767.922956793,53653.341814159,49765.421330036,1.031527287,-0.224116969,1.243300733,0.234961386,1.123981606,0.015076438,-0.147083985,0.007166537,-0.009169077,-3.136001178,6.965524287,0.628782281,-0.026979169,-0.060874512,0.003812652,0.997763318,0.91689523,0.399014985,1.351440154,0.0,0.0,0.0,0.86058265,0.0,3.594721556
1772729841.9638503,1.046028,-0.143992,1.244857,-0.03200183,-0.04484125,0.00224175,0.9984789,-0.06441,-0.089522,0.007376,0.135728626,1.049328837,0.014247294,-0.053583599,-0.553110529,0.005547071,-0.02265484,-0.037933003,1.001763211,0.135106548,0.023270051,-0.004932303,52873.912480479,55847.980739198,53050.17920354,49764.511582509,1.03273744,-0.218894378,1.243440146,0.229106756,1.124920178,0.014946091,-0.145093182,0.005987385,-0.010168831,-3.099446098,6.956907825,0.626752952,-0.026662492,-0.060797797,0.003816485,0.997777024,0.915451536,0.402360696,1.351561622,0.0,0.0,0.0,0.86058265,0.0,3.594721556
1772729841.97385,1.047218,-0.13341,1.244963,-0.03145214,-0.04565997,0.00209579,0.99845958,-0.063304,-0.091174,0.007087,0.124429392,1.051278664,0.014278374,-0.021376993,-0.436972825,-0.023470137,-0.020634348,-0.033439881,1.003827851,0.143110989,0.038513419,0.012883375,52532.911031145,55801.132688092,53470.993216694,49745.019150432,1.034267896,-0.211668999,1.243599701,0.220926583,1.126285101,0.014711629,-0.143102426,0.004808261,-0.01116856,-3.039815278,6.948027918,0.622752145,-0.026145929,-0.060717572,0.003815351,0.997797636,0.914163113,0.405346572,1.351670027,0.0,0.0,0.0,0.86058265,0.0,3.594721556
1772729841.9838502,1.048588,-0.123011,1.245173,-0.03161057,-0.04864418,0.00212235,0.99831358,-0.063664,-0.097143,0.007348,0.11303686,1.051643855,0.015268177,0.024788399,-0.260175575,-0.051291119,-0.018184736,-0.03836747,1.004825063,0.120661119,0.002361692,0.011196417,51602.796891941,55672.194073003,54589.367907481,49699.674376581,1.036588397,-0.199503874,1.243808943,0.207010627,1.128701573,0.014220394,-0.141111576,0.003629081,-0.012168338,-2.941987816,6.93271325,0.626324816,-0.025293132,-0.060581713,0.003901768,0.997827764,0.913354884,0.407052699,1.351732959,0.0,0.0,0.0,0.86058265,0.0,3.594721556
1772729841.9938505,1.049511,-0.11242,1.245289,-0.03122415,-0.04902994,0.00190674,0.99830731,-0.062872,-0.097931,0.006902,0.099934827,1.053753919,0.014709163,0.036995353,-0.194543367,-0.060438117,-0.015717977,-0.043671596,1.005779608,0.096994028,-0.035844236,0.008729938,52153.331701547,55746.609291323,54155.279133949,49649.375201235,1.038908898,-0.187338748,1.244018186,0.193094672,1.131118044,0.013729159,-0.137695614,0.00253493,-0.008646991,-2.839439399,6.945519114,0.635713517,-0.024394405,-0.06069171,0.004034974,0.997849037,0.907293676,0.419847583,1.352204908,0.0,0.0,0.0,0.86058265,0.0,3.594721556
1772729842.0038505,1.05064,-0.102008,1.245492,-0.0316138,-0.05022448,0.00174922,0.99823595,-0.063655,-0.100329,0.006702,0.090503874,1.051407024,0.015938049,0.025286269,-0.139717942,-0.03964587,-0.014231177,-0.047809789,1.005873335,0.085527427,-0.073674988,0.005930574,51499.814184825,55880.186784084,54754.419946602,49565.728705538,1.040773381,-0.177144244,1.244195112,0.1816927,1.132838785,0.013425688,-0.135984464,-0.001396017,-0.004418365,-2.774857081,6.968993204,0.641342783,-0.0238276,-0.06089501,0.004113172,0.99785038,0.901232612,0.432642162,1.352676846,0.0,0.0,0.0,0.86058265,0.0,3.594719333
1772729842.0138507,1.051298,-0.091362,1.245608,-0.03079982,-0.04960426,0.00175991,0.99829239,-0.062013,-0.099093,0.006602,0.078116527,1.052865068,0.014918623,0.041802981,-0.136822735,-0.054960652,-0.016845493,-0.050104827,1.005428015,0.085118364,-0.107745644,0.002646451,51408.76128025,56019.86557377,54799.046370023,49491.067213115,1.042596109,-0.166479834,1.244417448,0.169804864,1.134236465,0.013315614,-0.141941679,-0.005130355,-0.00367809,-2.712780138,6.998755065,0.647622714,-0.023281865,-0.061153211,0.004194612,0.997847973,0.895171404,0.445437045,1.353148795,0.0,0.0,0.0,0.86058265,0.0,3.594291719
1772729842.023851,1.052121,-0.080887,1.245767,-0.03075342,-0.05097119,0.00093857,0.99822607,-0.061853,-0.10188,0.005035,0.066081532,1.053381249,0.014403374,0.090322896,-0.095788549,-0.066668415,-0.02903244,-0.045204841,1.007317144,0.070717487,-0.125684484,-0.001973081,51562.484312367,55960.256297323,54685.750037116,49634.356163706,1.044231126,-0.155554592,1.244582272,0.157292194,1.135804336,0.013058227,-0.151857818,0.000403831,-0.00228721,-2.652651417,7.055722394,0.652040108,-0.022752384,-0.061647934,0.004253509,0.99783035,0.889962515,0.456007538,1.353541659,0.0,0.0,0.0,0.86058265,0.0,3.593864104
1772729842.033851,1.052664,-0.070314,1.245899,-0.03050077,-0.05207995,0.00117119,0.99817634,-0.061383,-0.104086,0.005545,0.056612836,1.052111027,0.014821712,0.134144196,-0.112825067,-0.070343149,-0.027884384,-0.031697421,1.008954354,0.054529636,-0.137662731,-0.003604178,51407.898056488,55898.456393919,54800.522097026,49769.509354087,1.045628894,-0.146018031,1.244765505,0.146372299,1.136830447,0.013253994,-0.155382205,0.012420976,-0.000326458,-2.594646562,7.115979482,0.654895593,-0.022242021,-0.062171023,0.004297502,0.997809724,0.885688078,0.46425433,1.353851309,0.0,0.0,0.0,0.86058265,0.0,3.5934365
1772729842.043851,1.053226,-0.059837,1.246035,-0.02963282,-0.05243306,0.00049259,0.99818457,-0.059572,-0.104838,0.004113,0.043121156,1.05349442,0.013634395,0.188777744,-0.056720889,-0.069719524,-0.025351771,-0.024968407,1.008808167,0.041217309,-0.131720405,0.004306426,51478.62566386,55809.305085925,54786.935109812,49859.910410724,1.046939496,-0.136096582,1.244930707,0.134823553,1.13799283,0.013434348,-0.152626138,0.016767184,-0.002119671,-2.55229119,7.183745878,0.654545153,-0.02186921,-0.062759418,0.00430409,0.997781905,0.881295723,0.472538865,1.354163911,0.0,0.0,0.0,0.86058265,0.0,3.593008896
1772729842.0538507,1.053604,-0.0493,1.246197,-0.02821124,-0.05216828,0.00067155,0.99823952,-0.056732,-0.104304,0.004308,0.033188318,1.052467224,0.013307181,0.217505324,-0.00348279,-0.04584498,-0.025025703,-0.032387017,1.006930405,0.047594618,-0.112499341,0.008292736,51721.693727491,55735.077280912,54643.446428571,49926.922719088,1.048175852,-0.125041782,1.245063304,0.121692263,1.139505294,0.013032662,-0.147189017,0.007520014,-0.006190128,-2.525577756,7.27544442,0.658202882,-0.021628905,-0.063557515,0.004332679,0.997748855,0.876698087,0.481014876,1.354485352,0.0,0.0,0.0,0.86058265,0.0,3.592581302
1772729842.0638504,1.053854,-0.03877,1.246329,-0.02709235,-0.0519314,9.088e-05,0.99828309,-0.054421,-0.103866,0.003012,0.018120336,1.055206406,0.011337598,0.241243779,0.074668873,-0.006751943,-0.024699636,-0.039805627,1.005052643,0.053971926,-0.093278276,0.012279047,51994.264440392,55672.623245452,54470.608516484,49989.376754548,1.049190176,-0.115493366,1.245193104,0.110443425,1.140631716,0.012355588,-0.150111386,-0.000610985,-0.008395445,-2.495791356,7.337529796,0.660489775,-0.021364423,-0.064097373,0.004357135,0.997719047,0.872191729,0.489140775,1.354795072,0.0,0.0,0.0,0.86058265,0.0,3.592153708
1772729842.0738504,1.053981,-0.028207,1.246432,-0.02610043,-0.05222032,0.00028897,0.99829441,-0.052452,-0.104437,0.003321,0.004625315,1.057570511,0.00950471,0.217654067,0.08771855,-0.000818245,-0.02437356,-0.047224414,1.003174836,0.060349386,-0.074056753,0.016265452,52007.126358952,55756.440017265,54548.356497343,49842.417599612,1.049920075,-0.108114395,1.245297224,0.10172593,1.141434911,0.011816509,-0.152105333,-0.006306358,-0.00973068,-2.460299211,7.370669258,0.663271622,-0.02105178,-0.064385058,0.004394927,0.997700277,0.868344328,0.495948535,1.355055725,0.0,0.0,0.0,0.86058265,0.0,3.591726104
1772729842.08385,1.05391,-0.017589,1.246486,-0.02493971,-0.0507058,0.00046105,0.99840208,-0.050125,-0.1014,0.003468,-0.007180776,1.057286168,0.008911061,0.156240091,0.092279337,0.032817111,-0.021396674,-0.043035032,1.004871373,0.068394063,-0.074861788,0.015079926,51872.486120478,55923.326027139,54768.419744261,49576.531414389,1.050417574,-0.102235163,1.245369272,0.09463622,1.142117677,0.01143147,-0.150592847,-0.002802871,-0.007779894,-2.43306252,7.392981833,0.666690177,-0.020811323,-0.064578893,0.004435786,0.997686663,0.866063273,0.499910392,1.355208101,0.0,0.0,0.0,0.86058265,0.0,3.59129852
1772729842.09385,1.053907,-0.007124,1.246621,-0.02443646,-0.05081104,0.00109919,0.99840868,-0.04918,-0.101581,0.004702,-0.015693333,1.053952365,0.010426039,0.080800106,0.094731575,0.084456147,-0.018093954,-0.037419268,1.007007139,0.076644003,-0.078127292,0.013258923,52254.193369842,56189.753096905,54465.674846985,49225.103523003,1.050946303,-0.095998404,1.245459938,0.087199239,1.142718553,0.011284436,-0.149080289,0.000700782,-0.005829015,-2.410572722,7.40906793,0.670475254,-0.020612373,-0.064718756,0.004478412,0.997680635,0.864108324,0.503305852,1.355338693,0.0,0.0,0.0,0.86058265,0.0,3.590870916
1772729842.1038506,1.053502,0.003576,1.24666,-0.0240181,-0.05028024,0.00132395,0.99844543,-0.048357,-0.10051,0.005085,-0.024616282,1.049767532,0.012183054,-0.009199761,0.055323806,0.161013616,-0.019425346,-0.02961403,1.006327013,0.134231941,-0.043823755,0.02120354,52641.879605234,56258.209842361,54176.093645336,49111.464073594,1.051494052,-0.089473531,1.245561324,0.079452912,1.143288535,0.011257093,-0.150403362,0.009227285,-0.004102403,-2.369503764,7.435377698,0.676386526,-0.02024981,-0.064947244,0.004548272,0.997672984,0.864108324,0.503305852,1.355338693,0.0,0.0,0.0,0.86058265,0.0,3.590443281
1772729842.1138504,1.053265,0.014043,1.246806,-0.02418638,-0.05021401,0.00125652,0.99844479,-0.048688,-0.10038,0.004963,-0.03670324,1.04916015,0.012933093,-0.049610183,0.028393064,0.1722819,-0.022905121,-0.031396859,1.002200861,0.179900195,-0.013417414,0.023631641,52785.09917909,55795.274761936,54182.401615551,49613.23583109,1.052136985,-0.078870336,1.245699563,0.066537022,1.144351837,0.010981903,-0.152155406,0.006060588,-0.008892572,-2.305081311,7.46122719,0.684754203,-0.019682544,-0.065171151,0.004653,0.997667012,0.854704276,0.51908521,1.355951,0.0,0.0,0.0,0.86058265,0.0,3.590015687
1772729842.1238503,1.052969,0.02437,1.246999,-0.02479982,-0.04935681,0.00287004,0.99846915,-0.050071,-0.09858,0.008219,-0.051748903,1.052048051,0.011978935,0.001424206,0.100269483,0.094119086,-0.025532324,-0.035544126,0.999374639,0.198581934,-0.002027176,0.021421873,52825.866001182,55974.869140343,54236.390109674,49310.239180403,1.052459138,-0.073296849,1.245775434,0.059903659,1.144717128,0.010551999,-0.154092023,0.002093548,-0.011537704,-2.235725641,7.472221731,0.693401407,-0.019073093,-0.065265508,0.004765799,0.997671214,0.851740959,0.523940129,1.356140622,0.0,0.0,0.0,0.86058265,0.0,3.589588082
1772729842.13385,1.05238,0.034909,1.247136,-0.02506791,-0.04942128,0.00411182,0.99845492,-0.050733,-0.098644,0.010741,-0.068503057,1.057275931,0.009754419,0.107102864,0.179138092,-0.008781538,-0.027690991,-0.03853274,0.997602592,0.212022226,0.004937727,0.019122469,52940.535645305,56105.191540615,54175.930358732,49134.948588294,1.052761233,-0.067878932,1.245848095,0.053450292,1.145062358,0.010115615,-0.156071436,-0.001289303,-0.013284051,-2.181572375,7.472949994,0.699700008,-0.018597979,-0.065270571,0.00485136,0.997678245,0.849454466,0.527648734,1.356285873,0.0,0.0,0.0,0.86058265,0.0,3.589442968
1772729842.1438503,1.051547,0.04552,1.247153,-0.02491288,-0.04969133,0.00387765,0.99844634,-0.050403,-0.099198,0.01027,-0.085086328,1.062280384,0.006709,0.194485213,0.188798012,-0.114318554,-0.027688149,-0.040594569,0.996784297,0.220915768,0.013745531,0.016778148,53187.216866685,56147.518761258,53911.043881161,49187.743831246,1.052956044,-0.063292549,1.245903593,0.047958978,1.145300294,0.009644472,-0.155324465,-0.004131195,-0.013900995,-2.127547028,7.473590156,0.705978749,-0.018123995,-0.065274867,0.00493669,0.997687993,0.846839132,0.531828655,1.356450233,0.0,0.0,0.0,0.86058265,0.0,3.589442968
1772729842.1538503,1.050517,0.056326,1.247205,-0.02227413,-0.04722884,0.0017163,0.99863424,-0.044864,-0.094392,0.005557,-0.101473679,1.065976444,0.004514437,0.254154548,0.153931749,-0.214058245,-0.021576064,-0.040036629,0.998661794,0.216957071,0.027760667,0.01430725,53377.847151173,56137.53272182,53702.40088199,49317.550273417,1.05315085,-0.058706274,1.245959089,0.042467795,1.145538224,0.009173341,-0.150994245,-0.006261853,-0.013033499,-2.053861004,7.471018725,0.712313961,-0.017479,-0.065250235,0.005034212,0.997700551,0.844019963,0.536300704,1.356626437,0.0,0.0,0.0,0.86058265,0.0,3.589442968
1772729842.1638503,1.049481,0.066942,1.247248,-0.02012976,-0.04478393,-0.00036104,0.9987938,-0.040351,-0.089594,0.001086,-0.11147767,1.063585533,0.004335688,0.254659996,0.048173026,-0.285758335,-0.017577807,-0.041432991,0.998862278,0.204732799,0.04198159,0.011450269,53277.965249603,55856.383665549,53785.265866996,49846.554418769,1.053460801,-0.050286655,1.246057374,0.032488501,1.145695863,0.008483548,-0.147813132,-0.008584052,-0.011993725,-1.97147582,7.46692493,0.71866418,-0.016758351,-0.065211921,0.005137054,0.997714917,0.839792198,0.542886801,1.356887283,0.0,0.0,0.0,0.86058265,0.0,3.589442968
1772729842.1738503,1.048358,0.077534,1.247311,-0.01962123,-0.04708608,-0.00017909,0.99869809,-0.039359,-0.094196,0.001497,-0.118951803,1.057216024,0.006846199,0.222219015,-0.101148088,-0.262763505,-0.019994752,-0.044970082,0.99619355,0.164470252,0.043800355,0.001798742,52936.457086355,55833.910362558,54084.568978247,50103.791694133,1.053701706,-0.039835099,1.246183321,0.020191582,1.14562082,0.007509247,-0.146746049,-0.015070589,-0.013112546,-1.813371587,7.435926049,0.723020181,-0.015381265,-0.064935454,0.005269292,0.99774317,0.834493914,0.550940581,1.357208632,0.0,0.0,0.0,0.86058265,0.0,3.589442968
1772729842.1838503,1.047086,0.088079,1.247352,-0.01938139,-0.04800127,-0.00133099,0.99865833,-0.038771,-0.096073,-0.000801,-0.128012185,1.053377131,0.008953486,0.176433154,-0.249920789,-0.225430832,-0.021915306,-0.041405585,0.997809798,0.12097299,0.022741159,-0.017616288,52537.594282622,55872.563260889,54435.214176211,50296.681846875,1.053903709,-0.028777459,1.246318219,0.007212001,1.145449615,0.006426357,-0.149931165,-0.017326879,-0.014094715,-1.689255849,7.403424024,0.718164595,-0.014305369,-0.064646116,0.005301657,0.997788061,0.828801071,0.559490298,1.357551041,0.0,0.0,0.0,0.86058265,0.0,3.589442968
1772729842.1938508,1.045832,0.098503,1.247529,-0.01829799,-0.04919886,-0.00246149,0.99861834,-0.036488,-0.098511,-0.003131,-0.137819265,1.049218639,0.011932179,0.148648005,-0.30714532,-0.173721101,-0.021399014,-0.036840839,1.000315862,0.080050846,-0.011984151,-0.033768483,51718.666290919,56200.70184417,55142.556136712,50111.33555776,1.053880966,-0.017554009,1.24641957,-0.005988112,1.145124991,0.005627648,-0.150696081,-0.014325445,-0.011499051,-1.60212244,7.392333827,0.701807407,-0.013556568,-0.064543564,0.00520978,0.997805923,0.824758869,0.565462479,1.357791457,0.0,0.0,0.0,0.86058265,0.0,3.589442968
1772729842.2038505,1.044416,0.109007,1.247607,-0.01740821,-0.05094108,-0.00354077,0.99854365,-0.034592,-0.102034,-0.005325,-0.1485029,1.046649813,0.014869109,0.151040144,-0.260361658,-0.132203339,-0.015610792,-0.030112891,1.004746569,0.044707013,-0.076269486,-0.042858844,51285.04255087,56488.364082701,55532.004964268,49919.756914516,1.053798685,-0.006287577,1.246512025,-0.019245538,1.14475975,0.004904292,-0.147310994,-0.01120707,-0.006790341,-1.53670846,7.39664797,0.679213976,-0.012999456,-0.064575582,0.005049399,0.997815396,0.821621051,0.570022468,1.357975992,0.0,0.0,0.0,0.86058265,0.0,3.589442968
1772729842.2138507,1.042791,0.119532,1.247793,-0.01596626,-0.05202006,-0.00369283,0.99851157,-0.031678,-0.104192,-0.005745,-0.159104328,1.044039302,0.01744957,0.196430155,-0.033706129,-0.058009576,-0.013451472,-0.03032699,1.006812783,0.054375004,-0.088234925,-0.052932809,52001.232175004,56055.904533304,54916.49375375,50560.437728438,1.053117416,0.00617004,1.246634922,-0.034402726,1.142904674,0.004971809,-0.143925747,-0.008088547,-0.002081406,-1.501906264,7.419894685,0.660715193,-0.012705516,-0.064774413,0.004905218,0.997809608,0.812909338,0.582322708,1.358478388,0.0,0.0,0.0,0.86058265,0.0,3.589442968
1772729842.2238507,1.04112,0.130038,1.247919,-0.01526787,-0.05148304,-0.00444793,0.99854725,-0.030198,-0.103135,-0.00735,-0.171235769,1.042786057,0.018513013,0.226500754,0.137879137,0.043532794,-0.013960424,-0.035645205,1.007140386,0.097137294,-0.06173154,-0.063729373,51867.366920905,56850.899738724,54990.536750152,49664.539679607,1.05238114,0.018736738,1.246760613,-0.049734014,1.140912783,0.00511198,-0.14819062,-0.011625051,-0.000828078,-1.456495765,7.493561489,0.627284741,-0.012325013,-0.065410339,0.004631484,0.997779876,0.809561253,0.587035477,1.358671069,0.0,0.0,0.0,0.86058265,0.0,3.589442968
1772729842.2338507,1.039443,0.140281,1.24821,-0.01457913,-0.05027343,-0.00304903,0.99862442,-0.028962,-0.100667,-0.004647,-0.183609713,1.041287143,0.017735604,0.181913059,0.346961309,0.117450886,-0.014469375,-0.04096342,1.007467989,0.139899584,-0.035228156,-0.074525938,52539.013215859,56843.962869729,54125.716395809,50068.241346759,1.051644864,0.031303435,1.246886304,-0.065065301,1.138920892,0.005252151,-0.148588322,-0.015865946,0.001987076,-1.285186033,7.608566851,0.56149748,-0.010865269,-0.066398549,0.004144979,0.997729927,0.798235197,0.602170749,1.359301242,0.0,0.0,0.0,0.86058265,0.0,3.589338749
1772729842.2438512,1.037549,0.150706,1.24834,-0.01408014,-0.04910816,-0.00233655,0.99869148,-0.028033,-0.098312,-0.0033,-0.197126528,1.041593651,0.017353707,0.175862101,0.59805852,0.163912258,-0.018872862,-0.042592612,1.00838591,0.168158314,0.011012538,-0.08625533,52902.320416491,56721.315435486,53589.359167018,50555.434079077,1.050908552,0.043870732,1.247012,-0.08039732,1.136928906,0.005392328,-0.150386753,-0.013748406,0.001053314,-1.151380195,7.644363855,0.505703733,-0.009730901,-0.066700519,0.003733276,0.997716715,0.787636836,0.616120974,1.359885261,0.0,0.0,0.0,0.86058265,0.0,3.588977143
1772729842.2538512,1.035494,0.161181,1.248529,-0.01164447,-0.04318697,-0.00147234,0.99899806,-0.023227,-0.086429,-0.001943,-0.208862456,1.041921623,0.016620509,0.145789689,0.653273663,0.167157048,-0.026849456,-0.032959062,1.010096679,0.189962613,0.095414226,-0.086303609,53166.881147874,56416.714576051,53219.112267295,51200.353060727,1.050172276,0.056437429,1.247137691,-0.095728607,1.134937015,0.005532499,-0.152185098,-0.011630968,0.000119598,-0.99041545,7.623685465,0.436489946,-0.008370436,-0.066510198,0.003225838,0.997739933,0.77958332,0.626292574,1.360317774,0.0,0.0,0.0,0.86058265,0.0,3.588615553
1772729842.263852,1.0333,0.171616,1.248649,-0.01164107,-0.04223165,-0.00124481,0.99903925,-0.02324,-0.084512,-0.001509,-0.218754035,1.041333219,0.018384905,0.145327845,0.633150234,0.149144951,-0.020991513,-0.021422978,1.012212958,0.197603324,0.105510071,-0.087120697,52894.493183359,56918.118054684,53586.932134877,50549.334379472,1.049188535,0.070102668,1.247274024,-0.112314999,1.132774639,0.005813757,-0.153983572,-0.009513378,-0.000814186,-0.853642013,7.561177799,0.377484129,-0.007215825,-0.065958327,0.002795544,0.997784058,0.766830004,0.641843232,1.360988181,0.0,0.0,0.0,0.86058265,0.0,3.588253938
1772729842.2738523,1.031082,0.181995,1.248819,-0.01255435,-0.03775901,-0.00023594,0.99920798,-0.025145,-0.075536,0.000478,-0.227782812,1.039449185,0.020341511,0.113446382,0.516967307,0.099705394,-0.01345605,-0.029881841,1.014128156,0.20850162,0.070873716,-0.072427709,52923.720475988,57216.250981286,53528.389697277,50233.204853092,1.046094725,0.093128991,1.24750104,-0.139595994,1.129159523,0.007298204,-0.143211975,-0.011141702,0.005474747,-0.702462352,7.490009526,0.317054026,-0.005936223,-0.065331723,0.002360361,0.997839116,0.757094716,0.653243927,1.361487901,0.0,0.0,0.0,0.86058265,0.0,3.587892331
1772729842.2838523,1.028668,0.192467,1.24907,-0.010279,-0.03402228,0.00031357,0.99936816,-0.020616,-0.068048,0.001329,-0.234699991,1.033826316,0.024000101,0.07441357,0.398975159,0.079072487,-0.009912826,-0.041168411,1.016273482,0.212957035,0.065125911,-0.056278077,53142.216587094,56671.965440103,53289.043062647,50927.787918017,1.043001062,0.116154216,1.247728046,-0.166875688,1.125544579,0.008782581,-0.133878648,-0.033856382,0.006568434,-0.286662969,7.383006559,0.19586135,-0.002386288,-0.064388589,0.001544325,0.997925207,0.739215756,0.673333036,1.362384423,0.0,0.0,0.0,0.86058265,0.0,3.587530742
1772729842.2938523,1.026454,0.202658,1.249343,-0.01078566,-0.03624395,0.00030801,0.99928472,-0.021637,-0.072493,0.001401,-0.24385538,1.029991794,0.025462107,0.069997302,0.344840228,0.026470542,-0.01052716,-0.027596333,1.019847488,0.143131559,0.14845701,-0.066171079,53360.712698199,56127.67989892,53049.696428017,51622.370982943,1.03995465,0.136963503,1.247993207,-0.191313293,1.121556241,0.010453403,-0.141518592,-0.03663446,0.007130784,0.05198451,7.268638534,0.119662328,0.000519156,-0.06338813,0.001070191,0.997987313,0.722028571,0.691821765,1.363225933,0.0,0.0,0.0,0.86058265,0.0,3.587169152
1772729842.303853,1.023954,0.212956,1.249641,-0.00964129,-0.03288926,0.00040247,0.99941242,-0.019341,-0.06578,0.001442,-0.257702383,1.029202205,0.026019955,0.102642857,0.302231583,-0.051966703,-0.00461079,-0.014951725,1.023565973,0.103077537,0.230978738,-0.063012015,53813.444610567,56428.739343846,52332.496149398,51438.189201388,1.03701157,0.153567236,1.248315457,-0.210374196,1.117016893,0.012479325,-0.132110154,-0.019457033,0.014168507,0.229820078,7.123583065,0.061963957,0.002035379,-0.062123858,0.000664093,0.99805607,0.712053258,0.702054768,1.363702315,0.0,0.0,0.0,0.86058265,0.0,3.586807537
1772729842.3138535,1.021229,0.22327,1.249845,-0.01023393,-0.03267499,-1.53e-06,0.99941363,-0.020501,-0.065358,0.000667,-0.27186409,1.028492822,0.025665118,0.072886606,0.102772345,-0.127447759,-0.005186853,-0.029285207,1.01938603,0.071536707,0.236588928,-0.066394453,53253.176126266,56259.53471184,52854.309035516,51610.943580919,1.034344532,0.166693933,1.248554166,-0.22504691,1.113396026,0.014285563,-0.12533585,-0.037120035,0.007611147,0.32783237,6.954525946,0.016240401,0.002864264,-0.060651871,0.000314851,0.998141689,0.703282335,0.710895042,1.36411744,0.0,0.0,0.0,0.86058265,0.0,3.58644593
1772729842.3238535,1.018522,0.233504,1.250118,-0.00976624,-0.03015566,-0.00044012,0.99949741,-0.019533,-0.060326,-0.000291,-0.282625134,1.025901483,0.026233222,-0.03145736,-0.141306131,-0.165993033,-0.005106139,-0.043058369,1.01523192,0.039333134,0.226062366,-0.072828128,52748.73703731,56175.228821261,53242.207943409,51817.425760814,1.031878544,0.177997565,1.248754163,-0.237337234,1.110228258,0.01553957,-0.125919239,-0.04717674,0.007434252,0.386335508,6.799838234,-0.018268642,0.003356071,-0.059305234,4.0715e-05,0.998223102,0.695336595,0.718636551,1.364487235,0.0,0.0,0.0,0.86058265,0.0,3.586084341
1772729842.3338535,1.015538,0.243824,1.250348,-0.00888992,-0.03017782,-0.00192917,0.99950315,-0.017688,-0.060397,-0.003326,-0.293979612,1.024042702,0.028118675,-0.058033339,-0.307953158,-0.187462467,0.002446925,-0.042086856,1.016149743,0.029777206,0.135739412,-0.087542828,52151.620874033,56475.531827822,53585.012545927,51694.780237178,1.029412555,0.189301198,1.248954159,-0.249627557,1.10706049,0.016793577,-0.118182935,-0.051097659,0.008057455,0.434059144,6.625349941,-0.065902106,0.003748333,-0.0577867,-0.000355276,0.998312256,0.687747078,0.725898283,1.364837369,0.0,0.0,0.0,0.86058265,0.0,3.585722751
1772729842.3438537,1.01246,0.254118,1.250642,-0.00944722,-0.03489805,-0.00304459,0.99934159,-0.018716,-0.069864,-0.005439,-0.304656837,1.022594196,0.029208594,-0.058858847,-0.379223168,-0.16788624,0.000249612,-0.046425719,1.017276885,0.029821307,0.06390991,-0.095123527,51408.05294966,56877.506146556,54103.053934025,51310.394867569,1.027131312,0.199452489,1.249176607,-0.260115556,1.103969229,0.017985764,-0.115892188,-0.053059477,0.009999132,0.463071411,6.53048236,-0.108814528,0.003980404,-0.056961768,-0.000717868,0.998362029,0.681003285,0.732263756,1.365146476,0.0,0.0,0.0,0.86058265,0.0,3.585361153
1772729842.353854,1.009561,0.264208,1.250981,-0.01052971,-0.0384277,-0.00339141,0.99920015,-0.020845,-0.076941,-0.005986,-0.315322096,1.021364125,0.029848261,-0.008362231,-0.267775059,-0.149507908,-0.005342123,-0.046038655,1.02159274,0.015859178,-0.013762148,-0.100330923,51203.868659172,57028.891965999,54178.10940499,51158.859062243,1.024055545,0.212158778,1.249473526,-0.272894145,1.101027773,0.01953716,-0.120357962,-0.052124752,0.012037112,0.492461576,6.485336916,-0.152538084,0.004215372,-0.056570252,-0.001085933,0.998385562,0.674620379,0.738131373,1.36543547,0.0,0.0,0.0,0.86058265,0.0,3.584999555
1772729842.363854,1.006457,0.274319,1.251307,-0.01173427,-0.04027369,-0.00406017,0.99911153,-0.023198,-0.080659,-0.007191,-0.322840362,1.017158332,0.030037286,0.008793219,-0.145524966,-0.118527114,0.002073384,-0.046166036,1.010441326,-0.004154305,-0.068791217,-0.105097216,50899.423870199,56987.084540288,54261.066642222,51318.936864057,1.020370974,0.226827629,1.249814263,-0.287662592,1.09795189,0.021160306,-0.111881523,-0.053393472,0.002797553,0.517721019,6.475232602,-0.20109047,0.004411624,-0.056484329,-0.001496864,0.998391731,0.667183802,0.744832124,1.365769178,0.0,0.0,0.0,0.86058265,0.0,3.584637966
1772729842.3738537,1.00297,0.284609,1.251589,-0.00960265,-0.03640944,-0.00456605,0.99928039,-0.01891,-0.072919,-0.008449,-0.329320691,1.012035736,0.030941638,0.054829723,0.003809354,-0.09172658,0.002749944,-0.038163348,1.007463035,-0.017442993,-0.099900654,-0.105760873,50748.498078037,56896.658074878,54268.508951609,51508.116318256,1.016893793,0.239465762,1.25013446,-0.300344434,1.094045048,0.021618898,-0.111767291,-0.053876675,0.001834019,0.533086026,6.496417179,-0.261069939,0.004515434,-0.05667146,-0.002010979,0.99837793,0.659634326,0.751572064,1.36610656,0.0,0.0,0.0,0.86058265,0.0,3.584276385
1772729842.3838537,0.999528,0.294849,1.251822,-0.0084713,-0.03506588,-0.00463884,0.99933833,-0.016648,-0.070222,-0.008699,-0.337436724,1.007931983,0.031626332,0.091313051,-0.022247949,-0.090767974,-0.00032747,-0.019762484,1.008296074,-0.005969218,-0.078596285,-0.099809865,51011.221418077,56800.141154704,54021.871524188,51639.788267944,1.01362356,0.250900243,1.250426498,-0.311885428,1.090546919,0.021902642,-0.11576207,-0.053079175,0.003663658,0.537684735,6.545720306,-0.331059114,0.004519539,-0.057103854,-0.002616403,0.998355872,0.651420954,0.758701497,1.366469095,0.0,0.0,0.0,0.86058265,0.0,3.584164381
1772729842.3938534,0.99629,0.304756,1.252179,-0.00879398,-0.03746676,-0.00597521,0.99924131,-0.017176,-0.075052,-0.011314,-0.344627912,1.00371168,0.032278372,0.103496241,-0.075625607,-0.098824525,-0.001168948,-0.026700589,1.010712307,0.036275533,-0.02127225,-0.086365325,51491.951292672,56698.437651764,53587.796600486,51694.711755464,1.010354706,0.261745888,1.250737312,-0.323033892,1.087205909,0.022759322,-0.119756753,-0.052281694,0.005493253,0.539803438,6.600391789,-0.397614182,0.004503059,-0.057582839,-0.003192854,0.998332412,0.64679116,0.762667179,1.366672277,0.0,0.0,0.0,0.86058265,0.0,3.584164381
1772729842.4038527,0.992945,0.314646,1.252565,-0.00908229,-0.03895134,-0.00571714,0.99918348,-0.017759,-0.078022,-0.01075,-0.351174364,0.998422223,0.034920663,0.120849847,-0.132396716,-0.091252012,-0.002010387,-0.033638363,1.013128425,0.07851827,0.036049051,-0.072921426,52047.665014242,56610.340993303,53094.102926473,51691.540275759,1.007086836,0.272216109,1.251060074,-0.333931963,1.08396509,0.023980917,-0.123751246,-0.051484251,0.007322761,0.565135594,6.60944153,-0.447626373,0.004698305,-0.057664448,-0.003615436,0.998330206,0.638774116,0.769261892,1.367018321,0.0,0.0,0.0,0.86058265,0.0,3.584164381
1772729842.4138527,0.989244,0.324719,1.252914,-0.00795404,-0.03990923,-0.00619591,0.99915244,-0.01545,-0.079934,-0.011784,-0.36050621,0.995102484,0.037269402,0.200502396,0.000344555,-0.071764998,-0.002851885,-0.040576633,1.015544716,0.120764029,0.093374452,-0.059476565,52603.418486435,56522.238033222,52600.373938177,51688.368569196,1.003818732,0.282687079,1.251382859,-0.344830813,1.080724039,0.0252026,-0.121428018,-0.0458812,0.007732618,0.607884277,6.579033997,-0.484196669,0.005053542,-0.057402509,-0.003914035,0.998331732,0.627911287,0.77819751,1.367487198,0.0,0.0,0.0,0.86058265,0.0,3.584164381
1772729842.4238527,0.985571,0.334694,1.25325,-0.00706121,-0.04036005,-0.00656762,0.99913867,-0.013625,-0.080831,-0.012595,-0.373493052,0.994384262,0.03757457,0.298837066,0.253837997,-0.036167415,-0.000778521,-0.039303277,1.013738564,0.168983401,0.139461773,-0.048954417,52881.287902206,56618.5993095,52349.998273751,51429.061462494,0.999664821,0.295133394,1.251773459,-0.357954063,1.07697983,0.026689766,-0.118885331,-0.040111227,0.008093157,0.693239448,6.501952429,-0.517029836,0.00578399,-0.056735524,-0.004161629,0.998358364,0.623611271,0.781734645,1.367672801,0.0,0.0,0.0,0.86058265,0.0,3.584164381
1772729842.433853,0.981816,0.344627,1.253596,-0.00483355,-0.03497445,-0.00703184,0.99935178,-0.009192,-0.070029,-0.013751,-0.385793841,0.994859088,0.035515982,0.351023366,0.41856284,-0.033643279,0.00415821,-0.033122539,1.00777831,0.203244811,0.144022791,-0.046271155,52987.370802304,56541.141953873,52156.354884683,51495.573757,0.993844548,0.311801251,1.252281674,-0.374799056,1.071436375,0.028095999,-0.113949458,-0.03207984,0.007719624,0.857324804,6.36655743,-0.553441027,0.00720206,-0.055564369,-0.004408304,0.998421353,0.609294663,0.792694354,1.368273826,0.0,0.0,0.0,0.86058265,0.0,3.584164381
1772729842.443853,0.977861,0.354541,1.254066,-0.00256876,-0.03475663,-0.00677237,0.99936956,-0.004675,-0.06956,-0.01339,-0.392945305,0.991071827,0.035273557,0.347407973,0.483940528,-0.058716689,0.008423329,-0.030894109,1.002786821,0.223197365,0.131287283,-0.04615502,52888.82747192,56630.265218192,52161.393371386,51348.84323329,0.987944589,0.327837573,1.252835483,-0.39019178,1.065053254,0.028874303,-0.106233483,-0.046918138,-3.1312e-05,1.096674671,6.184078892,-0.597341632,0.009275187,-0.053986979,-0.004689947,0.998485928,0.589783894,0.807533417,1.369090981,0.0,0.0,0.0,0.86058265,0.0,3.584164381
1772729842.4538527,0.973932,0.364432,1.254371,-0.0004975,-0.0302808,-0.00655757,0.9995198,-0.000598,-0.060576,-0.013103,-0.399186705,0.986416753,0.035854774,0.281612063,0.471266472,-0.059975735,0.004259841,-0.036757012,1.008713393,0.142856145,0.102268185,-0.029151437,52464.07880685,56217.872877923,52691.170797275,51714.899355551,0.982046968,0.343577591,1.253402978,-0.405018797,1.058416887,0.029440257,-0.104499775,-0.061852921,0.003100624,1.329508185,6.033169567,-0.637795451,0.01129277,-0.052685226,-0.004947321,0.998528074,0.57538027,0.817884242,1.369682243,0.0,0.0,0.0,0.86058265,0.0,3.58424948
1772729842.4638531,0.969896,0.374271,1.254669,-0.00114449,-0.03080666,-0.00694055,0.99950061,-0.001864,-0.061637,-0.01383,-0.408244096,0.984155134,0.035258445,0.170193129,0.302067818,-0.056546725,0.004049033,-0.034646082,1.008748498,0.101002165,0.109630389,-0.021957005,52303.115910235,55929.050546645,52935.566640293,51939.756599295,0.976609692,0.357895968,1.253927628,-0.418461083,1.052298155,0.030059519,-0.101230324,-0.058992841,0.001763768,1.440413979,5.948743809,-0.653551339,0.012256607,-0.051955992,-0.005043024,0.998557822,0.567614731,0.823292918,1.36999774,0.0,0.0,0.0,0.86058265,0.0,3.584836083
1772729842.473853,0.965754,0.384165,1.255008,0.00040258,-0.02916599,-0.00822997,0.99954062,0.001287,-0.058332,-0.016505,-0.415218714,0.980744195,0.036076025,0.022118542,0.174525451,-0.04004616,0.007584145,-0.032095,1.009051748,0.066954317,0.130150228,-0.009730227,52658.563460337,55879.056152405,52621.530418488,51891.192629606,0.972773365,0.367271016,1.254303272,-0.427088533,1.047979611,0.030863805,-0.101046133,-0.058052021,0.002767168,1.50547395,5.880769977,-0.662801558,0.012823169,-0.051367537,-0.005102072,0.998577924,0.560091864,0.828424369,1.37030126,0.0,0.0,0.0,0.86058265,0.0,3.585422658
1772729842.4838536,0.961651,0.393855,1.255479,0.00110082,-0.02647782,-0.0078212,0.9996182,0.002619,-0.052943,-0.015717,-0.421727267,0.976696755,0.037841703,-0.070745436,0.172054135,-0.029880972,0.012671019,-0.030244223,1.010205539,0.032451149,0.153559214,0.006392533,52565.368197658,55438.608667173,52836.483218487,52220.087326748,0.969120987,0.376175949,1.254659214,-0.435209129,1.043716342,0.031622411,-0.0999667,-0.056156056,0.003624969,1.565825388,5.77958202,-0.665938376,0.013353407,-0.050488787,-0.005114663,0.9986162,0.550911708,0.834562967,1.370669398,0.0,0.0,0.0,0.86058265,0.0,3.586009261
1772729842.4938538,0.957335,0.403629,1.255839,-4.186e-05,-0.0268224,-0.00769601,0.99961059,0.00033,-0.05365,-0.015407,-0.427452544,0.971171439,0.041707421,-0.102670002,0.179234479,0.033321205,-0.000742545,-0.025165944,1.009831351,0.027559584,0.161258867,0.025258271,52658.993003956,55445.303513534,52863.590925308,52023.72560304,0.966769526,0.381756328,1.254875833,-0.439745891,1.039845125,0.032058018,-0.098335778,-0.053830688,0.004132985,1.6062628,5.66630084,-0.660027119,0.013714772,-0.049502657,-0.005059424,0.998661207,0.548720813,0.835964478,1.370756094,0.0,0.0,0.0,0.86058265,0.0,3.58659585
1772729842.5038536,0.952967,0.41338,1.256194,-0.00124142,-0.02812199,-0.00715218,0.99957814,-0.002083,-0.056268,-0.014252,-0.432797499,0.965854592,0.044819312,-0.038788774,0.306846628,0.124467344,0.002337109,-0.028105415,1.0122869,0.040514842,0.144551256,0.025615635,52822.297773986,55428.387481579,52740.624385325,51918.97632824,0.962985953,0.390654,1.255240768,-0.447206208,1.034935897,0.032849496,-0.09646798,-0.060062425,0.005811471,1.633737122,5.528256078,-0.638115384,0.01397121,-0.048298112,-0.004874056,0.998717674,0.538504349,0.842489356,1.371160175,0.0,0.0,0.0,0.86058265,0.0,3.587182411
1772729842.513854,0.948686,0.422967,1.256724,-0.00163723,-0.02427587,-0.006926,0.99967996,-0.002941,-0.048578,-0.013785,-0.439717028,0.960860182,0.046115429,-0.010287398,0.295169432,0.178647747,0.003308385,-0.03590937,1.014507355,0.045994653,0.121968125,0.035273088,53182.538147139,54947.022820163,52412.265497275,52330.274182561,0.958285823,0.401378091,1.255672881,-0.45628143,1.029890302,0.033851666,-0.094592355,-0.066572466,0.007528086,1.668334295,5.39764879,-0.619182558,0.01428766,-0.047158895,-0.004711337,0.998767838,0.528287155,0.8490147,1.371564285,0.0,0.0,0.0,0.86058265,0.0,3.587769014
1772729842.5238543,0.944247,0.432556,1.257159,-0.00071601,-0.02299414,-0.00654231,0.99971394,-0.001132,-0.046001,-0.013062,-0.450065192,0.958781198,0.045693847,0.091402456,0.206130022,0.121393863,0.004198019,-0.040942542,1.018148821,0.069731029,0.08636791,0.048523683,53514.296483546,55468.181239561,52304.319189275,51408.836455559,0.953882532,0.41128703,1.256062325,-0.464640548,1.025287038,0.034772745,-0.091048441,-0.067501405,0.008152795,1.698929192,5.311917746,-0.601257961,0.014566136,-0.046410639,-0.004553773,0.998800407,0.514225966,0.857602901,1.372113501,0.0,0.0,0.0,0.86058265,0.0,3.588355603
1772729842.5338535,0.939782,0.44206,1.257683,0.00024426,-0.02079115,-0.00458028,0.99977332,0.000679,-0.041583,-0.009177,-0.458302263,0.954323346,0.046288428,0.180252156,0.114235298,0.084753176,0.007312458,-0.043801757,1.016693999,0.108141679,0.033938055,0.047997515,52841.172193802,55962.048885026,52919.098303344,50668.221552865,0.949360404,0.421321632,1.256520313,-0.47276005,1.020449209,0.036374791,-0.086445166,-0.064885333,0.008083911,1.742165263,5.237457878,-0.572120243,0.014958491,-0.045759527,-0.004292319,0.998828826,0.508471489,0.861078858,1.37233758,0.0,0.0,0.0,0.86058265,0.0,3.588942136
1772729842.543854,0.935075,0.451645,1.258153,0.00195089,-0.02046661,-0.0039031,0.99978101,0.004064,-0.04092,-0.007891,-0.466814723,0.950190028,0.04802254,0.198556356,0.025017903,0.059839206,0.009136685,-0.03984363,1.014273157,0.130769089,-0.004585309,0.049002675,52948.04582354,55458.334413083,52821.337928855,51079.974994568,0.944401691,0.432004012,1.25705017,-0.481095925,1.015063305,0.038223389,-0.081841343,-0.062268949,0.008015018,1.812763544,5.193227277,-0.540152082,0.015588724,-0.045372276,-0.003991647,0.998839923,0.502139915,0.8647736,1.372581979,0.0,0.0,0.0,0.86058265,0.0,3.589507476
1772729842.5538545,0.930304,0.461154,1.258528,0.00107348,-0.02329861,-0.00475391,0.99971667,0.00237,-0.046591,-0.009566,-0.477515665,0.948758053,0.047750337,0.20284036,-0.046160966,0.026173145,0.013167907,-0.030205453,1.012907119,0.139383413,-0.036077235,0.05670966,52971.613916268,55622.631189616,52800.747984776,50626.160554309,0.939358372,0.442793517,1.257590421,-0.489470457,1.00957784,0.040058655,-0.07723752,-0.059652565,0.007946126,1.895361307,5.178085883,-0.509293448,0.016321592,-0.045238758,-0.003692157,0.998835907,0.492065443,0.870552285,1.37296909,0.0,0.0,0.0,0.86058265,0.0,3.589948657
1772729842.5638552,0.925448,0.470674,1.258991,0.00309761,-0.02457412,-0.00602048,0.99967508,0.006497,-0.049115,-0.012204,-0.482689757,0.943272656,0.050038704,0.165570952,-0.042759375,0.030010418,0.009573991,-0.02629111,1.010538354,0.142217873,-0.0621732,0.060556678,53034.653674246,55587.427168927,52812.209758954,50423.942109886,0.935621224,0.450474968,1.257986233,-0.495535629,1.005634427,0.041204421,-0.081862404,-0.061373775,0.005644391,1.963846572,5.177627121,-0.482565944,0.01692912,-0.045233024,-0.003432203,0.998828231,0.47807926,0.878273245,1.37350164,0.0,0.0,0.0,0.86058265,0.0,3.590389849
1772729842.5738552,0.920787,0.479928,1.259608,0.00382986,-0.02241469,-0.00406612,0.99973315,0.007848,-0.044801,-0.00831,-0.488641822,0.937869193,0.05104529,0.131146577,-0.186222627,0.033008843,0.001150819,-0.023206869,1.01107405,0.139932859,-0.072614793,0.061150782,52919.5469431,55371.077532088,52970.709264665,50541.164140909,0.931642711,0.458485176,1.258364329,-0.501947629,1.001478611,0.041929583,-0.088804445,-0.061563942,0.004806492,2.035194247,5.192368003,-0.453125718,0.017562018,-0.045359155,-0.003145134,0.998812861,0.468810388,0.883284994,1.373852899,0.0,0.0,0.0,0.86058265,0.0,3.590831009
1772729842.5838552,0.915808,0.489329,1.260195,0.00441012,-0.02145982,-0.00360501,0.99975349,0.008981,-0.04289,-0.007404,-0.492744196,0.931288981,0.052553469,0.109697719,-0.317408507,0.056348171,0.002815301,-0.016993737,1.012950486,0.132109307,-0.07360127,0.057024258,53244.814344652,55159.855601396,52627.922881625,50707.025706125,0.92766131,0.466356673,1.258735127,-0.508335242,0.997362992,0.042551684,-0.090288336,-0.056285896,0.007404822,2.106725545,5.214395257,-0.422831679,0.018196631,-0.045548257,-0.002849187,0.998794579,0.464794576,0.885418534,1.374004483,0.0,0.0,0.0,0.86058265,0.0,3.591272169
1772729842.5938551,0.910679,0.498768,1.260539,0.00546819,-0.02418484,-0.00393042,0.99968482,0.011136,-0.04833,-0.008132,-0.500479964,0.927767571,0.051515609,0.132771522,-0.384356212,0.062575279,0.008321694,-0.023098166,1.006365514,0.142396409,-0.056991171,0.062018951,53401.282684976,54907.931851374,52498.959770878,50836.230165203,0.924255931,0.473024319,1.259073255,-0.513720321,0.993750641,0.043232062,-0.085897645,-0.052374029,0.008063082,2.179840011,5.2351794,-0.392751398,0.018845078,-0.045726266,-0.002554465,0.998775267,0.463555349,0.886060959,1.374051017,0.0,0.0,0.0,0.86058265,0.0,3.59171333
1772729842.603856,0.905883,0.507803,1.261177,0.00462792,-0.02804241,-0.00288107,0.99959187,0.009429,-0.056065,-0.006029,-0.507890869,0.922825356,0.051563957,0.145081385,-0.326076223,0.073587925,0.003018883,-0.028998597,1.003542731,0.147239602,-0.049480855,0.071926467,53305.668871485,54679.511575295,52679.838716877,50874.826847381,0.921723997,0.477966964,1.259360328,-0.517594295,0.990855656,0.04399077,-0.089882515,-0.062067033,0.001655876,2.224958789,5.24994104,-0.372915542,0.019245716,-0.045852597,-0.00236105,0.998761752,0.459008301,0.888418186,1.374221762,0.0,0.0,0.0,0.86058265,0.0,3.592154532
1772729842.6138563,0.900615,0.517113,1.261629,0.00559042,-0.03227251,-0.00391872,0.99945579,0.011452,-0.064511,-0.008211,-0.515708126,0.917692348,0.054127247,0.102396893,-0.137837347,0.055201553,-0.002387613,-0.034896638,1.000756374,0.152030031,-0.042058695,0.081880566,53293.754413018,54616.960668344,52779.40954835,50781.213245141,0.918983951,0.483239606,1.259674875,-0.521777092,0.987796337,0.044601096,-0.0938671,-0.071759344,-0.004750872,2.256693883,5.262031341,-0.357879918,0.019527907,-0.045956057,-0.002215211,0.998754086,0.454159726,0.890912515,1.374403524,0.0,0.0,0.0,0.86058265,0.0,3.592595703
1772729842.6238558,0.895531,0.526229,1.262189,0.0068132,-0.03006406,-0.00334018,0.99951917,0.013846,-0.06009,-0.0071,-0.51994494,0.910745138,0.055360814,0.059734926,0.149517539,0.064512416,0.00322601,-0.036061291,1.008019528,0.156191141,-0.023299587,0.089669809,53281.84080672,54554.41423528,52878.973258126,50687.606338514,0.916026667,0.488856719,1.260018099,-0.526282254,0.984565477,0.04505654,-0.0892547,-0.07561062,-0.001912912,2.302097432,5.269471762,-0.334540729,0.019932718,-0.046017709,-0.001992324,0.998745789,0.448475357,0.893786913,1.374615826,0.0,0.0,0.0,0.86058265,0.0,3.593036842
1772729842.6338556,0.890158,0.535419,1.262703,0.00799449,-0.02639297,-0.00206578,0.99961754,0.016115,-0.052757,-0.004558,-0.527922162,0.905747814,0.058035118,0.005650151,0.414203703,0.067187697,0.008994789,-0.036564375,1.011228959,0.160815968,-0.009785423,0.08741419,53451.23552181,54621.576298943,52786.37352985,50477.878070567,0.911474247,0.497302891,1.260441432,-0.533251744,0.979827749,0.044960413,-0.083801267,-0.07889069,0.001829382,2.392312179,5.25987539,-0.283011797,0.020739971,-0.045926303,-0.001508747,0.998728632,0.434980931,0.900390409,1.375116615,0.0,0.0,0.0,0.86058265,0.0,3.593477991
1772729842.643855,0.884947,0.544312,1.263433,0.00736094,-0.02321817,-0.001017,0.99970281,0.014781,-0.046424,-0.002378,-0.536098705,0.901900666,0.055630356,-0.023548952,0.470254511,0.076065579,0.00881345,-0.03828537,1.007795184,0.161641268,0.002939976,0.076599674,53407.986562826,54430.174134811,52662.694290572,50741.316532295,0.907252531,0.505103348,1.260888269,-0.539515294,0.974963423,0.045590781,-0.083184582,-0.081199702,0.002620645,2.457562882,5.254400172,-0.244296494,0.021324329,-0.04587226,-0.001146198,0.998718989,0.424019527,0.905639381,1.375521777,0.0,0.0,0.0,0.86058265,0.0,3.593919131
1772729842.653855,0.879524,0.553336,1.26394,0.00460121,-0.02339902,-0.00237842,0.99971279,0.009321,-0.04678,-0.004976,-0.540991619,0.895875116,0.053109919,-0.029845745,0.31262866,0.081838679,0.004021286,-0.039694555,1.005036237,0.129662617,0.036407447,0.055882109,53124.753833242,54378.291164983,52770.313728655,50843.994802931,0.901533587,0.515322231,1.261480118,-0.547840552,0.968424802,0.046220919,-0.087810631,-0.082456309,0.000213206,2.580062851,5.235605184,-0.18790479,0.022414962,-0.04569863,-0.000609416,0.998703457,0.413394244,0.910541288,1.37591184,0.0,0.0,0.0,0.86058265,0.0,3.594360291
1772729842.6638556,0.874158,0.562273,1.264317,0.00689616,-0.02247069,-0.00205459,0.99972161,0.013895,-0.044916,-0.004422,-0.544845741,0.889628432,0.050167181,0.048345671,0.129343752,0.063429068,0.00445703,-0.035125306,1.003601418,0.104139937,0.041062228,0.037853709,53262.630500796,54483.892667794,52422.419595227,50790.822841948,0.894510221,0.527682264,1.262183546,-0.558025643,0.960542445,0.046676249,-0.080365696,-0.084727863,-0.001037257,2.68529119,5.193222712,-0.14331347,0.023350684,-0.045320718,-0.000187523,0.998698086,0.401637435,0.915742311,1.376340378,0.0,0.0,0.0,0.86058265,0.0,3.594821599
1772729842.673856,0.868524,0.571172,1.265021,0.0066841,-0.02089057,-0.00061493,0.99975924,0.013403,-0.041775,-0.00151,-0.551444679,0.8847361,0.0487685,0.20071471,0.026421243,0.100552934,0.000991508,-0.027597123,1.001312329,0.096661442,0.042460696,0.022836921,53205.405349613,54477.166307976,52351.027231202,50791.826884223,0.888246291,0.538604557,1.262842338,-0.56693889,0.953395334,0.04717573,-0.088776281,-0.077549529,-0.00306994,2.753037514,5.153570189,-0.116669786,0.023952377,-0.044969685,6.3163e-05,0.998699909,0.390867827,0.920440151,1.376732041,0.0,0.0,0.0,0.86058265,0.0,3.595373889
1772729842.6838555,0.863023,0.580028,1.265299,0.00810004,-0.02219634,-7.483e-05,0.99972081,0.016216,-0.044394,-0.00051,-0.561816328,0.881791128,0.047394781,0.269312178,-0.025369828,0.128321125,0.014239404,-0.028643391,1.003080341,0.096289858,0.007348769,0.018114707,52967.390379594,54323.394353404,52542.997729251,50908.681565303,0.883541584,0.546555106,1.263390476,-0.573246543,0.94783046,0.04765189,-0.079409149,-0.077217928,-0.003609074,2.803624896,5.122648599,-0.102883939,0.02439921,-0.044697237,0.000196551,0.998701337,0.382404557,0.92397475,1.377037738,0.0,0.0,0.0,0.86058265,0.0,3.595926126
1772729842.6938553,0.857435,0.588759,1.265836,0.0097308,-0.02287286,-0.00024898,0.99969099,0.019489,-0.045743,-0.000944,-0.571902857,0.875332692,0.051454439,0.235783174,-0.125109711,0.093625178,0.013287108,-0.031346872,1.005643595,0.101763758,-0.02052873,0.017058381,52843.337356983,54211.077853282,52587.95026161,51040.06055014,0.879033172,0.554047335,1.263864614,-0.579216245,0.942686286,0.047771416,-0.07520539,-0.082265438,-0.000240281,2.853508669,5.09982985,-0.093356188,0.024838064,-0.044496215,0.000294105,0.998700347,0.371810878,0.928124761,1.377417023,0.0,0.0,0.0,0.86058265,0.0,3.596478377
1772729842.703855,0.851835,0.597355,1.26646,0.010972,-0.02170327,0.00083161,0.9997039,0.021924,-0.043426,0.001188,-0.57969931,0.867051623,0.056180046,0.110574392,-0.303701122,-0.002779647,0.010406979,-0.03457786,1.005740567,0.099208676,-0.061579879,0.007763769,52587.465751938,54540.706041988,52658.064544843,50735.017889321,0.871859694,0.565602813,1.264513926,-0.588339287,0.934502518,0.048166627,-0.082957378,-0.076124821,0.004590395,2.931993011,5.110516085,-0.087690729,0.02552409,-0.044587871,0.000376475,0.998686595,0.361217199,0.932274772,1.377796309,0.0,0.0,0.0,0.86058265,0.0,3.597030627
1772729842.713855,0.845647,0.606228,1.266957,0.01199211,-0.02469713,0.00110065,0.99962244,0.023952,-0.049422,0.00161,-0.587028629,0.859305656,0.059937975,0.032337701,-0.434060521,-0.083320416,0.010277091,-0.037951783,1.004094889,0.08999877,-0.11415234,-0.007690583,52331.588046286,54870.342089837,52728.180499772,50429.967955537,0.864686045,0.577158567,1.265163253,-0.597462546,0.926318555,0.048561847,-0.080126906,-0.087446917,-0.002260182,3.022695858,5.151412947,-0.090779374,0.026312663,-0.044944704,0.000394178,0.998653244,0.350623267,0.936424881,1.378175604,0.0,0.0,0.0,0.86058265,0.0,3.597582891
1772729842.723855,0.839797,0.614775,1.267505,0.00988488,-0.02676184,-0.00043545,0.99959287,0.019815,-0.053519,-0.001402,-0.595315952,0.851725268,0.065874441,-0.056224743,-0.557324984,-0.155179732,0.009855518,-0.037804203,1.00422446,0.08242047,-0.151956394,-0.021212356,52326.398379297,54600.544111881,52697.992811397,50745.214873873,0.859215054,0.585796276,1.265645841,-0.604266634,0.920013487,0.048574289,-0.081378294,-0.090735161,-0.002712716,3.065265702,5.169463384,-0.100065562,0.026679685,-0.045104012,0.000334142,0.998628788,0.346064717,0.938210666,1.378338814,0.0,0.0,0.0,0.86058265,0.0,3.598135155
1772729842.7338552,0.833874,0.623126,1.268308,0.01055832,-0.03056961,-0.00162817,0.99947555,0.021246,-0.061111,-0.003907,-0.601075243,0.845958693,0.062028225,-0.05909603,-0.545164582,-0.217919183,0.009474612,-0.028147101,1.008845462,0.081785339,-0.145376273,-0.027922164,52234.629887932,54750.747150209,52704.802077822,50576.269178972,0.853902735,0.593995783,1.266144472,-0.610708633,0.913715852,0.048552959,-0.083365366,-0.085035099,0.001057866,3.117345114,5.228109875,-0.112888673,0.027127351,-0.045617961,0.000256838,0.998595337,0.338455421,0.940931286,1.378608199,0.0,0.0,0.0,0.86058265,0.0,3.598687432
1772729842.743855,0.828019,0.631476,1.268929,0.0101945,-0.03293578,-0.00202848,0.99940342,0.020556,-0.065838,-0.004736,-0.604524081,0.84033431,0.056822335,0.035945578,-0.411715624,-0.176718708,0.013440903,-0.02935076,1.006919063,0.092928715,-0.157714457,-0.031053373,52364.561250798,54886.630934078,52476.242732455,50391.45559051,0.848320404,0.602343921,1.266664701,-0.617784052,0.907407682,0.048848153,-0.080047753,-0.082768712,0.002330369,3.170012303,5.293862607,-0.130140756,0.027578056,-0.046194971,0.000143352,0.99855612,0.323400628,0.9462495,1.379140419,0.0,0.0,0.0,0.86058265,0.0,3.599239683
1772729842.7538548,0.821765,0.639996,1.269453,0.01041706,-0.03423594,-0.00310417,0.99935467,0.021084,-0.068416,-0.006934,-0.60902424,0.836431237,0.050593191,0.158097258,-0.038135102,-0.060299642,0.008593187,-0.027681107,1.01067976,0.116204829,-0.157890007,-0.031868393,52433.405091859,54731.719854518,52373.520544624,50500.048904225,0.843260748,0.609721699,1.267118161,-0.624394913,0.901901291,0.049222535,-0.084241485,-0.086394953,0.000507345,3.219610891,5.355406558,-0.146970461,0.028002066,-0.046735304,3.1836e-05,0.99852009,0.314735316,0.949133834,1.379444812,0.0,0.0,0.0,0.86058265,0.0,3.599791933
1772729842.7638545,0.815613,0.648308,1.269988,0.01159317,-0.03535181,-0.00399678,0.99929969,0.023513,-0.07062,-0.00883,-0.619061371,0.834076553,0.046690721,0.219030697,0.280148625,0.057153284,0.011425085,-0.032522199,1.003591082,0.098557336,-0.121182647,-0.026064638,52407.718016729,54503.130585501,52328.444844203,50710.242065733,0.838138715,0.617094141,1.26761474,-0.630992748,0.896105514,0.049689209,-0.080017089,-0.092973639,-0.002730605,3.280637369,5.429613117,-0.166149738,0.028524183,-0.047386652,-9.1793e-05,0.998478251,0.305235308,0.952160417,1.379777176,0.0,0.0,0.0,0.86058265,0.0,3.59964396
1772729842.7738543,0.809416,0.656673,1.270199,0.01309359,-0.03089804,-0.00309877,0.99943197,0.026417,-0.061719,-0.007017,-0.626196324,0.826925556,0.048140431,0.195757088,0.496175998,0.096688404,0.014339777,-0.034761322,0.996371601,0.081466491,-0.08156229,-0.021667553,52401.659978728,54291.099255485,52154.413934372,50949.809932114,0.831161789,0.626939402,1.26839767,-0.639882958,0.88779912,0.050600942,-0.07823751,-0.094572143,-0.010572989,3.361262242,5.483689113,-0.185759427,0.029217177,-0.047862862,-0.00021552,0.998432501,0.2957353,0.955187001,1.38010954,0.0,0.0,0.0,0.86058265,0.0,3.599072218
1772729842.7838535,0.803212,0.66487,1.270777,0.01473335,-0.02980231,-0.00071521,0.99944697,0.02955,-0.059586,-0.002312,-0.633556276,0.817990718,0.053911182,0.166317862,0.425995412,0.076228988,0.012176377,-0.014199441,0.995276273,0.097874563,-0.04520925,-0.029398451,52275.931035326,54294.614888155,52206.819850874,50910.077667767,0.82486705,0.635687047,1.269048681,-0.64784302,0.880472641,0.050500227,-0.077642051,-0.082420233,-0.007612972,3.420129184,5.518952181,-0.203575016,0.02972165,-0.048174816,-0.000336972,0.998399263,0.286169876,0.958167462,1.38044355,0.0,0.0,0.0,0.86058265,0.0,3.598500503
1772729842.793854,0.796775,0.673047,1.271358,0.01458375,-0.02466618,-0.00122711,0.99958861,0.029256,-0.049296,-0.003177,-0.638243829,0.807959512,0.058330106,0.051135645,0.04222046,-0.007179121,0.008663521,-0.016942139,0.992036061,0.110293505,-0.022098856,-0.013916507,53103.117493473,53975.608355091,51476.600522193,51093.702349869,0.818029677,0.644968053,1.269682358,-0.656576614,0.872830645,0.049825457,-0.079263308,-0.07502872,-0.007457299,3.484503945,5.55012118,-0.226317187,0.03027203,-0.048452567,-0.000499778,0.998372792,0.275606985,0.961257771,1.380810443,0.0,0.0,0.0,0.86058265,0.0,3.59792872
1772729842.8038535,0.790323,0.680996,1.272109,0.01401802,-0.02674236,-0.00161353,0.99954276,0.028153,-0.05344,-0.003981,-0.648867033,0.802241305,0.059412197,-0.027056418,-0.360319335,-0.111324381,0.007885313,-0.01397525,0.992290682,0.12303299,-0.003342775,-0.011375236,53019.378051088,54153.386376537,51593.860170293,50967.278524125,0.810767878,0.654689739,1.270202234,-0.665610232,0.864764658,0.048479363,-0.081783757,-0.076627906,-0.010655744,3.557529302,5.53708869,-0.240920786,0.030902486,-0.048343273,-0.000599686,0.998353059,0.264069771,0.964491347,1.381209828,0.0,0.0,0.0,0.86058265,0.0,3.597356992
1772729842.8138535,0.783827,0.688969,1.2727,0.0147317,-0.02955636,-0.00297946,0.99945011,0.029679,-0.059027,-0.006838,-0.655640505,0.794347552,0.059793006,-0.024155062,-0.613220957,-0.166821837,0.015672261,-0.006378198,0.998513312,0.141540599,0.004065035,-0.028477067,52875.868383992,54130.830096233,51670.825900716,51192.959101044,0.803028575,0.664789213,1.270778473,-0.674849449,0.856112501,0.046993038,-0.074567488,-0.065447873,-0.00408999,3.655007113,5.510185542,-0.250765006,0.031748454,-0.048112138,-0.000651921,0.998337188,0.251006499,0.967983654,1.381660627,0.0,0.0,0.0,0.86058265,0.0,3.596785236
1772729842.8238535,0.777223,0.696973,1.27316,0.01417795,-0.03565281,-0.00400645,0.99925563,0.028697,-0.071199,-0.009041,-0.661505681,0.788395565,0.054445215,0.009469891,-0.675378795,-0.138561387,0.010953617,-0.016322836,1.004130875,0.154579088,0.002870916,-0.036204912,52641.238717841,54325.160269928,51937.557008295,50933.885983411,0.795127942,0.674963113,1.271425007,-0.68418812,0.847185476,0.045819175,-0.084522356,-0.078391248,-0.002874006,3.755799245,5.482263703,-0.265814353,0.032621181,-0.047873719,-0.000748645,0.998321053,0.240168617,0.97068001,1.382032899,0.0,0.0,0.0,0.86058265,0.0,3.59621348
1772729842.8338535,0.77066,0.704754,1.273661,0.01355428,-0.04077008,-0.00500334,0.99906409,0.027586,-0.081418,-0.01114,-0.666715729,0.78119247,0.051022601,0.066673225,-0.589080105,-0.048699787,0.018475763,-0.031729636,1.012059045,0.157985636,-0.002516086,-0.010357551,52684.06395373,54132.644280781,51981.81870761,50961.369991262,0.788185356,0.683550459,1.272103729,-0.692321075,0.839056663,0.046103565,-0.079984603,-0.098960731,0.006295859,3.844148814,5.459495633,-0.28166174,0.033385056,-0.047680546,-0.00085647,0.998304889,0.229833884,0.973223476,1.38238767,0.0,0.0,0.0,0.86058265,0.0,3.595641725
1772729842.8438528,0.763759,0.712653,1.274176,0.01548815,-0.03822892,-0.00413845,0.9991404,0.031363,-0.076338,-0.009482,-0.673026147,0.774373971,0.051303876,0.17138243,-0.195995381,-0.026699406,0.016867785,-0.029627332,1.007923191,0.156769721,0.009492303,-0.022254916,52703.410030661,53890.894954874,51864.875491393,51239.409357849,0.782580496,0.690353389,1.272622218,-0.698819785,0.832454223,0.046620994,-0.07709171,-0.102602808,-0.001578189,3.921353019,5.441610908,-0.292822626,0.034053651,-0.047528644,-0.000926981,0.998288745,0.221535026,0.975152328,1.38267168,0.0,0.0,0.0,0.86058265,0.0,3.59507001
1772729842.8538527,0.757216,0.720189,1.274821,0.01638378,-0.03843856,-0.00382539,0.99911932,0.033136,-0.076759,-0.00893,-0.679087885,0.765365648,0.052331674,0.22326684,0.054330423,-0.021110865,0.010908738,-0.02832241,1.009555553,0.159901099,-0.015395407,-0.021980004,52748.158475985,54153.741678761,51727.405042243,50959.630789785,0.776417264,0.697556293,1.273121618,-0.705797296,0.825195778,0.046878581,-0.086399117,-0.097268661,0.000213986,3.996199282,5.425139922,-0.301996652,0.034702495,-0.047388547,-0.000980912,0.998272059,0.210855015,0.977512624,1.383036285,0.0,0.0,0.0,0.86058265,0.0,3.594721556
1772729842.8638525,0.75029,0.727905,1.275183,0.01639517,-0.04111351,-0.00433059,0.99901057,0.033232,-0.082096,-0.010035,-0.688527444,0.758807561,0.050327068,0.255753676,0.122841199,-0.07102646,0.016016629,-0.030527784,1.004544766,0.162336599,-0.031556596,-0.022276219,52792.905854423,54416.582135889,51589.937870647,50679.858892168,0.770254179,0.704759026,1.273621006,-0.71277464,0.817937506,0.047136161,-0.079320339,-0.101805742,-0.000530524,4.071648819,5.410595532,-0.311674339,0.035356315,-0.047265419,-0.001038418,0.998259037,0.204179064,0.978924586,1.383263714,0.0,0.0,0.0,0.86058265,0.0,3.594721556
1772729842.8738525,0.743385,0.73541,1.275729,0.01821127,-0.03898396,-0.00480677,0.99906231,0.036883,-0.077798,-0.011058,-0.697166438,0.752406642,0.046546334,0.195537384,-0.086559409,-0.132568921,0.01837765,-0.028570108,0.998298807,0.158821979,-0.056727416,-0.025782001,52273.609852371,54419.32224254,52100.078542438,50606.60425494,0.764090947,0.71196193,1.274120406,-0.71975215,0.81067906,0.047393748,-0.076385526,-0.105050706,-0.003606704,4.15081033,5.407862127,-0.324442015,0.036040759,-0.047246323,-0.001117853,0.998234556,0.201992214,0.979387105,1.383338213,0.0,0.0,0.0,0.86058265,0.0,3.594721556
1772729842.8838522,0.736404,0.742935,1.276315,0.02092878,-0.03626989,-0.00596187,0.99910507,0.042376,-0.072288,-0.013467,-0.703600244,0.744300652,0.044715893,0.102310543,-0.281816222,-0.126942129,0.017511568,-0.022771109,0.995366437,0.143009569,-0.100686608,-0.031883625,51942.374026283,54902.876731878,52275.833531545,50101.030653505,0.757927862,0.719164663,1.274619794,-0.726729494,0.803420788,0.047651329,-0.078749525,-0.106643336,-0.009664092,4.265441404,5.420676578,-0.342920235,0.03703115,-0.047365026,-0.001227338,0.998196008,0.188989668,0.981933338,1.38377985,0.0,0.0,0.0,0.86058265,0.0,3.594721556
1772729842.8938522,0.729286,0.750312,1.276584,0.01932561,-0.04074825,-0.00612286,0.99896377,0.03925,-0.081265,-0.013854,-0.713365657,0.737810377,0.042993767,0.062658862,-0.167473836,-0.08409811,0.015832661,-0.026040761,0.99417483,0.111160566,-0.137807868,-0.038849797,52093.123916811,54781.619584055,52147.185441941,50297.060369728,0.746472966,0.731628216,1.275418425,-0.738567979,0.788769217,0.045887795,-0.081113582,-0.108236004,-0.015721625,4.387452088,5.488720916,-0.377737019,0.038076285,-0.04797075,-0.001456868,0.99812332,0.173064225,0.984908174,1.384319942,0.0,0.0,0.0,0.86058265,0.0,3.594721556
1772729842.9038522,0.721998,0.75773,1.276991,0.01996829,-0.04327107,-0.00702478,0.99883909,0.040661,-0.086268,-0.015821,-0.71798464,0.728675151,0.043778499,0.040559024,-0.041700508,-0.034153976,0.014360815,-0.030450332,0.991801526,0.043025172,-0.099143436,-0.04455299,51477.69508221,54256.555177011,52546.535476226,51241.244482299,0.733698425,0.74540368,1.276291678,-0.751618703,0.772273934,0.04362023,-0.081862918,-0.108363584,-0.018309984,4.554387391,5.615501734,-0.438193538,0.039498776,-0.049097731,-0.001869775,0.998012829,0.150594991,0.988547265,1.385078666,0.0,0.0,0.0,0.86058265,0.0,3.594721556
1772729842.913852,0.714976,0.76488,1.277484,0.01934923,-0.04477472,-0.00693558,0.99878563,0.03944,-0.089291,-0.01565,-0.724473127,0.721510537,0.042144038,0.033970417,0.110869771,-0.009124448,0.015297656,-0.022733437,0.996293904,0.022747893,-0.064431086,-0.047609687,52007.664099815,53952.478896579,52052.242616239,51737.98625597,0.721764282,0.757814713,1.277033958,-0.764167822,0.75734797,0.041577759,-0.077700508,-0.104034588,-0.010345584,4.601852593,5.67722479,-0.486800366,0.039888059,-0.049652898,-0.002251253,0.997968783,0.134948968,0.990804366,1.385605613,0.0,0.0,0.0,0.86058265,0.0,3.594721556
1772729842.923852,0.7077,0.772056,1.277984,0.02003905,-0.04032052,-0.00563533,0.99896994,0.040634,-0.080419,-0.012917,-0.730703047,0.713079895,0.043055441,0.091277241,0.324948188,-0.004519282,0.015445639,-0.012611101,0.993213322,0.03737991,-0.046086146,-0.046797436,51706.898761549,54372.293689798,52360.874778848,51312.026931394,0.712316321,0.767319911,1.277592935,-0.774268352,0.745889486,0.040034099,-0.081444047,-0.096711824,-0.014510214,4.6185204,5.695599487,-0.522346493,0.040016774,-0.049825658,-0.00254711,0.997952869,0.121218088,0.992618132,1.386067306,0.0,0.0,0.0,0.86058265,0.0,3.594721556
1772729842.9338517,0.700207,0.779209,1.278317,0.02134362,-0.03543442,-0.00673239,0.99912138,0.043248,-0.070578,-0.015003,-0.738034173,0.705448342,0.043432404,0.161790142,0.494121831,-0.014723677,0.015378897,-0.006197431,0.989382052,0.061903552,0.00201343,-0.04506066,52283.590996526,54200.297149091,51804.845970543,51591.44242198,0.705970926,0.773538695,1.277986017,-0.78097233,0.738445369,0.038993795,-0.084052888,-0.085732918,-0.018725099,4.637931333,5.701070513,-0.549084242,0.040173869,-0.049883115,-0.002769582,0.99794368,0.113013241,0.993592415,1.386342717,0.0,0.0,0.0,0.86058265,0.0,3.594486837
1772729842.9438512,0.692931,0.786188,1.278801,0.02219424,-0.03624767,-0.00665231,0.99907421,0.044962,-0.072196,-0.014941,-0.744337268,0.696555346,0.040653846,0.156304236,0.385846323,-0.026732656,0.022045998,-0.023955628,0.982944675,0.094957872,0.019389564,-0.035614741,52314.626756261,54444.385024871,51826.293044768,51423.903743782,0.697834192,0.781320009,1.278426057,-0.789541281,0.729219634,0.037252286,-0.075779045,-0.099636875,-0.022655336,4.67279812,5.684262516,-0.577184062,0.040466326,-0.049747512,-0.003005144,0.997936444,0.101583993,0.994820103,1.386725899,0.0,0.0,0.0,0.86058265,0.0,3.593978872
1772729842.9538515,0.685395,0.793136,1.27913,0.02257537,-0.03459989,-0.00692191,0.99912226,0.045714,-0.068881,-0.015431,-0.751065033,0.688534495,0.038361905,0.158141868,0.21920902,-0.049701603,0.017955406,-0.028977338,0.992642488,0.121490846,0.048141906,-0.032609358,52463.166015904,54505.45912464,51808.158063659,51372.945172435,0.691383666,0.787401949,1.278795095,-0.796087914,0.721841223,0.035821148,-0.081831634,-0.109683928,-0.017066813,4.720816801,5.654031798,-0.598213726,0.040877279,-0.049493011,-0.003178374,0.997932279,0.092863726,0.995676959,1.387018035,0.0,0.0,0.0,0.86058265,0.0,3.593470871
1772729842.9638517,0.677824,0.799953,1.279578,0.02335855,-0.03445595,-0.00681196,0.99910999,0.047274,-0.068586,-0.015258,-0.75742547,0.679660905,0.037454737,0.136816488,0.056573622,-0.036179713,0.019756299,-0.032823685,0.991837242,0.157856008,0.059667781,-0.03096697,52575.663406146,54680.272684521,51780.434244868,51262.356979943,0.684417478,0.793765302,1.27915114,-0.803082243,0.713957528,0.034238566,-0.075791721,-0.113227096,-0.016747237,4.786456676,5.618185281,-0.614901181,0.041444011,-0.049188701,-0.003308498,0.997924427,0.083102034,0.996540252,1.38734465,0.0,0.0,0.0,0.86058265,0.0,3.59296287
1772729842.973852,0.670224,0.806717,1.27991,0.02405967,-0.03312821,-0.00671914,0.99913888,0.048648,-0.065924,-0.015054,-0.76451254,0.670924902,0.037539721,0.1409785,-0.032178993,-0.013918926,0.02401995,-0.036613305,0.986750595,0.198079135,0.064359173,-0.029662808,52798.442895981,54616.342624115,51572.499057043,51422.560875848,0.677451291,0.800128656,1.279507185,-0.810076571,0.706073832,0.032655985,-0.076299957,-0.113015907,-0.014430684,4.878935782,5.574470623,-0.63098844,0.04224534,-0.048816622,-0.003425239,0.997910118,0.074411758,0.997222577,1.387635184,0.0,0.0,0.0,0.86058265,0.0,3.592454869
1772729842.9838529,0.662665,0.813352,1.280275,0.02491295,-0.03437813,-0.00728286,0.99907179,0.05042,-0.068383,-0.016304,-0.773506915,0.664269631,0.034818739,0.162256372,-0.084648449,-0.009979897,0.024628603,-0.02917225,0.987388979,0.206324128,0.062275175,-0.031438719,52766.031852473,54798.330031243,51611.23429602,51376.712616526,0.669307084,0.807337095,1.279890322,-0.817951961,0.696761888,0.030946895,-0.078884214,-0.111983381,-0.011437445,4.995823351,5.522876177,-0.647906417,0.043259506,-0.048377199,-0.00354252,0.997887285,0.065123292,0.997786787,1.387945393,0.0,0.0,0.0,0.86058265,0.0,3.591946832
1772729842.9938529,0.654801,0.819999,1.280603,0.02560174,-0.03375706,-0.0070805,0.99907701,0.051774,-0.06714,-0.015913,-0.779814419,0.656262825,0.032344806,0.17838084,-0.12575572,0.015511548,0.023521181,-0.01645943,0.990715143,0.199554544,0.057010447,-0.034660473,52660.706269926,54833.741679065,51796.821296493,51419.550860786,0.661987461,0.813633937,1.280217309,-0.824803672,0.688230166,0.029645272,-0.074414175,-0.108989919,-0.015209069,5.109883962,5.469416812,-0.663952756,0.044249664,-0.047921388,-0.003654988,0.997865282,0.0557469,0.998333381,1.388258495,0.0,0.0,0.0,0.86058265,0.0,3.591438844
1772729843.0038536,0.64687,0.826529,1.280965,0.02660601,-0.03509362,-0.00685681,0.99900628,0.053797,-0.069809,-0.015606,-0.78639364,0.647692343,0.029508983,0.187883459,-0.034063137,0.030853438,0.021568546,-0.001882382,0.991882823,0.167553541,0.051182903,-0.037979757,52350.148404152,54580.80264783,52094.668999588,51832.40870187,0.654667314,0.819931229,1.280544319,-0.831655873,0.679697834,0.028343557,-0.071713253,-0.101803982,-0.013410523,5.20949291,5.421807953,-0.679778051,0.045113776,-0.047516222,-0.003770071,0.997845442,0.046369837,0.998880015,1.388571618,0.0,0.0,0.0,0.86058265,0.0,3.590930818
1772729843.0138535,0.639102,0.832913,1.281273,0.02749112,-0.03693452,-0.00702372,0.99891478,0.05562,-0.073469,-0.016107,-0.794036169,0.639506787,0.028491383,0.187219203,0.030573762,0.038289295,0.021783766,-0.000300192,0.995040897,0.123972632,0.039651322,-0.043598948,52268.627340699,54739.757705613,52147.986519362,51821.171610311,0.648101596,0.825367175,1.280829322,-0.837806564,0.672075665,0.027220971,-0.06978437,-0.093354229,-0.009648939,5.300261129,5.378592125,-0.697942429,0.045899736,-0.047150165,-0.003908095,0.997825603,0.03696426,0.99930536,1.388885477,0.0,0.0,0.0,0.86058265,0.0,3.59042283
1772729843.0238535,0.631073,0.839354,1.281434,0.0283891,-0.0354439,-0.00615525,0.9989494,0.057329,-0.070522,-0.014346,-0.798990758,0.630668939,0.027357077,0.158186238,0.068003208,0.009783148,0.020052098,-0.011806986,0.999247471,0.080147579,0.032128229,-0.044163154,52117.911505412,54493.557303872,52366.103225086,52169.409440911,0.640712466,0.831404846,1.281133313,-0.844463485,0.663275219,0.026042011,-0.070052797,-0.095845515,-0.008239098,5.368303706,5.339738522,-0.717315544,0.046487098,-0.046822014,-0.004064714,0.997812586,0.027798877,0.999601429,1.389191128,0.0,0.0,0.0,0.86058265,0.0,3.589914841
1772729843.0338535,0.62311,0.845525,1.281732,0.02921318,-0.03314045,-0.00629977,0.99900381,0.058948,-0.065894,-0.014555,-0.803304593,0.622035014,0.027020675,0.124783242,0.073626153,-0.033292449,0.0180055,-0.018361881,1.000500689,0.033406929,0.034162669,-0.040679459,52052.367296978,54370.731597164,52534.739933311,52347.405601047,0.632808826,0.837752381,1.281387589,-0.85150747,0.653938477,0.024878928,-0.072570803,-0.109538103,-0.009236941,5.418667975,5.296527521,-0.742839661,0.046918497,-0.046458001,-0.004284304,0.997805598,0.016679929,0.999816043,1.38956186,0.0,0.0,0.0,0.86058265,0.0,3.589442968
1772729843.0438535,0.615037,0.851709,1.282058,0.02987483,-0.03273549,-0.00653855,0.99899606,0.060282,-0.06506,-0.015052,-0.809560387,0.613296486,0.026988992,0.071752627,0.063763727,-0.061352688,0.016147547,-0.020918206,1.008070261,0.006339415,0.048580294,-0.043680272,52354.469254984,54047.010519412,52297.222402938,52809.769596013,0.621689422,0.846432112,1.281745417,-0.86111468,0.640558631,0.023705666,-0.07447653,-0.115836285,-0.00236508,5.437714596,5.239263038,-0.767540906,0.047078781,-0.045970248,-0.004515515,0.997817178,0.003553216,0.999991892,1.389999532,0.0,0.0,0.0,0.86058265,0.0,3.589442968
1772729843.0538535,0.606801,0.857871,1.282332,0.02980151,-0.03475715,-0.00709624,0.99892615,0.060212,-0.069072,-0.016288,-0.817472652,0.604666058,0.027012924,0.018593297,0.065582768,-0.062997252,0.018095449,-0.022545056,1.01983827,-0.000706389,0.057017516,-0.032106987,52094.383050847,54254.879661017,52599.045762712,52596.477118644,0.613073771,0.852978362,1.28205403,-0.868419188,0.630278472,0.023433255,-0.076006205,-0.117592929,0.009340242,5.443059244,5.186934561,-0.786442862,0.04712185,-0.045522561,-0.00469972,0.997835585,-0.007038207,0.999973252,1.390352568,0.0,0.0,0.0,0.86058265,0.0,3.589442968
1772729843.063854,0.598744,0.863817,1.28258,0.02965638,-0.03486878,-0.00780752,0.99892127,0.059973,-0.069255,-0.01771,-0.823651951,0.596133241,0.025800918,-0.056206667,-0.018738594,-0.048197254,0.026034746,-0.029067348,1.015286217,-0.006850158,0.033571664,-0.021790057,51839.116876858,54391.303558519,52860.629528476,52413.323238814,0.604375818,0.859443618,1.282351106,-0.875814901,0.620054174,0.024094895,-0.064236278,-0.125676219,0.006229599,5.440437684,5.137473432,-0.801973955,0.047096773,-0.045098148,-0.004856604,0.997856434,-0.017628089,0.999840165,1.390705607,0.0,0.0,0.0,0.86058265,0.0,3.589442968
1772729843.073854,0.590416,0.869772,1.282826,0.02977144,-0.03340651,-0.00749853,0.99897019,0.060151,-0.066346,-0.017009,-0.830539992,0.588349415,0.02438122,-0.111086632,-0.054527337,-0.012757435,0.022209427,0.002251201,1.011944605,0.008230987,0.04651339,-0.025588624,52167.548833718,54304.013400428,52512.34741027,52497.993299786,0.594487111,0.866628258,1.282672085,-0.883872112,0.608347848,0.02532395,-0.069374878,-0.095255644,0.007210896,5.434551862,5.089125449,-0.815469768,0.04704407,-0.044682433,-0.004996559,0.99787771,-0.029828942,0.999544255,1.391112394,0.0,0.0,0.0,0.86058265,0.0,3.589442968
1772729843.0838544,0.582091,0.875549,1.283072,0.0289176,-0.03363915,-0.00756385,0.99898697,0.058449,-0.066822,-0.017097,-0.837277352,0.579831711,0.024527879,-0.131348779,-0.012331413,-0.005048151,0.025639888,0.001297637,1.012428783,0.015363988,0.045741468,-0.032775618,52274.162224509,54385.027806367,52457.70525606,52361.175923626,0.586733331,0.872113807,1.282914345,-0.890092779,0.599378208,0.025783259,-0.064414363,-0.09346024,0.006098959,5.43494034,5.049509176,-0.825309221,0.047046832,-0.044341515,-0.00509858,0.997891613,-0.03956271,0.999206683,1.391437047,0.0,0.0,0.0,0.86058265,0.0,3.589442968
1772729843.093854,0.573605,0.881358,1.283304,0.0282573,-0.03228801,-0.00727763,0.99905257,0.057079,-0.064148,-0.016401,-0.843958555,0.571429255,0.026452201,-0.107004894,0.058944962,-0.018508089,0.019933197,-0.005942178,1.012917935,0.03752358,0.057500531,-0.011329948,52275.153544532,54582.893695152,52511.913819215,52100.279973445,0.580431262,0.876484199,1.283106171,-0.89507459,0.592140822,0.026050339,-0.068184478,-0.103677561,0.00159087,5.439494713,5.013286764,-0.834682167,0.047085824,-0.044030143,-0.005193529,0.997903124,-0.046841547,0.99890122,1.391679899,0.0,0.0,0.0,0.86058265,0.0,3.589442968
1772729843.103854,0.565207,0.887031,1.283574,0.02719305,-0.03566114,-0.00768929,0.99896431,0.055044,-0.07089,-0.017347,-0.85059916,0.562892553,0.029101698,-0.029787935,0.047826277,-0.036543456,0.02173274,-0.011430055,1.013543846,0.049858313,0.043181154,-0.002039517,52333.933321204,54743.218047849,52532.456745201,51859.441553716,0.573296672,0.881349315,1.283313274,-0.900688441,0.584183711,0.026222322,-0.068144102,-0.105520914,0.00762731,5.451088851,4.975762576,-0.840345413,0.047187676,-0.043706232,-0.005254063,0.997913546,-0.055236213,0.998467344,1.391960036,0.0,0.0,0.0,0.86058265,0.0,3.589442968
1772729843.113854,0.556697,0.892598,1.283918,0.02767508,-0.03437266,-0.0080305,0.99899355,0.056006,-0.068285,-0.01799,-0.853768297,0.552509987,0.031522544,0.075683909,0.056171007,-0.057133933,0.024624407,-0.01506434,1.015806353,0.083601817,0.043214705,-0.002404616,53061.153897935,54768.399872646,51808.288510871,51815.94567452,0.566915464,0.885630836,1.28350859,-0.905543686,0.577083504,0.026507665,-0.064784531,-0.109931581,0.009202804,5.471840909,4.939262998,-0.840119096,0.047371463,-0.043389243,-0.005259466,0.9979195,-0.063052343,0.997998321,1.392221061,0.0,0.0,0.0,0.86058265,0.0,3.589442968
1772729843.123854,0.548054,0.898118,1.284196,0.02832833,-0.03191733,-0.00840467,0.99905363,0.057286,-0.06334,-0.01864,-0.85991739,0.543237911,0.033005257,0.19526042,0.15272124,-0.042072132,0.027185016,-0.018114551,1.019693952,0.125855937,0.06064827,-0.003134958,52999.26840139,54840.407091827,51840.772891132,51733.852198991,0.559431572,0.89056467,1.28376544,-0.911153083,0.568742485,0.027151632,-0.06106989,-0.113561667,0.007681911,5.496310486,4.910542393,-0.838286282,0.047587599,-0.043139503,-0.005246313,0.99792038,-0.071576651,0.997422513,1.392505898,0.0,0.0,0.0,0.86058265,0.0,3.589442968
1772729843.133854,0.539475,0.903443,1.284569,0.0295544,-0.03092264,-0.00852676,0.99904836,0.059728,-0.061321,-0.018902,-0.864861101,0.533245963,0.032439891,0.20105552,0.136020277,-0.042568784,0.030563329,-0.026204784,1.017200936,0.135478866,0.080780367,0.007539923,52631.293350456,54722.312513551,52260.670091229,51708.492102937,0.54951565,0.896844483,1.284134609,-0.918348975,0.557637342,0.028334945,-0.058552497,-0.113794145,0.005099453,5.563994542,4.860797596,-0.837388614,0.048181414,-0.042709036,-0.005234209,0.997907458,-0.083512848,0.996462462,1.3929051,0.0,0.0,0.0,0.86058265,0.0,3.589442968
1772729843.143854,0.530796,0.90874,1.284903,0.03114523,-0.03252292,-0.00827506,0.99895133,0.062936,-0.064507,-0.018598,-0.871455202,0.525134883,0.030686335,0.156576361,0.092009136,-0.028407766,0.025636402,-0.012332534,1.008906032,0.135414539,0.048929695,0.003002504,52597.401645618,54566.961347111,52333.85982177,51728.398556667,0.538358696,0.903793217,1.284557297,-0.926338161,0.545116956,0.029752998,-0.056035103,-0.114026624,0.002516996,5.683279923,4.773122055,-0.825788352,0.04923158,-0.041946,-0.005126938,0.997896074,-0.097906116,0.995189114,1.393386757,0.0,0.0,0.0,0.86058265,0.0,3.589442968
1772729843.153854,0.522088,0.913944,1.285196,0.03172332,-0.03142796,-0.00841878,0.99896699,0.064078,-0.062297,-0.018852,-0.877823836,0.51732427,0.030236509,0.091111791,0.009678357,-0.001112169,0.033569401,0.00401259,1.008417768,0.145721718,0.055995599,0.00119675,53015.21768925,54369.412261867,51881.474028051,51951.761158573,0.528100801,0.910123905,1.284943135,-0.933573324,0.533596074,0.030791074,-0.053517709,-0.114259103,-6.5462e-05,5.753861833,4.712267818,-0.817235156,0.049854242,-0.041415521,-0.005053375,0.997885224,-0.10746092,0.994204296,1.393706917,0.0,0.0,0.0,0.86058265,0.0,3.589442968
1772729843.1638536,0.513177,0.919122,1.285475,0.03212056,-0.02986582,-0.00823034,0.99900379,0.064828,-0.059178,-0.018396,-0.885783226,0.509791551,0.030844824,0.046789247,-0.011179169,0.038611091,0.031247166,-0.005834059,1.006656541,0.135872331,0.064183812,0.011913679,52866.499955579,54145.331916082,52081.448401467,52176.849056364,0.520746703,0.91449089,1.285209891,-0.938458574,0.525327132,0.030773571,-0.051000376,-0.114491576,-0.002647858,5.805564813,4.676787641,-0.812653414,0.050308967,-0.041106832,-0.005010556,0.997874741,-0.115751643,0.99327508,1.393985032,0.0,0.0,0.0,0.86058265,0.0,3.589442968
1772729843.1738536,0.504397,0.924139,1.285743,0.0305749,-0.03257049,-0.00894673,0.99896161,0.061837,-0.064571,-0.019909,-0.895300504,0.502920954,0.032418057,0.067998271,0.075755534,0.066854558,0.028236487,-0.01649245,1.005868149,0.122617161,0.070980951,0.022751405,52804.749400312,54172.480867104,52256.053419807,52063.462260918,0.515959926,0.917270535,1.285371063,-0.941657788,0.520042072,0.030609524,-0.054046497,-0.115704157,0.001144974,5.84688382,4.648679491,-0.809355898,0.050672197,-0.040862427,-0.004979551,0.997866515,-0.121531452,0.992575099,1.39417908,0.0,0.0,0.0,0.86058265,0.0,3.589442968
1772729843.1838531,0.495355,0.929148,1.286107,0.03204651,-0.03091866,-0.00791137,0.99897671,0.064683,-0.061305,-0.017823,-0.90051535,0.493822887,0.034846498,0.13257695,0.145181186,0.075002407,0.026706336,-0.016676971,1.01295616,0.097305056,0.067209213,0.026664563,52739.318994082,54387.230487828,52424.056769646,51752.538200762,0.510373125,0.920487375,1.285555063,-0.945327555,0.513832909,0.030438005,-0.059671406,-0.117377185,0.007923441,5.897376197,4.607051318,-0.798478731,0.051119026,-0.04049727,-0.00488563,0.997859293,-0.127470244,0.991837193,1.394378548,0.0,0.0,0.0,0.86058265,0.0,3.589442968
1772729843.1938531,0.486314,0.93403,1.28652,0.03308869,-0.02935331,-0.00696894,0.99899698,0.066682,-0.058219,-0.015894,-0.903289556,0.483384377,0.036013127,0.198120962,0.193476001,0.06420285,0.028860876,-0.014868608,1.014054862,0.10731633,0.041005458,0.024974134,52657.563825647,54521.274372446,52524.898676785,51598.289025102,0.502987578,0.924674963,1.28579383,-0.950066387,0.505553168,0.030332151,-0.052884315,-0.118104517,0.00661677,5.939979216,4.565021875,-0.784130511,0.051498335,-0.040126659,-0.004764706,0.997854445,-0.135652584,0.990754078,1.394653719,0.0,0.0,0.0,0.86058265,0.0,3.589442968
1772729843.2038531,0.477215,0.938832,1.286857,0.03394586,-0.02987902,-0.00661086,0.99895506,0.068389,-0.059281,-0.015264,-0.905403447,0.472300178,0.037348695,0.221601285,0.198322199,0.033153767,0.02810854,-0.016936658,1.014336073,0.090769294,0.03292201,0.023159262,52544.395576793,53906.751312055,52454.204027038,52427.830566277,0.495722725,0.928698831,1.286056576,-0.954822266,0.497469501,0.030885781,-0.05397221,-0.1223945,0.006327251,5.977499197,4.527366741,-0.769656863,0.051833015,-0.039793792,-0.004642721,0.997851719,-0.144031954,0.989564467,1.394935793,0.0,0.0,0.0,0.86058265,0.0,3.589442968
1772729843.2138526,0.468125,0.943535,1.287251,0.03592193,-0.02693184,-0.00681973,0.99896836,0.072303,-0.053343,-0.015583,-0.909485735,0.462164349,0.037595782,0.18848264,0.143317167,0.005744085,0.029058405,-0.021725253,1.013999692,0.063876252,0.033652621,0.022093523,52588.076088954,53961.566072413,52491.889174784,52203.432641059,0.487998636,0.932879608,1.286371835,-0.959793325,0.488855671,0.031763035,-0.053311793,-0.124964885,0.007781113,6.01973024,4.495295924,-0.757456268,0.052207419,-0.03951069,-0.004536558,0.997843443,-0.152002277,0.98836801,1.395204453,0.0,0.0,0.0,0.86058265,0.0,3.589442968
1772729843.223853,0.459182,0.94804,1.28757,0.03605272,-0.02714476,-0.00715421,0.99895554,0.072587,-0.053743,-0.016275,-0.913567596,0.452603598,0.036531465,0.096998227,0.022135922,-0.009898325,0.031314949,-0.020076644,1.012866588,0.042984825,0.03253461,0.019179576,52137.678860659,53821.024893694,52904.512596423,52309.354024659,0.479779696,0.937235227,1.286701361,-0.965018239,0.47970542,0.032631502,-0.05164159,-0.122026446,0.008356857,6.049597055,4.464492152,-0.744994638,0.052474094,-0.039237941,-0.004431981,0.997840617,-0.161102211,0.986924837,1.395511594,0.0,0.0,0.0,0.86058265,0.0,3.589442968
1772729843.233853,0.449989,0.952498,1.287931,0.03608792,-0.02667529,-0.00710568,0.99896727,0.072645,-0.052807,-0.016145,-0.919632598,0.443994887,0.036082047,0.005949405,0.003866257,0.033385137,0.023483023,0.002831471,1.012418932,0.019213406,0.054414202,0.012701842,52369.19512569,53536.540236051,52690.090358676,52523.877835684,0.470488905,0.942053827,1.28708293,-0.970729254,0.469359873,0.033461511,-0.055163457,-0.104568355,0.006357983,6.070249423,4.425339716,-0.730594952,0.052661729,-0.0388912,-0.004317682,0.99784316,-0.165952787,0.986133695,1.395675421,0.0,0.0,0.0,0.86058265,0.0,3.589442968
1772729843.243853,0.440678,0.956931,1.288387,0.03629937,-0.02884314,-0.00678183,0.99890161,0.073095,-0.057162,-0.015669,-0.927610772,0.436796201,0.036824841,-0.030067456,0.028870036,0.058971793,0.02112659,0.00923345,1.011882706,0.021397554,0.095675488,0.017532797,52578.224555735,53609.310177706,52471.327948304,52423.785137318,0.461896487,0.946405644,1.287425772,-0.975646312,0.459636738,0.033940625,-0.056513247,-0.096290422,0.004084013,6.0753631,4.373435523,-0.717567155,0.052714436,-0.03843343,-0.004226598,0.997855654,-0.171135327,0.985235138,1.395850733,0.0,0.0,0.0,0.86058265,0.0,3.589453421
1772729843.253853,0.431326,0.961294,1.288695,0.03608666,-0.02803094,-0.00630509,0.99893557,0.072626,-0.055576,-0.014643,-0.935293413,0.430906996,0.037502367,0.002985436,-0.043044328,0.058426462,0.025458165,-0.005080364,1.012098255,0.029761777,0.119656427,0.032418106,52840.764671046,53559.517578335,52401.200172284,52232.917922903,0.452514526,0.951022656,1.287792531,-0.980876341,0.449013217,0.034349181,-0.051876166,-0.106942945,0.003082323,6.080441471,4.306843885,-0.703632785,0.052768045,-0.037847335,-0.004134489,0.997876236,-0.180991826,0.983472087,1.396184493,0.0,0.0,0.0,0.86058265,0.0,3.590052361
1772729843.2638528,0.421977,0.965545,1.289029,0.03594338,-0.02670278,-0.00577302,0.99898033,0.072286,-0.052961,-0.013473,-0.943898841,0.421439815,0.037249414,0.072051198,0.106172365,-0.001495143,0.025908784,-0.008227898,1.013046824,0.036514904,0.129147394,0.04487602,52925.101550672,53384.280818461,52420.101550672,52241.648162591,0.443126263,0.955514063,1.288192772,-0.986167043,0.438603287,0.034875076,-0.046171545,-0.11471079,0.005512059,6.09382899,4.22056654,-0.675194797,0.052899927,-0.037083378,-0.003922589,0.9978975,-0.196252069,0.980502708,1.396702709,0.0,0.0,0.0,0.86058265,0.0,3.590651286
1772729843.2738528,0.412588,0.969679,1.289431,0.03546956,-0.02597224,-0.00568869,0.99901701,0.07132,-0.051513,-0.013227,-0.948817902,0.410304645,0.035704541,0.124075294,0.218316944,-0.079459707,0.028961786,-0.008330306,1.014683489,0.056807616,0.123040685,0.046875388,52688.168221903,53380.847774815,52748.527327728,52112.007126743,0.433413379,0.960050563,1.288585401,-0.991587591,0.428064688,0.0353553,-0.042703943,-0.121516735,0.00472879,6.111236482,4.15256909,-0.643308165,0.053066298,-0.036477075,-0.003671025,0.997923122,-0.210913363,0.977492377,1.397201601,0.0,0.0,0.0,0.86058265,0.0,3.591250225
1772729843.2838528,0.403,0.973814,1.289847,0.03800575,-0.02571565,-0.00682774,0.99892325,0.076454,-0.050879,-0.015616,-0.954808234,0.400098458,0.035978822,0.152198906,0.316787112,-0.094173252,0.032014789,-0.008432714,1.016320154,0.077100329,0.116933976,0.048874757,52838.822947312,53650.365940091,52694.839328698,51658.22419096,0.418976729,0.966583718,1.289134109,-0.999227249,0.412564501,0.036010508,-0.041070874,-0.117790691,0.008832738,6.155740936,4.044513449,-0.589800092,0.053476734,-0.035512224,-0.003242294,0.997948991,-0.224709958,0.974425673,1.397672772,0.0,0.0,0.0,0.86058265,0.0,3.591849165
1772729843.2938533,0.393481,0.977749,1.290197,0.038787,-0.02647643,-0.00713984,0.99887116,0.078051,-0.052363,-0.016341,-0.955289431,0.389419486,0.03835872,0.135921146,0.26159791,-0.084800309,0.030921672,-0.002710849,1.008937594,0.128464791,0.071153198,0.057176795,52855.70093194,54027.822366563,52774.733408642,51029.85738492,0.406136318,0.972170204,1.289662532,-1.005786807,0.39890534,0.037119058,-0.038122998,-0.110412108,0.006725642,6.200247513,3.936452655,-0.536289467,0.05388719,-0.034547326,-0.002813542,0.997965075,-0.22956968,0.97327896,1.397839212,0.0,0.0,0.0,0.86058265,0.0,3.592448133
1772729843.303853,0.38377,0.98143,1.290495,0.03873614,-0.01973545,-0.00785587,0.99902368,0.077844,-0.038834,-0.017239,-0.9560236,0.378654557,0.040638636,0.097466281,0.234625617,-0.028920455,0.031418105,0.003416099,1.004517989,0.181551073,0.05418429,0.052752185,52957.722526763,53757.261745544,52652.209310335,51316.918204517,0.394078355,0.977225628,1.290149968,-1.011776448,0.386153382,0.03770238,-0.035176606,-0.103258114,0.003925165,6.257703966,3.842648264,-0.485819557,0.054408457,-0.033708131,-0.002400954,0.99795003,-0.241798474,0.970316399,1.398258596,0.0,0.0,0.0,0.86058265,0.0,3.593047058
1772729843.3138535,0.374325,0.985297,1.290918,0.039359,-0.02111264,-0.00740116,0.99897465,0.079101,-0.041611,-0.016464,-0.954115537,0.367948175,0.042971564,0.064129412,0.124019174,0.070259564,0.033660777,-0.011217949,1.003917939,0.201876727,0.072393827,0.052477211,53314.614464606,53879.149966477,52306.030430175,51211.818846378,0.382920858,0.981610197,1.290545711,-1.017116905,0.374113895,0.036959627,-0.031397171,-0.120826677,-0.002809996,6.358078071,3.796299138,-0.450639256,0.055295234,-0.033289617,-0.002087594,0.997914792,-0.261889368,0.965083147,1.398950738,0.0,0.0,0.0,0.86058265,0.0,3.593646026
1772729843.3238533,0.364754,0.988968,1.291434,0.039225,-0.02085776,-0.00591891,0.99899515,0.078766,-0.041221,-0.013474,-0.949770137,0.356409994,0.044026052,0.046769772,0.004322613,0.133314529,0.026872705,-0.017919318,1.002200633,0.211377619,0.093445625,0.058022015,53792.911945836,54029.658378916,52016.481352561,50799.670810542,0.374069535,0.985095597,1.290895409,-1.020966891,0.36462587,0.036789044,-0.037888182,-0.131586399,-0.007018977,6.458663379,3.740684146,-0.419244271,0.056182928,-0.032791738,-0.001812381,0.99788477,-0.263409883,0.96468401,1.399003148,0.0,0.0,0.0,0.86058265,0.0,3.594244952
1772729843.3338532,0.355434,0.992399,1.291899,0.03927724,-0.02276671,-0.00642549,0.99894829,0.078926,-0.044996,-0.014641,-0.951967283,0.346322863,0.044980598,0.101880109,-0.168544873,0.144468041,0.028631961,-0.013854096,1.003924686,0.206274639,0.110066043,0.052690363,53444.764028612,54154.799104923,52298.047986077,50737.100447539,0.366264638,0.988084617,1.291257009,-1.024202912,0.356192459,0.036528537,-0.036213039,-0.128471156,-0.003327933,6.570424044,3.67448527,-0.38144595,0.05716993,-0.032198205,-0.001484437,0.997854812,-0.273960563,0.961631674,1.399369261,0.0,0.0,0.0,0.86058265,0.0,3.594721556
1772729843.3438528,0.345628,0.995827,1.292342,0.04048766,-0.02189063,-0.00495625,0.99892792,0.081271,-0.043347,-0.011686,-0.960058239,0.336383246,0.044371216,0.140675077,-0.223836168,0.161500432,0.034688766,-0.013865516,1.007193154,0.185660658,0.128031741,0.037942299,53361.205938092,53969.956411876,52205.347958422,51094.517774077,0.356332625,0.991778879,1.291731803,-1.027849336,0.344980613,0.036405695,-0.028595458,-0.133099145,-0.003527605,6.676093641,3.598246423,-0.347387189,0.058102886,-0.03151848,-0.001196934,0.997814782,-0.288604355,0.957395192,1.399877407,0.0,0.0,0.0,0.86058265,0.0,3.594721556
1772729843.3538527,0.336178,0.999139,1.292717,0.04133594,-0.02433307,-0.00401045,0.99884091,0.082963,-0.048297,-0.010035,-0.972027364,0.326762802,0.041097067,0.181605855,-0.10526861,0.138966598,0.034263638,-0.017690932,1.009809692,0.130412288,0.116584803,0.030219154,52935.586346366,53523.831505086,52648.501317563,51556.128600319,0.344756824,0.995887946,1.292271225,-1.0322852,0.331843318,0.036262482,-0.027280993,-0.138698839,0.001544464,6.787241302,3.500903566,-0.314835241,0.059083503,-0.030655268,-0.000933303,0.997783198,-0.300843927,0.953668947,1.400303888,0.0,0.0,0.0,0.86058265,0.0,3.594721556
1772729843.3638527,0.326527,1.002313,1.29308,0.04194862,-0.02355201,-0.00425754,0.99883306,0.084191,-0.046709,-0.010493,-0.979103673,0.319266738,0.038908234,0.217300809,-0.077291393,0.120539942,0.028729927,-0.01927048,0.99904778,0.081743294,0.094852205,0.020187518,52955.572872789,53116.188289806,52642.213984836,51932.727042965,0.332833437,0.999966929,1.292776507,-1.036331459,0.317913978,0.036563047,-0.029306199,-0.140328691,-0.009399278,6.872281481,3.393284928,-0.283674739,0.05983631,-0.02970267,-0.000695501,0.997765544,-0.303015922,0.952979291,1.400379843,0.0,0.0,0.0,0.86058265,0.0,3.594721556
1772729843.3738537,0.316417,1.005526,1.293578,0.04293669,-0.02519427,-0.00332112,0.99875455,0.086148,-0.050061,-0.008809,-0.985424211,0.311027958,0.037797666,0.1974777,0.110088969,0.107335806,0.02943625,0.003581704,1.01211219,0.054647642,0.070235235,0.013373441,52639.432415421,53231.546588738,52911.99343599,51863.58464651,0.322505006,1.003339268,1.293207063,-1.03994355,0.305952524,0.036383402,-0.029465981,-0.132475406,-0.00327016,6.913691832,3.318545254,-0.261518423,0.060205264,-0.029040535,-0.000531165,0.99776234,-0.313172269,0.949688857,1.400735674,0.0,0.0,0.0,0.86058265,0.0,3.594721556
1772729843.383854,0.306493,1.008615,1.293938,0.04397276,-0.02265691,-0.00208277,0.99877361,0.088136,-0.04509,-0.006159,-0.989264366,0.300774821,0.039672551,0.141184344,0.261962405,0.080756829,0.027928402,0.001790025,1.006662152,0.040283059,0.064264197,0.009728934,52461.745038793,53188.021150744,53007.264025811,51965.188103347,0.314770372,1.005786569,1.293548271,-1.042956298,0.297261101,0.036244104,-0.029625751,-0.124622683,0.00285852,6.935248297,3.285627793,-0.251488303,0.060396641,-0.028748737,-0.000455748,0.997763884,-0.318885169,0.947784425,1.400936407,0.0,0.0,0.0,0.86058265,0.0,3.594721556
1772729843.393854,0.296712,1.011565,1.294241,0.04520335,-0.02283534,-0.00240712,0.99871388,0.090618,-0.04541,-0.00688,-0.995339275,0.290328754,0.040182323,0.105240877,0.360319987,0.056915601,0.02642059,-1.611e-06,1.001212243,0.02591882,0.058293302,0.006084514,52050.939274832,53045.178885105,53356.851675928,52116.622384964,0.309077674,1.007542092,1.293778608,-1.045122652,0.290830321,0.036637912,-0.029679334,-0.116979182,0.008796264,6.952758514,3.26469478,-0.24490696,0.06055147,-0.028563069,-0.000405119,0.997766639,-0.325633753,0.945483012,1.401174124,0.0,0.0,0.0,0.86058265,0.0,3.594721556
1772729843.403854,0.286928,1.01435,1.294683,0.0452222,-0.02074637,-0.00217982,0.99875912,0.090624,-0.041256,-0.006236,-0.993846111,0.278595312,0.041129138,0.071927984,0.290003201,0.021730931,0.027731888,-0.000234232,0.997525915,0.011258088,0.054133724,-0.002692202,52167.770850152,53028.786934112,53130.575482829,52250.661305347,0.300106009,1.010252468,1.294113171,-1.048275086,0.280689145,0.036613537,-0.023131794,-0.12233074,0.00287315,6.960485504,3.186568116,-0.233240346,0.060624208,-0.027876673,-0.000343012,0.997769393,-0.334810025,0.942271854,1.401498229,0.0,0.0,0.0,0.86058265,0.0,3.594721556
1772729843.4138536,0.276822,1.017116,1.295104,0.04481657,-0.01612228,-0.00160405,0.99886384,0.08975,-0.03207,-0.004652,-0.993255026,0.266201847,0.041193454,0.002147848,0.128483109,-0.013502051,0.035462915,-0.004486465,1.002459371,-0.004717905,0.050109276,-0.008348341,51696.990584807,53655.6143974,53499.800907894,51721.912124863,0.286514094,1.014187081,1.294640128,-1.052477578,0.265260073,0.03549262,-0.01658441,-0.12768217,-0.003049823,6.954247791,3.12705112,-0.231276058,0.060572289,-0.027357386,-0.000358938,0.997786234,-0.346930914,0.937881462,1.401927925,0.0,0.0,0.0,0.86058265,0.0,3.594721556
1772729843.4238532,0.26678,1.019718,1.295642,0.0448106,-0.01790572,-0.00146683,0.99883394,0.089747,-0.035646,-0.004538,-0.996329194,0.254706401,0.042936521,-0.064030494,-0.027162916,-0.002620949,0.031109976,0.000169795,1.008323604,0.036492976,0.051055129,0.012096299,52874.876137513,53578.677293984,52551.311678463,51610.994028059,0.274519073,1.017447818,1.295137777,-1.056352258,0.251899177,0.035101129,-0.025109883,-0.124042297,-4.3836e-05,6.944299059,3.07348017,-0.231611977,0.060487285,-0.026891069,-0.000392568,0.997801469,-0.361968433,0.931996031,1.402466254,0.0,0.0,0.0,0.86058265,0.0,3.594721556
1772729843.4338531,0.256826,1.022219,1.2959,0.04542413,-0.01938909,-0.00253636,0.99877639,0.091029,-0.03851,-0.006833,-0.998941939,0.243321483,0.04144293,-0.063748837,-0.103424916,-0.004271496,0.027875972,-0.005089308,1.000595471,0.067226111,0.100985607,-0.019905736,52835.080626985,53429.789212171,52453.977922344,51851.64081549,0.259326011,1.021250757,1.295800572,-1.060942925,0.234894361,0.035174335,-0.020226464,-0.126137367,-0.001185685,6.986645136,2.97882536,-0.220114805,0.060861594,-0.026060904,-0.000332975,0.997812315,-0.377712451,0.9257688,1.403030666,0.0,0.0,0.0,0.86058265,0.0,3.594721556
1772729843.4438536,0.24702,1.024581,1.296403,0.04497527,-0.02057129,-0.00226045,0.99877372,0.09013,-0.0409,-0.006371,-0.998749282,0.2318239,0.039863694,-0.018953456,-0.146622417,-0.039205673,0.027875129,-0.014107866,1.00944383,0.100737073,0.120266151,-0.011303543,52629.335460866,53563.922018185,52615.676305937,51742.952433589,0.240596547,1.025715925,1.296539885,-1.066107152,0.213841101,0.034892236,-0.015342811,-0.128232538,-0.002327588,7.029088434,2.844084361,-0.21848766,0.061235624,-0.024886924,-0.000381198,0.99781236,-0.397016907,0.917758458,1.403727417,0.0,0.0,0.0,0.86058265,0.0,3.594721556
1772729843.4538536,0.23692,1.02685,1.296742,0.04355664,-0.02128119,-0.00195202,0.99882237,0.087283,-0.042355,-0.005759,-1.002877336,0.222108098,0.040250349,0.000151365,-0.01434996,-0.044234897,0.031927867,-0.006466747,1.007325477,0.116476047,0.149526347,-0.021469699,52950.703239358,53409.05796055,52158.245200039,51949.961797237,0.22606135,1.028928536,1.297144143,-1.069958059,0.197417804,0.035494099,-0.010459392,-0.130327608,-0.003469436,7.095464909,2.721984789,-0.21289849,0.061818379,-0.023820966,-0.000384147,0.997803657,-0.412669183,0.910875434,1.404297377,0.0,0.0,0.0,0.86058265,0.0,3.594721556
1772729843.463854,0.226842,1.029003,1.297211,0.04407507,-0.01849974,-0.00208389,0.99885475,0.088301,-0.036782,-0.005798,-1.011718894,0.214540861,0.041078186,0.064713825,0.088411492,-0.008676465,0.039562393,0.001508736,1.008219194,0.087696511,0.140558775,-0.038155027,52397.991362764,53403.111324376,52555.642034549,52093.368522073,0.212401526,1.031661666,1.297661578,-1.07351424,0.182221081,0.035438227,-0.00557574,-0.132422778,-0.004611339,7.166914525,2.594113976,-0.21475769,0.062443842,-0.022708821,-0.000455245,0.997791566,-0.41838463,0.908227485,1.404507363,0.0,0.0,0.0,0.86058265,0.0,3.594721556
1772729843.473854,0.216656,1.031093,1.297522,0.04578926,-0.01898429,-0.00314283,0.99876577,0.091779,-0.037643,-0.008022,-1.025421005,0.204563249,0.040589549,0.139834528,0.269790938,-0.046352183,0.033506416,-0.001415978,1.004787461,0.062731139,0.127752654,-0.03106214,52281.455524813,53317.967386825,52651.374933773,52177.673044093,0.199503187,1.034118599,1.29819866,-1.076849844,0.168077755,0.035395761,-0.007923026,-0.130726426,-0.005883714,7.218933622,2.477979706,-0.224766554,0.062898197,-0.021703313,-0.000595849,0.997783023,-0.436478743,0.899700724,1.40517418,0.0,0.0,0.0,0.86058265,0.0,3.594721556
1772729843.4838543,0.206505,1.033102,1.298022,0.0460408,-0.01734608,-0.00312492,0.99878406,0.092263,-0.034369,-0.007844,-1.033837835,0.19403041,0.03809821,0.186220748,0.496947961,-0.126107382,0.031937137,0.007338912,1.005747371,0.033318755,0.140660754,-0.020969835,52609.63735296,53099.057620935,52296.703717683,52443.242624395,0.190522243,1.035732305,1.298546567,-1.079142205,0.158212048,0.035160341,-0.012257436,-0.12537775,-0.005069167,7.245667351,2.403412694,-0.231535651,0.06313187,-0.021057911,-0.000690869,0.997781853,-0.444142914,0.89594337,1.40545872,0.0,0.0,0.0,0.86058265,0.0,3.594721556
1772729843.4938548,0.195985,1.035084,1.298422,0.04623703,-0.01503091,-0.00256112,0.99881412,0.092615,-0.029794,-0.006509,-1.035682243,0.183127447,0.039493394,0.166715826,0.553675075,-0.146048751,0.03866153,0.001791382,1.005003238,0.039560308,0.188345447,-0.03662895,52299.741028055,53234.60325739,52542.915872717,52385.580342685,0.182550006,1.037046889,1.298826865,-1.081150168,0.149389335,0.034856277,-0.003459086,-0.123102526,-0.000787369,7.258571158,2.3227445,-0.235229165,0.063245904,-0.020357628,-0.000765238,0.997788099,-0.45092636,0.892555015,1.405711483,0.0,0.0,0.0,0.86058265,0.0,3.594721556
1772729843.503854,0.185653,1.036821,1.298765,0.04842815,-0.01489711,-0.00305649,0.99871089,0.097017,-0.029464,-0.007551,-1.032893098,0.171413101,0.039886732,0.099973443,0.51003321,-0.125599787,0.035553338,-0.002987144,1.005052675,0.025342209,0.15225181,-0.026846609,52040.922978401,53358.847431643,52790.071452136,52283.445518232,0.172909995,1.038513657,1.29915825,-1.083377819,0.138598129,0.034630349,-0.003213514,-0.133265202,-0.006160265,7.268028899,2.22587697,-0.240913759,0.063330095,-0.019517372,-0.000866666,0.997798254,-0.458335856,0.888776283,1.405988738,0.0,0.0,0.0,0.86058265,0.0,3.594721556
1772729843.5138545,0.175113,1.038349,1.299072,0.04821394,-0.00536841,-0.00552351,0.99880733,0.096527,-0.010192,-0.011552,-1.02826046,0.160000774,0.042490017,0.046571229,0.361892168,-0.077559733,0.035130829,-0.003667979,1.005719668,0.01364523,0.11508527,-0.029057195,52276.928316864,53226.741697716,52597.30155516,52369.966304876,0.163793539,1.039891994,1.299545728,-1.084739271,0.12840573,0.034571617,-0.002376209,-0.130490166,-0.001497703,7.273582327,2.122609423,-0.245722909,0.06338064,-0.018620872,-0.000964765,0.997811389,-0.467157901,0.884171488,1.40632042,0.0,0.0,0.0,0.86058265,0.0,3.594721556
1772729843.5238547,0.165139,1.039978,1.299591,0.04797137,-0.00574971,-0.00516997,0.99881878,0.096042,-0.01099,-0.01088,-1.025706165,0.149689245,0.04348353,0.027484713,0.10763129,-0.016005755,0.036632091,-0.00945267,1.004489742,0.010106533,0.102356044,-0.035434313,52052.250054044,53187.534140391,52613.77369445,52549.043389642,0.15194078,1.041550254,1.300086291,-1.086262781,0.115150102,0.034832958,0.001981455,-0.134792875,-0.004414639,7.271916832,2.024271757,-0.252970625,0.063367847,-0.017768578,-0.001082583,0.99782888,-0.477766187,0.878431262,1.406722489,0.0,0.0,0.0,0.86058265,0.0,3.594721556
1772729843.5338552,0.154929,1.04145,1.300112,0.04808771,-0.0097414,-0.00421179,0.99878673,0.096307,-0.019055,-0.009352,-1.019799302,0.138681232,0.045648315,-0.021070076,-0.078758959,0.055887346,0.039620948,-0.001346659,1.015274519,0.008565979,0.115525825,-0.039835444,51924.015332909,53189.490672977,52598.81453345,52640.14708456,0.140584842,1.042991816,1.300565751,-1.087599646,0.102468762,0.034989253,0.003868859,-0.127923839,0.009719113,7.26676232,1.951671491,-0.264639696,0.063323311,-0.017142791,-0.00122516,0.997842935,-0.487398067,0.873169095,1.40708834,0.0,0.0,0.0,0.86058265,0.0,3.594721556
1772729843.5438554,0.144744,1.042762,1.300481,0.04815512,-0.00940039,-0.00376751,0.99878853,0.09643,-0.018416,-0.008433,-1.023795499,0.129857389,0.043882831,0.010415436,-0.189325017,0.104189876,0.041034038,0.000768684,1.014200242,0.009900678,0.10064727,-0.036478117,51998.832355013,53330.149829772,52405.462432496,52540.9469946,0.131160403,1.044094757,1.30096684,-1.088862299,0.092066174,0.035429043,0.008659337,-0.126764659,0.008299789,7.260621205,1.868707881,-0.279628347,0.063270123,-0.016428564,-0.001402462,0.99785765,-0.494981995,0.868896883,1.407378443,0.0,0.0,0.0,0.86058265,0.0,3.594721556
1772729843.553856,0.134295,1.044036,1.300967,0.04796423,-0.01119831,-0.00333425,0.99878071,0.096057,-0.022051,-0.007737,-1.02947064,0.119185564,0.039944094,0.023624719,-0.188340515,0.10400561,0.034607933,0.015097297,1.010065273,0.001917893,0.096913053,-0.044400071,51951.289095011,53333.518726498,52302.238255202,52598.061669591,0.119057115,1.045353755,1.301434939,-1.090081185,0.078535644,0.036260418,0.003152402,-0.117861449,0.000633486,7.25665791,1.779217097,-0.297757384,0.06323582,-0.015659234,-0.001610351,0.997872291,-0.505283397,0.862941158,1.407775115,0.0,0.0,0.0,0.86058265,0.0,3.594721556
1772729843.563856,0.123977,1.04515,1.301305,0.04839887,-0.01019577,-0.00313449,0.99877113,0.096914,-0.020064,-0.00725,-1.038418337,0.108365235,0.03642789,0.012548606,-0.062670675,0.027378318,0.034500729,0.012456055,1.011069502,0.026061733,0.111901912,-0.050115748,51873.787990841,53130.71227241,52357.598388657,52804.750437732,0.110753578,1.046140854,1.301738859,-1.090806395,0.06933507,0.036483205,0.002401054,-0.113015207,0.004824848,7.253103838,1.722481125,-0.31307054,0.063204615,-0.015173566,-0.001775515,0.997881466,-0.511213124,0.859453976,1.408004403,0.0,0.0,0.0,0.86058265,0.0,3.594721556
1772729843.5738564,0.113887,1.046109,1.301694,0.0481657,-0.00955608,-0.0035056,0.99878749,0.096448,-0.018752,-0.007925,-1.03910845,0.09704578,0.033764873,0.058114047,-0.074500432,-0.027256263,0.037271451,0.00797902,1.010311063,0.031191536,0.107937105,-0.048234001,51564.609824785,53130.198687417,52692.455804386,52777.530433079,0.105496848,1.046622259,1.301903086,-1.091570559,0.063753484,0.036408194,0.007706877,-0.119045667,0.005698172,7.250661954,1.672067588,-0.327349259,0.063183115,-0.014742396,-0.001928024,0.997888962,-0.511213124,0.859453976,1.408004403,0.0,0.0,0.0,0.86058265,0.0,3.594721556
1772729843.583856,0.103113,1.047161,1.301955,0.0495208,-0.0100479,-0.00358102,0.99871613,0.099168,-0.019717,-0.00815,-1.039766299,0.087148607,0.038563013,-0.036580139,0.129515542,-0.069415252,0.040229512,0.003409353,1.008589253,0.025992047,0.096167038,-0.04365153,51786.677427962,52853.502001067,52494.73065635,53016.054028815,0.096971069,1.047320529,1.302200108,-1.092519913,0.054553718,0.036542299,0.010594804,-0.124545527,0.003881687,7.252853316,1.612635795,-0.341599673,0.063202371,-0.014232746,-0.00208466,0.997895439,-0.514603276,0.857414382,1.408136317,0.0,0.0,0.0,0.86058265,0.0,3.594721556
1772729843.593856,0.092831,1.047918,1.302385,0.04706875,-0.0099384,-0.0033728,0.99883652,0.094252,-0.019537,-0.007675,-1.040413036,0.076806794,0.042036248,-0.132051137,0.458058398,-0.108969065,0.036701482,0.005440747,1.004688216,0.013604485,0.108593597,-0.049945932,51663.633054911,53984.606247927,52417.799203932,51992.512438561,0.084127248,1.048239119,1.302689776,-1.093714389,0.040682797,0.036796048,0.009713209,-0.122052237,-0.004338963,7.252424411,1.519949537,-0.361369211,0.063199427,-0.013436501,-0.002308059,0.997906172,-0.531148996,0.847226353,1.408784019,0.0,0.0,0.0,0.86058265,0.0,3.594721556
1772729843.6038558,0.082377,1.048652,1.302815,0.0485522,-0.01089677,-0.00448271,0.99875115,0.097256,-0.021333,-0.010015,-1.042503481,0.065818575,0.044418185,-0.144339802,0.593896348,-0.148146512,0.036863474,0.002801535,1.009648733,0.023078369,0.133038027,-0.058922933,51645.336470715,54301.905125585,52329.047490991,51749.055182058,0.072019064,1.048912641,1.303155053,-1.094259493,0.02741522,0.03662129,0.013318521,-0.122580519,0.001826771,7.256117212,1.430270073,-0.38677895,0.063231896,-0.012669634,-0.002578457,0.997912979,-0.536758423,0.843735993,1.409004211,0.0,0.0,0.0,0.86058265,0.0,3.594721556
1772729843.6138563,0.072141,1.049145,1.3032,0.0484296,-0.00473947,-0.00531543,0.99880121,0.096949,-0.008953,-0.011078,-1.042225139,0.054581462,0.044218438,-0.072638252,0.592885212,-0.154488365,0.03549532,0.002130045,1.01748845,0.025361474,0.15604157,-0.054706562,51938.512805038,54000.625163999,51940.765284702,52059.878719496,0.060709763,1.049500897,1.303780346,-1.094720039,0.015576227,0.037187483,0.010211822,-0.124838271,0.010473248,7.263324133,1.330546248,-0.413291436,0.063295535,-0.011816008,-0.002863716,0.997919376,-0.552191915,0.833700131,1.409617939,0.0,0.0,0.0,0.86058265,0.0,3.594536733
1772729843.623856,0.061613,1.049804,1.303981,0.04363146,0.00504708,-0.00542872,0.9990202,0.087238,0.010558,-0.010407,-1.040060899,0.043350546,0.042555285,0.019345547,0.467492583,-0.139642164,0.034294141,0.001849268,1.005954081,0.080128213,0.118339395,-0.052808478,52041.397731627,53778.493830945,51807.851942678,52247.035328378,0.049079963,1.049895915,1.304173519,-1.095171587,0.003003264,0.037788124,0.01355713,-0.126085679,-0.000473697,7.277638469,1.229623098,-0.434476243,0.063421951,-0.010949208,-0.003102666,0.997920799,-0.561771095,0.827292681,1.410002112,0.0,0.0,0.0,0.86058265,0.0,3.594044082
1772729843.633856,0.05114,1.050113,1.304098,0.04669279,0.00291322,-0.00605338,0.99888671,0.093384,0.006385,-0.011822,-1.042150625,0.033146244,0.039975951,0.151211575,0.157345952,-0.040992786,0.033084463,0.016851651,0.999218205,0.062986181,0.166622919,-0.053101667,51993.435295055,52570.317591781,51669.435215418,53653.87664251,0.037462901,1.050139996,1.304583797,-1.095350731,-0.009609648,0.038091665,0.01135927,-0.110866547,-0.004337388,7.309518178,1.140545083,-0.453343035,0.063701343,-0.010184852,-0.003313535,0.997912966,-0.562869358,0.82652259,1.410046825,0.0,0.0,0.0,0.86058265,0.0,3.593551421
1772729843.6438556,0.040741,1.050352,1.304455,0.04904589,-0.00103879,-0.00682437,0.99877267,0.098143,-0.001406,-0.013734,-1.042117389,0.023351479,0.039967054,0.131392806,-0.017980458,-0.008095804,0.030782245,0.013103428,1.001469352,0.049967764,0.189838485,-0.050221048,51994.771314804,52491.492426535,51557.209556423,53899.036266624,0.023405234,1.050309516,1.305127228,-1.095198525,-0.024586818,0.03705194,0.011795225,-0.119006188,-0.004530374,7.364924067,0.989045593,-0.483024155,0.064187528,-0.008883775,-0.003651981,0.997899233,-0.578213216,0.815763636,1.410671506,0.0,0.0,0.0,0.86058265,0.0,3.593058782
1772729843.653855,0.03035,1.050582,1.304896,0.04947706,-0.00124327,-0.006129,0.99875568,0.099008,-0.001877,-0.012366,-1.044351035,0.014236086,0.037823715,0.121412027,-0.196901157,-0.014796608,0.03045868,0.001273165,1.005714228,0.058472783,0.179432062,-0.046160472,51709.132011196,53591.301191225,51998.104150845,52650.445570334,0.012730735,1.050332987,1.305557048,-1.094956153,-0.036040715,0.036668464,0.014286079,-0.128396409,-0.001733791,7.387453623,0.869024073,-0.500866568,0.064387437,-0.007849352,-0.003873112,0.997887477,-0.590216806,0.807229315,1.411162461,0.0,0.0,0.0,0.86058265,0.0,3.592566144
1772729843.663855,0.019961,1.050643,1.305311,0.04925046,-0.00027774,-0.00607992,0.99876792,0.098542,4.4e-05,-0.012173,-1.04224843,0.003056102,0.037736438,0.061770043,-0.070560918,-0.040767594,0.035094747,-0.000381225,1.007904075,0.063958938,0.168968579,-0.043890446,51582.625107976,53363.327382666,52037.170169882,52961.099049813,0.00354711,1.050276933,1.305920716,-1.094715161,-0.045797729,0.036704257,0.018307632,-0.129535397,0.000932531,7.408696243,0.769986306,-0.513473743,0.064575831,-0.006994744,-0.004037312,0.997880601,-0.597809023,0.801623327,1.411477052,0.0,0.0,0.0,0.86058265,0.0,3.592073482
1772729843.6738544,0.009542,1.050612,1.305769,0.04945293,-0.00107002,-0.00526651,0.998762,0.098956,-0.001617,-0.010626,-1.041634987,-0.00745127,0.041364123,-0.091400808,0.086183399,-0.050716319,0.033447067,0.00631628,1.008478771,0.010976276,0.213057883,-0.044987979,51925.256719417,52817.084484635,51649.325965,53566.366323369,-0.005558518,1.050139141,1.306234403,-1.094407241,-0.05549165,0.036618933,0.021711217,-0.127466527,2.742e-05,7.429261496,0.68664361,-0.524977504,0.064757853,-0.006276225,-0.004183402,0.997872738,-0.604633562,0.796491136,1.411761692,0.0,0.0,0.0,0.86058265,0.0,3.591580855
1772729843.6838543,-0.001025,1.050594,1.306149,0.04715506,0.00376,-0.00808864,0.99884775,0.094283,0.008274,-0.015805,-1.041046175,-0.019832808,0.03914623,-0.037285155,0.073552642,-0.01762928,0.034335575,0.011150681,1.009802915,0.02735631,0.225860658,-0.036073601,52280.720754463,52536.156454651,51394.599712927,53729.223221495,-0.014644911,1.049879375,1.306536646,-1.093823605,-0.065415937,0.036577968,0.025242355,-0.111905144,0.01206887,7.431510081,0.562410803,-0.533537926,0.064782373,-0.005199307,-0.004328048,0.997874166,-0.610363245,0.792121649,1.412001848,0.0,0.0,0.0,0.86058265,0.0,3.591088193
1772729843.6938536,-0.011434,1.050285,1.306367,0.04842939,-0.00051286,-0.00722813,0.99880032,0.096902,-0.000324,-0.014489,-1.04270183,-0.03001011,0.038284225,0.029696783,0.078896277,-0.000522767,0.030554803,0.014599575,1.008825868,-0.004446855,0.269340639,-0.024254356,52168.516216791,52731.079872476,51613.569181722,53369.634899044,-0.023768757,1.049513475,1.306918411,-1.092867513,-0.075604577,0.037246263,0.023366634,-0.114232448,0.006970956,7.428994684,0.429438813,-0.534937673,0.064766104,-0.004042068,-0.004415569,0.997880891,-0.610363245,0.792121649,1.412001848,0.0,0.0,0.0,0.86058265,0.0,3.590595567
1772729843.7038538,-0.021643,1.049851,1.306919,0.04932708,0.00190936,-0.00692924,0.99875682,0.098666,0.004498,-0.013653,-1.04353901,-0.037926843,0.041017036,0.025679535,0.242599624,-0.044808728,0.030202327,0.017785646,1.010587274,0.003310176,0.258523986,-0.00731734,51939.406703076,53332.254017524,51878.135672469,52715.830733566,-0.033253198,1.049073844,1.307304668,-1.091952806,-0.085970533,0.037701147,0.023280604,-0.116426627,0.004006775,7.424840587,0.315043936,-0.530448721,0.064734881,-0.003043199,-0.004441236,0.997885781,-0.625538861,0.780184107,1.412645487,0.0,0.0,0.0,0.86058265,0.0,3.590102893
1772729843.7138531,-0.032123,1.049407,1.307329,0.0486388,0.00023351,-0.00634763,0.99879624,0.097311,0.001084,-0.012658,-1.041428382,-0.048549366,0.042826498,0.025105664,0.400288597,-0.021194243,0.034235808,0.014064119,1.008660898,0.020928856,0.2219713,-0.001774331,51876.238261758,53150.988055479,51943.501276964,52901.491021964,-0.038767039,1.048799508,1.307518425,-1.091377273,-0.091832202,0.037770537,0.028471929,-0.119273624,0.001002569,7.415226932,0.214739655,-0.522686519,0.064655506,-0.00216497,-0.004430526,0.997892681,-0.630106915,0.776492356,1.41284129,0.0,0.0,0.0,0.86058265,0.0,3.589610266
1772729843.723854,-0.042632,1.048956,1.307712,0.05000373,0.00521567,-0.00573927,0.99871892,0.099992,0.010992,-0.010943,-1.038886461,-0.058523774,0.044743302,-0.00041947,0.53093476,0.018991807,0.03997363,0.005559461,1.003157603,0.030121094,0.186863177,-0.005714273,51733.103659303,53255.335510849,52074.092909316,52788.429138027,-0.044913853,1.048482587,1.307761788,-1.090706778,-0.098327813,0.037910077,0.03566669,-0.122416483,-0.002258369,7.410567383,0.115870776,-0.51321511,0.064619024,-0.001298469,-0.004403904,0.997897604,-0.634466302,0.772945872,1.413028636,0.0,0.0,0.0,0.86058265,0.0,3.589442968
1772729843.7338543,-0.05316,1.048414,1.308173,0.0484109,0.00947723,-0.00753549,0.99875412,0.096728,0.019662,-0.014138,-1.039570397,-0.067128075,0.046122888,-0.089201383,0.638551885,-0.015400898,0.039679498,0.000774846,1.002947411,0.051320066,0.11599659,-0.001366872,51511.201938412,53654.821003558,52274.36155073,52358.53993375,-0.05332748,1.048013097,1.308111203,-1.089696039,-0.107093483,0.038301201,0.040092539,-0.134090905,-0.012270262,7.410363092,0.020151891,-0.504845047,0.064621077,-0.000460189,-0.004385023,0.997899485,-0.640733643,0.767756839,1.413299846,0.0,0.0,0.0,0.86058265,0.0,3.589442968
1772729843.7438543,-0.063371,1.047632,1.30873,0.04752,0.01282365,-0.00855157,0.99875136,0.094877,0.026431,-0.015869,-1.03729961,-0.07853403,0.044901791,-0.116128519,0.508076974,-0.00780839,0.039217118,-0.001549435,1.000992,0.06075135,0.041069757,7.4925e-05,51554.083179978,53234.584836216,52308.666543982,52711.023739418,-0.061635977,1.04742267,1.308509997,-1.08808709,-0.115872452,0.038044173,0.039743051,-0.132663387,-0.007985071,7.418007585,-0.065092411,-0.498669146,0.064690898,0.000285338,-0.004379334,0.997896116,-0.646940372,0.762526914,1.413570388,0.0,0.0,0.0,0.86058265,0.0,3.589442968
1772729843.7538545,-0.07361,1.046629,1.309041,0.04858115,0.01251354,-0.00495007,0.99872858,0.097099,0.025479,-0.008675,-1.0345539,-0.089727922,0.047215274,-0.158894986,0.386170969,-0.02033442,0.037238245,-0.002226901,0.996347515,0.077596518,-0.022634712,0.000510872,51392.020823671,53311.151562935,52501.360588072,52603.560546332,-0.071790701,1.046548143,1.308926823,-1.085848477,-0.126935268,0.037719309,0.039896833,-0.131025991,-0.011918593,7.435765883,-0.119279865,-0.491272941,0.064847526,0.000760719,-0.004345622,0.997885465,-0.649213552,0.76060617,1.413669586,0.0,0.0,0.0,0.86058265,0.0,3.589442968
1772729843.7638547,-0.084049,1.045798,1.309556,0.04731964,0.01474118,-0.00578683,0.99875425,0.094534,0.029998,-0.010169,-1.038443007,-0.099534244,0.044368807,-0.114387652,0.091773858,0.02780992,0.03281607,0.005092469,0.994325201,0.082514407,-0.033348148,0.007955531,51179.079602731,53184.936347589,52735.464303184,52737.544990536,-0.081537399,1.045669035,1.30934424,-1.083785736,-0.137245102,0.037012855,0.035241735,-0.126108934,-0.015193714,7.449900555,-0.137529434,-0.488640483,0.064971272,0.000920595,-0.004333135,0.997877398,-0.658545301,0.75247839,1.414082085,0.0,0.0,0.0,0.86058265,0.0,3.589442968
1772729843.7738547,-0.094528,1.044771,1.310041,0.04639819,0.01479763,-0.00676899,0.99879048,0.092659,0.030192,-0.012154,-1.033073848,-0.112924816,0.039064995,0.023411661,-0.099013881,-0.037889439,0.029703861,0.014991012,0.996168231,0.06983837,-0.025286363,0.018340981,51270.359285175,53732.767369872,52749.420934891,52120.490778555,-0.092396416,1.044618013,1.309828519,-1.081738084,-0.148502958,0.035962805,0.029972235,-0.116130396,-0.010540891,7.483915533,-0.128182281,-0.48752897,0.065267112,0.000838549,-0.004318408,0.997859155,-0.669064938,0.743188601,1.414549903,0.0,0.0,0.0,0.86058265,0.0,3.589442968
1772729843.7838547,-0.104756,1.043558,1.310386,0.04629514,0.01477321,-0.00744857,0.99879078,0.092432,0.030205,-0.013518,-1.028063393,-0.126240913,0.036013982,0.120483718,-0.202718423,-0.135870291,0.028385591,0.016474008,0.998895302,0.083116103,-0.031265028,0.013090313,51551.104477612,53947.253731343,52556.082089552,51887.097014925,-0.101465809,1.043619242,1.310194979,-1.079907791,-0.158067883,0.03497675,0.028835759,-0.112369063,-0.008018572,7.502711784,-0.134254848,-0.480424739,0.065430963,0.000894777,-0.004260143,0.997850794,-0.671713948,0.740810633,1.41466856,0.0,0.0,0.0,0.86058265,0.0,3.589442968
1772729843.7938547,-0.115169,1.042317,1.310817,0.04673209,0.01323009,-0.00754192,0.99879137,0.093321,0.027136,-0.013835,-1.026409778,-0.138198325,0.034157181,0.278100028,-0.366142978,-0.126096394,0.031542372,0.016899884,1.001010991,0.062569631,0.019349916,-0.002937534,51467.59046557,53890.075709905,52687.586881198,51959.88673384,-0.10947658,1.042670391,1.310508982,-1.078332484,-0.166550322,0.034203496,0.030101892,-0.115555219,-0.008481685,7.528543525,-0.12168089,-0.47577756,0.065655411,0.000786989,-0.004212672,0.997834772,-0.675957196,0.736884974,1.414861243,0.0,0.0,0.0,0.86058265,0.0,3.589442968
1772729843.8038547,-0.125428,1.04081,1.310924,0.05078025,0.00916288,-0.00715524,0.99864218,0.101484,0.019029,-0.013363,-1.020919019,-0.151247658,0.032487968,0.417846317,-0.493878878,-0.061526108,0.035981816,0.001570188,0.991346559,0.039470507,0.037175475,0.000926937,51449.893595227,53921.532113719,52707.886622578,52018.554073968,-0.117023518,1.041722863,1.310785931,-1.07693005,-0.17457711,0.03350341,0.039124191,-0.126752741,-0.016934109,7.549156074,-0.12762171,-0.472051053,0.065835083,0.000840102,-0.004183793,0.997821456,-0.687013119,0.726639816,1.415363673,0.0,0.0,0.0,0.86058265,0.0,3.589442968
1772729843.8138547,-0.135057,1.039028,1.311315,0.05193694,0.00847107,-0.01059242,0.99855826,0.103747,0.018019,-0.020279,-1.020333102,-0.159868004,0.034384648,0.403296572,-0.407499673,-0.050224218,0.038027356,0.003338795,0.995093606,0.036297935,0.054824951,0.003411432,51636.323495102,54057.103613033,52504.161747551,52016.049217789,-0.123952432,1.040752052,1.310954017,-1.075623627,-0.182184433,0.032574258,0.038263899,-0.126918846,-0.011258663,7.563051743,-0.140412072,-0.469425701,0.065956513,0.000952477,-0.004168392,0.997812662,-0.691810249,0.722066365,1.415584656,0.0,0.0,0.0,0.86058265,0.0,3.589442968
1772729843.8238552,-0.145775,1.037598,1.311775,0.05323151,0.00731956,-0.00857365,0.99851856,0.106393,0.015531,-0.016345,-1.023836893,-0.167000723,0.034905744,0.309480291,-0.272020307,-0.025412639,0.039749788,0.007415963,1.000651544,0.035815539,0.072451496,0.005709732,51661.79386056,53845.632552454,52516.89693028,52251.985234663,-0.128509559,1.040039761,1.31108412,-1.074428025,-0.187403489,0.031922907,0.038288136,-0.127009592,-0.006964554,7.568507825,-0.154381774,-0.468147282,0.066004495,0.001074657,-0.004165356,0.997809387,-0.695251425,0.718754422,1.415743864,0.0,0.0,0.0,0.86058265,0.0,3.589442968
1772729843.8338552,-0.156211,1.03598,1.312069,0.05606972,0.00292515,-0.00801872,0.99839037,0.11215,0.00674,-0.015685,-1.026055,-0.174585287,0.032032937,0.213403586,-0.104757282,0.009585817,0.040167395,0.008697895,0.999011672,0.03861816,0.066189955,0.007922459,51687.263011553,53634.171575129,52529.631505777,52487.910001758,-0.132154309,1.039426931,1.311199607,-1.073275118,-0.191703787,0.031378428,0.042976148,-0.126702976,-0.009954993,7.573963648,-0.168350811,-0.466868923,0.066052475,0.001196831,-0.00416232,0.997806113,-0.697861697,0.716215517,1.415865218,0.0,0.0,0.0,0.86058265,0.0,3.589442968
1772729843.8438551,-0.165999,1.034029,1.312438,0.05560904,0.00517627,-0.01003332,0.99838879,0.111171,0.011452,-0.019461,-1.027928544,-0.182674125,0.030370717,0.100247224,0.077518187,0.057947824,0.040295523,0.009359701,0.995774909,0.04214961,0.054628642,0.010116224,51741.381108474,53248.862405985,52509.43983027,52892.980875196,-0.135799059,1.0388141,1.311315095,-1.072122211,-0.196004086,0.030833949,0.04766416,-0.12639636,-0.012945433,7.578569841,-0.200306071,-0.462328608,0.066093624,0.001477533,-0.004141262,0.997803188,-0.700471969,0.713676612,1.415986572,0.0,0.0,0.0,0.86058265,0.0,3.589442968
1772729843.8538551,-0.176514,1.032222,1.312707,0.05516862,0.00719863,-0.00847175,0.99841516,0.110277,0.01531,-0.016125,-1.026588605,-0.193401874,0.025855794,0.084672967,0.118968735,0.094035508,0.034321695,0.014982667,0.989514733,0.035308851,0.05745425,0.01630446,51921.012358428,52102.26748379,52345.017437234,54038.732685503,-0.143585372,1.037603217,1.311604506,-1.070839034,-0.20444805,0.030400015,0.04210918,-0.118177794,-0.016308507,7.580987414,-0.238535386,-0.456055343,0.066115883,0.001813946,-0.004108715,0.997800902,-0.70504247,0.709148172,1.416201069,0.0,0.0,0.0,0.86058265,0.0,3.589320798
1772729843.8638551,-0.1868,1.030241,1.312846,0.05635651,0.00623409,-0.00782536,0.99836058,0.112679,0.01333,-0.014924,-1.018616725,-0.207802898,0.022980111,0.033434459,0.142943381,0.082582305,0.026629218,0.022612522,0.983909068,0.024115307,0.072495884,0.021109026,51972.847314158,53224.17474479,52418.154429565,52917.53549239,-0.154342864,1.035754526,1.311958315,-1.06798219,-0.216109964,0.028762133,0.033954217,-0.107871857,-0.017998347,7.580587139,-0.27239592,-0.449623304,0.066113416,0.002112511,-0.004072233,0.997800611,-0.711009279,0.703164988,1.416482753,0.0,0.0,0.0,0.86058265,0.0,3.588850343
1772729843.8738549,-0.196922,1.028099,1.313096,0.05709209,0.00699324,-0.00745894,0.99831656,0.114148,0.014815,-0.014096,-1.020740212,-0.215136064,0.027150434,-0.0115478,0.048803032,0.14971611,0.032876328,0.016497745,0.989095358,0.019515406,0.086483353,0.009843702,51960.240794979,53122.809065551,52547.54637378,53143.840306834,-0.166537794,1.033596416,1.312343033,-1.064357983,-0.229329692,0.026536554,0.033065151,-0.108416031,-0.014258164,7.576490246,-0.367696039,-0.42977385,0.066080237,0.002953926,-0.003954238,0.997797327,-0.719798189,0.694168342,1.416902011,0.0,0.0,0.0,0.86058265,0.0,3.5883799
1772729843.883855,-0.2071,1.025908,1.313519,0.05588585,0.00838563,-0.00670318,0.99837945,0.111728,0.017494,-0.01245,-1.023435455,-0.219723112,0.033340844,-0.04804338,-0.044726776,0.18081862,0.037413269,0.002262037,0.996684357,0.027703559,0.044606377,0.011031227,52210.9115897,53567.986414617,52405.396556263,52879.552472224,-0.178500127,1.031456294,1.312704314,-1.06088926,-0.24227041,0.024369047,0.042001487,-0.125807872,-0.00826266,7.573340542,-0.448765615,-0.413459983,0.066054854,0.003669354,-0.003858834,0.997800827,-0.728767037,0.684761703,1.417335272,0.0,0.0,0.0,0.86058265,0.0,3.587909434
1772729843.8938558,-0.21734,1.023636,1.313732,0.05655007,0.00596686,-0.00602416,0.99836376,0.113093,0.012596,-0.011355,-1.018151165,-0.227014067,0.039089451,-0.132114922,0.011014259,0.136542693,0.036562221,0.004119554,0.99607595,0.00212329,0.094955914,0.002024988,52021.601911601,52965.607151521,52639.899519674,53636.073795546,-0.18894904,1.029407956,1.312915964,-1.058419626,-0.253436215,0.022688464,0.045781089,-0.128005281,-0.009736589,7.574501719,-0.496610113,-0.404370661,0.066066031,0.00409116,-0.003807302,0.997798945,-0.729127312,0.684370511,1.417353,0.0,0.0,0.0,0.86058265,0.0,3.587438945
1772729843.9038558,-0.227435,1.021232,1.314073,0.05506125,0.00677905,-0.00481049,0.99844838,0.11012,0.014067,-0.008861,-1.019881586,-0.232298337,0.042611093,-0.196589497,0.157379788,0.122744201,0.030562317,0.022733915,0.995461445,-0.041378356,0.136378107,0.006243027,51776.635883308,53012.132052685,52889.657791448,53693.460448353,-0.198960812,1.027307534,1.313149056,-1.056001065,-0.26431618,0.021626427,0.040152008,-0.113251891,-0.013409476,7.563235995,-0.556950983,-0.397520064,0.065969353,0.004620897,-0.00378193,0.997801522,-0.742442413,0.669908493,1.418008297,0.0,0.0,0.0,0.86058265,0.0,3.58696849
1772729843.913856,-0.23774,1.019074,1.314769,0.0539397,0.00669105,-0.0045319,0.99851149,0.107878,0.013852,-0.008329,-1.012493176,-0.245743377,0.038702504,-0.216646175,0.317863376,0.11269719,0.030952433,0.028388162,0.998639374,-0.034398426,0.11305551,0.010705719,51672.404982321,53758.395416734,53219.120406097,52817.961062778,-0.207093974,1.025539372,1.313405026,-1.054093153,-0.2730731,0.020815409,0.040347601,-0.104272828,-0.007874398,7.541091525,-0.61569067,-0.39064245,0.06577782,0.005137052,-0.003754838,0.99781165,-0.746030876,0.665892846,1.418187799,0.0,0.0,0.0,0.86058265,0.0,3.586498024
1772729843.9238565,-0.247942,1.016583,1.315044,0.0528918,0.01045564,-0.00375363,0.99853846,0.105772,0.021279,-0.006392,-1.00369748,-0.263457458,0.029168792,-0.172797445,0.404643474,0.093712461,0.033237002,0.030038297,1.002462695,-0.015295365,0.076865565,0.014136013,51949.941916932,52959.630580537,52935.429659189,53712.109989583,-0.212887314,1.024237963,1.31355535,-1.052824716,-0.279258789,0.020308555,0.041225886,-0.097348695,-0.002131193,7.519912475,-0.65866515,-0.382645305,0.065594157,0.005516534,-0.00370885,0.997821991,-0.749966053,0.661466542,1.418385206,0.0,0.0,0.0,0.86058265,0.0,3.586027547
1772729843.9338562,-0.257745,1.013763,1.315243,0.05253253,0.01177064,-0.00371661,0.99854292,0.105048,0.0239,-0.006188,-1.000428421,-0.280419654,0.018943647,-0.068996134,0.302306085,0.11139645,0.031975487,0.016192008,1.004388954,-0.019160229,0.085169157,0.011388989,51876.431021176,52619.08032,53036.620404706,54095.639943529,-0.219106859,1.022820103,1.313719809,-1.051431977,-0.285900725,0.019848824,0.044218531,-0.113847421,-0.005400602,7.496087753,-0.707651409,-0.372156078,0.065387404,0.005949851,-0.003644299,0.997833143,-0.755492266,0.655155735,1.41866478,0.0,0.0,0.0,0.86058265,0.0,3.585557104
1772729843.9438567,-0.267818,1.010929,1.315465,0.05202458,0.01470205,-0.00319497,0.99853247,0.104036,0.029698,-0.004853,-0.989995,-0.298346497,0.008216927,0.040459301,0.163046173,0.05256608,0.030290196,0.014201689,1.007364651,-0.031892335,0.091110892,0.016057664,51539.320600439,52897.822634448,53425.722744284,53797.328573753,-0.22829225,1.020644766,1.314000449,-1.049199407,-0.295701462,0.019621997,0.043271443,-0.117363073,-0.001565025,7.466368606,-0.758595811,-0.360594178,0.065129226,0.006400986,-0.003571002,0.997846774,-0.755653143,0.654972017,1.418672919,0.0,0.0,0.0,0.86058265,0.0,3.585086626
1772729843.9538567,-0.277366,1.0076,1.315349,0.0519482,0.01517107,-0.00225285,0.998532,0.103911,0.030536,-0.002924,-0.976994541,-0.31359181,0.004167758,0.101180472,0.035900793,-0.088275304,0.033080425,0.01383538,1.00825881,-0.035974047,0.103258236,0.016850397,51910.010466715,53448.409630807,53033.759479879,53231.340311144,-0.236998419,1.018657155,1.314429845,-1.047319197,-0.304400398,0.020458021,0.047635953,-0.117285939,0.00144361,7.430914702,-0.810276687,-0.348064158,0.064820963,0.006859219,-0.003489135,0.997863648,-0.765920911,0.642883311,1.419201639,0.0,0.0,0.0,0.86058265,0.0,3.584616172
1772729843.9638572,-0.287544,1.004618,1.315355,0.05396913,0.01201398,-0.00284132,0.99846629,0.107946,0.0243,-0.004378,-0.975558137,-0.319786222,0.006325589,0.191274283,-0.091577484,-0.200705037,0.034312778,0.018431025,1.007079325,-0.028646094,0.10319014,0.01020314,52060.598013825,53329.288138318,52865.940521907,53331.732009216,-0.244413444,1.016879547,1.314725517,-1.045638928,-0.311869304,0.0211368,0.048243512,-0.112752704,0.00190344,7.39654114,-0.866031473,-0.333204399,0.064521932,0.007354162,-0.003389065,0.99787975,-0.772030706,0.635565933,1.419519436,0.0,0.0,0.0,0.86058265,0.0,3.584164381
1772729843.9738572,-0.297416,1.001492,1.315559,0.05516266,0.01086915,-0.00349349,0.99841211,0.110325,0.022091,-0.005778,-0.979210005,-0.322888595,0.012570603,0.195408336,-0.063602093,-0.260348668,0.032528796,0.029342688,1.006051611,-0.01851232,0.089898326,0.000972593,51883.891994345,53393.056738315,52995.702128967,53302.182775649,-0.252534576,1.014794187,1.314999413,-1.043422491,-0.320316008,0.021607884,0.047419985,-0.104533535,0.002252694,7.374134207,-0.919386793,-0.320865972,0.064327075,0.007826385,-0.003310109,0.997890286,-0.776763638,0.629775922,1.419768739,0.0,0.0,0.0,0.86058265,0.0,3.584164381
1772729843.9838572,-0.306545,0.998048,1.31572,0.05409411,0.01546049,-0.00733464,0.9983892,0.108051,0.03167,-0.01298,-0.984622151,-0.325941395,0.020807926,0.099196631,0.127596816,-0.268272288,0.037194604,0.039115001,1.012289707,-0.028188537,0.099297329,0.000416726,51811.647703955,53461.414773933,53034.913376495,53288.568173778,-0.260994079,1.012477243,1.315239612,-1.040804919,-0.329334478,0.021776026,0.051993056,-0.0919676,0.00578139,7.354109545,-0.969844708,-0.312079664,0.064153056,0.00827129,-0.00326045,0.997898289,-0.781199336,0.624281645,1.420004129,0.0,0.0,0.0,0.86058265,0.0,3.584164381
1772729843.9938564,-0.316569,0.994791,1.315963,0.05542107,0.01412798,-0.00886265,0.99832377,0.110679,0.029195,-0.016137,-0.991386726,-0.328705442,0.029942181,-0.11563311,0.46580168,-0.205716809,0.032112327,0.023234848,1.003932402,-0.024774126,0.10763747,0.006696917,51911.167172259,53442.71468241,52967.123442386,53332.112008214,-0.268501595,1.010351766,1.31542785,-1.038488247,-0.3373464,0.021765863,0.051410614,-0.102039668,-0.002684364,7.333394792,-1.028199301,-0.303132677,0.063973075,0.00878505,-0.003213586,0.997905508,-0.781199336,0.624281645,1.420004129,0.0,0.0,0.0,0.86058265,0.0,3.584164381
1772729844.0038567,-0.326936,0.991577,1.316148,0.05641478,0.01532964,-0.00714741,0.99826414,0.112709,0.031418,-0.012547,-0.995639819,-0.336442648,0.030111509,-0.252298652,0.629767728,-0.108901237,0.032318439,0.013378366,1.004982946,-0.0216213,0.082019548,0.011681032,51714.78389921,53429.859420599,53353.492561748,53290.712790946,-0.277999546,1.007303877,1.315491945,-1.034650886,-0.348414014,0.021255476,0.050846565,-0.110412386,0.001687291,7.309798196,-1.094863443,-0.290722505,0.063767764,0.009373161,-0.003140775,0.99791358,-0.786677062,0.617356589,1.420298401,0.0,0.0,0.0,0.86058265,0.0,3.584164381
1772729844.0138566,-0.336778,0.988176,1.316677,0.05300123,0.01963802,-0.00733322,0.9983744,0.105824,0.04,-0.012571,-0.993142827,-0.346689977,0.02777388,-0.259029274,0.51655212,0.051147216,0.035669953,0.01032017,1.004627725,-0.003923567,0.075178607,0.008559072,51875.938310314,53703.504693571,53194.978840457,53223.2062286,-0.286168531,1.004751548,1.315516889,-1.032065592,-0.357274857,0.020187313,0.055107878,-0.116242119,-0.002418327,7.290856471,-1.148621674,-0.277369339,0.063602574,0.009849254,-0.003052783,0.99792225,-0.791911846,0.610618232,1.420582854,0.0,0.0,0.0,0.86058265,0.0,3.584164381
1772729844.0238566,-0.346676,0.984639,1.316893,0.05060283,0.02520455,-0.00703692,0.99837596,0.10099,0.051062,-0.011515,-0.983452686,-0.360432648,0.023636561,-0.172239962,0.313593743,0.208443246,0.034128722,0.018162302,1.00467927,0.029909042,0.081549647,-0.000599497,51854.154349248,53764.015696534,53265.978417266,53217.55853499,-0.297470773,1.000984363,1.315645317,-1.027485361,-0.369767739,0.01916321,0.057199348,-0.109480929,-0.002911166,7.285418194,-1.186028418,-0.269108761,0.063555049,0.010179741,-0.003001119,0.997928821,-0.798408047,0.601971731,1.420943366,0.0,0.0,0.0,0.86058265,0.0,3.584164381
1772729844.0338566,-0.356367,0.981008,1.317155,0.04913668,0.02664522,-0.00648783,0.99841551,0.098071,0.05387,-0.010352,-0.965670365,-0.37641891,0.020123659,-0.083708951,0.1880086,0.214030729,0.031293642,0.022245985,1.00521117,0.032252885,0.084641057,-0.002146775,52122.560608214,53704.436691772,53001.130808583,53442.261119795,-0.308356996,0.9973129,1.315791805,-1.022993285,-0.38177335,0.018331715,0.056188745,-0.092567586,0.002837345,7.289682837,-1.263402053,-0.262778026,0.063592701,0.01085695,-0.002989279,0.997916997,-0.805609512,0.592280824,1.421345807,0.0,0.0,0.0,0.86058265,0.0,3.584164381
1772729844.0438569,-0.366094,0.977134,1.317121,0.05177283,0.02294839,-0.00577408,0.99837849,0.103408,0.046437,-0.009163,-0.960388445,-0.385309769,0.022137317,-0.023793937,-0.053813192,0.203885505,0.030047475,0.021150301,1.003930165,0.022452612,0.090187799,-0.00064051,52139.729390345,53455.421202663,53059.90338119,53701.01446109,-0.313925478,0.995427043,1.315896608,-1.021142647,-0.387593494,0.018261403,0.060249009,-0.103377406,0.001428598,7.294572424,-1.329792919,-0.260798734,0.063636022,0.011436081,-0.003009338,0.997912482,-0.811858787,0.583848388,1.421695657,0.0,0.0,0.0,0.86058265,0.0,3.584164381
1772729844.0538568,-0.375259,0.973065,1.317414,0.0522496,0.021019,-0.0024832,0.99840974,0.104512,0.042243,-0.002765,-0.961768866,-0.391664631,0.022450274,0.006494546,-0.180454676,0.184271582,0.028801337,0.020054643,1.002649191,0.012652573,0.095734409,0.00086572,52013.621119434,53417.894173949,53193.866146484,53757.74136496,-0.319493828,0.993541231,1.316001408,-1.019292053,-0.393413499,0.018191091,0.059236058,-0.104714014,-0.000343329,7.295710469,-1.367804192,-0.259796571,0.063646328,0.011767624,-0.00302181,0.997909388,-0.813979502,0.58087253,1.421817487,0.0,0.0,0.0,0.86058265,0.0,3.584164381
1772729844.0638568,-0.385212,0.969209,1.317625,0.05250461,0.02179161,-0.00215989,0.99838055,0.105038,0.043753,-0.002026,-0.9627272,-0.398266619,0.024149537,-0.000801687,-0.280848994,0.114511363,0.0275552,0.018958985,1.001368217,0.002852533,0.101281019,0.002371949,51903.609558006,53389.301872275,53311.952124476,53804.542104813,-0.325062177,0.991655419,1.316106208,-1.01744146,-0.399233505,0.01812078,0.058223108,-0.106050622,-0.002115255,7.294494056,-1.394467646,-0.257550707,0.063635844,0.012001097,-0.003016921,0.997906335,-0.816100216,0.577896671,1.421939317,0.0,0.0,0.0,0.86058265,0.0,3.584164381
1772729844.073857,-0.394809,0.965264,1.318046,0.05049194,0.02291651,-0.00356102,0.99845517,0.100943,0.046138,-0.004802,-0.961436212,-0.406958993,0.023689805,0.004413077,-0.269095707,0.031186724,0.028169518,0.017012849,1.001176023,-5.0632e-05,0.10627057,0.001840566,52147.449175002,53557.120902796,53081.021663674,53633.137197572,-0.332585443,0.989075723,1.316344851,-1.015000993,-0.406873101,0.018228874,0.057210134,-0.107387262,-0.003887224,7.293277614,-1.421131736,-0.25530479,0.06362536,0.012234577,-0.003012032,0.997903332,-0.819397608,0.573204929,1.42213047,0.0,0.0,0.0,0.86058265,0.0,3.584164381
1772729844.0838568,-0.404533,0.961298,1.318388,0.04879329,0.02036807,-0.0032344,0.99859596,0.097554,0.041006,-0.004476,-0.957516453,-0.416891637,0.022950877,0.042563377,-0.201921627,-0.008388476,0.033148578,0.013071614,1.003538227,0.013227225,0.109952694,-0.003471195,52235.177426772,53718.883414976,52963.52810157,53535.983744877,-0.341139706,0.986079344,1.31662557,-1.012165766,-0.415458943,0.018191858,0.056307135,-0.108467172,-0.005189522,7.275693441,-1.475757874,-0.250285989,0.063472346,0.012713522,-0.002996666,0.997905959,-0.824253852,0.566205355,1.422414422,0.0,0.0,0.0,0.86058265,0.0,3.584164381
1772729844.0938568,-0.413972,0.956898,1.31827,0.05142602,0.01910965,-0.00348298,0.99848788,0.102821,0.038529,-0.004994,-0.952123694,-0.428586617,0.018895395,0.147330962,-0.153259374,-0.050055913,0.038014406,0.009318443,1.005930713,0.026155674,0.11349784,-0.008838513,52060.695147937,53705.64033954,53053.435952073,53662.90491494,-0.348830692,0.983308763,1.316846532,-1.009438745,-0.423194449,0.017986792,0.056724293,-0.106464648,-0.000852317,7.244997267,-1.545747686,-0.249530599,0.063205772,0.013324247,-0.003025217,0.997908141,-0.829125469,0.559055233,1.422702824,0.0,0.0,0.0,0.86058265,0.0,3.584164381
1772729844.1038575,-0.423464,0.952526,1.318499,0.05380281,0.01512644,-0.00312224,0.99843212,0.1076,0.030546,-0.004609,-0.941684562,-0.440463202,0.019995959,0.146218586,0.050284745,-0.074709571,0.034608483,0.019296529,1.010529154,0.013562628,0.107040433,-0.018251497,51690.758255039,53515.996569335,53313.141359011,53971.552337141,-0.35485912,0.981070288,1.317015141,-1.00707703,-0.429313285,0.017969096,0.05714148,-0.104461982,0.003485198,7.231970042,-1.592150023,-0.250668556,0.063092994,0.013728055,-0.003059176,0.997908462,-0.831783718,0.555077864,1.422862326,0.0,0.0,0.0,0.86058265,0.0,3.584164381
1772729844.1138575,-0.432718,0.948044,1.318832,0.05337259,0.01851733,-0.0035189,0.99839676,0.106721,0.03736,-0.005053,-0.939340562,-0.447004544,0.024388446,0.045411444,0.296334102,-0.131179355,0.031202803,0.029273903,1.015127266,0.000970483,0.100583489,-0.027663808,51480.915168999,53603.204085611,53532.795290632,53912.142216678,-0.360986316,0.978710699,1.317116756,-1.004639941,-0.435691212,0.017816508,0.057558638,-0.102459458,0.007822403,7.228566824,-1.625945769,-0.252215329,0.063063924,0.014021603,-0.003090821,0.997905722,-0.8351667,0.549966578,1.423066677,0.0,0.0,0.0,0.86058265,0.0,3.584164381
1772729844.1238575,-0.442226,0.943618,1.319103,0.05295763,0.02195322,-0.00365874,0.99834872,0.105881,0.044236,-0.004985,-0.936319424,-0.45106463,0.032198146,-0.139455683,0.410636882,-0.181245947,0.032208748,0.031325558,1.010688101,-0.022016008,0.096060858,-0.023101764,51275.402685821,53654.534665834,53736.620424735,53888.422423485,-0.367247483,0.976235713,1.317199427,-1.002026942,-0.442337213,0.017664457,0.062827272,-0.09767109,0.00256903,7.215665328,-1.672264893,-0.255458693,0.062952503,0.014423541,-0.003142883,0.997905645,-0.84489415,0.534928855,1.42366364,0.0,0.0,0.0,0.86058265,0.0,3.584164381
1772729844.1338575,-0.451604,0.939104,1.31936,0.05181381,0.02358053,-0.0061497,0.99835939,0.10347,0.047739,-0.009847,-0.935624008,-0.455014129,0.038118976,-0.30295658,0.282406138,-0.148090304,0.032250313,0.029391351,1.006791272,-0.03728501,0.099594767,-0.015562139,51115.529950433,53651.951776863,53869.017726624,53915.935142401,-0.374159229,0.973309036,1.317350719,-0.998393782,-0.450099891,0.017925347,0.062080645,-0.097173152,0.001887035,7.188179135,-1.731502939,-0.259209602,0.062714293,0.014938122,-0.003204394,0.997911633,-0.845031679,0.534716249,1.42367208,0.0,0.0,0.0,0.86058265,0.0,3.584164381
1772729844.143858,-0.460872,0.934489,1.319834,0.04942703,0.02615024,-0.00663778,0.99841328,0.098648,0.052898,-0.010685,-0.931620585,-0.463867323,0.037165575,-0.329857762,0.073593104,-0.083971792,0.033274472,0.029399563,1.006087155,-0.038416568,0.094154986,-0.010572281,51218.604070402,54044.866798286,53797.658720491,53530.948899437,-0.383210579,0.969569522,1.317547516,-0.994459258,-0.459672289,0.018087382,0.063076222,-0.094016112,0.00241577,7.150773729,-1.79266371,-0.261023972,0.062389487,0.015470811,-0.003248512,0.997923259,-0.84914441,0.528070572,1.423932587,0.0,0.0,0.0,0.86058265,0.0,3.584164381
1772729844.153858,-0.470224,0.929853,1.320231,0.04803888,0.02392817,-0.00585142,0.99854167,0.095917,0.048368,-0.009398,-0.926509042,-0.473766536,0.037030863,-0.293155488,-0.177895869,0.021414577,0.035387515,0.024462046,1.004765369,-0.028777386,0.079529412,-0.01831842,51316.54747456,54090.602763886,53649.588944455,53596.631609482,-0.399501708,0.962408461,1.317942298,-0.987140118,-0.476431958,0.018503316,0.067287986,-0.101389544,-0.00156486,7.108524062,-1.86683034,-0.264824531,0.062022927,0.016115847,-0.003316092,0.99793722,-0.855675193,0.517504262,1.42434664,0.0,0.0,0.0,0.86058265,0.0,3.584164381
1772729844.163858,-0.479444,0.925047,1.320569,0.04727378,0.02129844,-0.00548837,0.9986398,0.094413,0.043071,-0.008957,-0.920272051,-0.485213361,0.034877714,-0.215570952,-0.290561865,0.082251912,0.031475482,0.034793311,1.011554598,-0.032332638,0.079081193,-0.017845836,51414.368889456,54128.076639244,53499.693443022,53673.039381316,-0.417798138,0.9542806,1.318393171,-0.978816206,-0.495212665,0.019006315,0.063223569,-0.095317627,-0.001467331,7.032149694,-1.996363712,-0.276469042,0.061360994,0.01723994,-0.003475926,0.997957123,-0.865667788,0.500221248,1.425012145,0.0,0.0,0.0,0.86058265,0.0,3.584164381
1772729844.1738584,-0.488658,0.920118,1.320895,0.04627945,0.01981024,-0.00506335,0.99871924,0.092445,0.040049,-0.008287,-0.91867238,-0.493618789,0.032738804,-0.107941705,-0.325165317,0.089809278,0.022969101,0.036238423,1.007095018,-0.040521712,0.063267685,-0.01998431,50842.909194997,54096.348599612,53996.164259292,53726.130262463,-0.435224947,0.946466733,1.318829987,-0.97082097,-0.513062027,0.019405506,0.058235811,-0.086845861,-0.000630342,6.951700381,-2.102784316,-0.286953135,0.060663247,0.018163657,-0.003611443,0.997983373,-0.875611154,0.483013076,1.425674671,0.0,0.0,0.0,0.86058265,0.0,3.584164381
1772729844.1838584,-0.497726,0.915097,1.321157,0.04584318,0.0202024,-0.00501198,0.99873177,0.091572,0.040824,-0.008166,-0.914341956,-0.504280143,0.027546433,0.043578098,-0.338056797,0.025418726,0.031865232,0.022071108,1.010886328,-0.024422152,0.078010966,-0.014490743,51063.940505549,53891.94081381,53813.305487053,53944.698828607,-0.4472714,0.940668599,1.319167741,-0.964910942,-0.525143609,0.019522806,0.06775481,-0.099168796,0.004372175,6.904793044,-2.162634801,-0.293220525,0.060256454,0.018683079,-0.003690117,0.997998523,-0.881813268,0.471500382,1.426110595,0.0,0.0,0.0,0.86058265,0.0,3.584164381
1772729844.193858,-0.506857,0.91003,1.321473,0.04619145,0.01877141,-0.00470538,0.99874513,0.092288,0.037939,-0.00767,-0.908179207,-0.516021724,0.023048546,0.208189564,-0.264604473,0.002230645,0.031020646,0.021630538,1.010309144,-0.018542409,0.078408301,-0.015763605,51137.659895058,53840.83432603,53758.8008757,53972.123466638,-0.453732938,0.937506115,1.31937097,-0.961646765,-0.531559215,0.019901681,0.067575689,-0.100345108,0.003759675,6.889467535,-2.188564271,-0.295618107,0.060123698,0.018908142,-0.003722081,0.998003565,-0.885851683,0.46395478,1.426395881,0.0,0.0,0.0,0.86058265,0.0,3.584164381
1772729844.2038584,-0.516003,0.904844,1.321674,0.04790695,0.01634449,-0.00543256,0.99870329,0.095711,0.033173,-0.00929,-0.901035416,-0.527532671,0.02004423,0.359671994,-0.192777704,0.025262199,0.03017598,0.021189927,1.009731905,-0.012662106,0.078805674,-0.017036588,51145.838917252,53857.93591789,53761.403291853,53914.498537545,-0.45696014,0.935898656,1.319500704,-0.959950409,-0.534748364,0.02023896,0.067383526,-0.100429623,0.003466458,6.877348263,-2.211050974,-0.297622872,0.060018764,0.01910333,-0.003749303,0.998006058,-0.887395777,0.460982433,1.426507512,0.0,0.0,0.0,0.86058265,0.0,3.584164381
1772729844.213858,-0.525063,0.899631,1.321987,0.04916319,0.01558458,-0.00545528,0.99865427,0.098231,0.031669,-0.009368,-0.894103611,-0.537274502,0.020571445,0.403259866,0.014300398,0.031245766,0.02939161,0.032475735,1.011626263,-0.008964033,0.081358893,-0.016482455,51153.863331931,53874.906040703,53764.005694503,53857.128126314,-0.460187035,0.934291351,1.319630426,-0.958254215,-0.537937209,0.020576208,0.066996603,-0.084186448,0.00794848,6.86457287,-2.235386506,-0.299697577,0.059908153,0.019314608,-0.00377796,0.998008508,-0.888939724,0.45801037,1.426619132,0.0,0.0,0.0,0.86058265,0.0,3.584164381
1772729844.2238579,-0.533797,0.894015,1.321985,0.0523905,0.01517259,-0.00503713,0.9984987,0.104712,0.030832,-0.008473,-0.889719535,-0.543257239,0.026685437,0.290137781,0.249970311,0.030135724,0.02876903,0.050169054,1.014926314,-0.007750354,0.085138109,-0.014477219,51088.723913677,53830.122690653,53766.71983693,53918.196330928,-0.464284094,0.932235519,1.319800631,-0.956148564,-0.541907558,0.021010514,0.067055662,-0.072694802,0.01127253,6.849939522,-2.264953715,-0.301970557,0.059781468,0.019571418,-0.00381068,0.998010655,-0.890661202,0.45464829,1.426745047,0.0,0.0,0.0,0.86058265,0.0,3.584164381
1772729844.2338576,-0.542671,0.888553,1.322278,0.05405462,0.01778298,-0.00420484,0.99837076,0.108064,0.03597,-0.006478,-0.886170562,-0.54672558,0.036170994,0.075144986,0.36492501,0.033278982,0.029391741,0.046016679,1.014203397,-0.016081729,0.08540593,-0.011107512,51023.586048468,53785.340408322,53769.433914647,53979.263079561,-0.468760766,0.929984014,1.319988498,-0.953864294,-0.546218828,0.021487164,0.068398859,-0.074886414,0.011261818,6.83696049,-2.290388941,-0.303812205,0.059669068,0.019792416,-0.003837723,0.998012821,-0.892532894,0.450956177,1.426883058,0.0,0.0,0.0,0.86058265,0.0,3.584164381
1772729844.2438571,-0.551485,0.883068,1.322737,0.053534,0.02114218,-0.00410356,0.99833375,0.107017,0.042666,-0.005935,-0.884556652,-0.549759032,0.043356257,-0.163359283,0.451338566,0.042179634,0.030014438,0.041864402,1.013480498,-0.024412905,0.085673745,-0.007737885,51062.611853828,53785.796690023,53722.46791137,53944.105070998,-0.472965812,0.927830868,1.32015989,-0.951679889,-0.550305211,0.022028999,0.069742025,-0.077077974,0.011251107,6.825465859,-2.3121166,-0.305266828,0.059569485,0.01998128,-0.003859669,0.998015104,-0.894443261,0.447175849,1.427024272,0.0,0.0,0.0,0.86058265,0.0,3.584164381
1772729844.2538571,-0.560432,0.877655,1.323264,0.05110723,0.02539305,-0.00462196,0.9983596,0.102123,0.051198,-0.006642,-0.880746469,-0.556769956,0.04226255,-0.365392594,0.532733653,-0.060636751,0.029298801,0.037956373,1.013188323,-0.02629309,0.087766082,-0.004656823,51129.092707775,53798.175883517,53662.405898493,53883.584569473,-0.477003699,0.925738212,1.320321138,-0.949556902,-0.554253237,0.022611046,0.069672127,-0.082588313,0.009874958,6.81397068,-2.333845295,-0.30672152,0.059469897,0.020170154,-0.003881617,0.998017387,-0.896678486,0.442654703,1.427192386,0.0,0.0,0.0,0.86058265,0.0,3.584164381
1772729844.2638571,-0.569292,0.872137,1.323819,0.0486516,0.02471849,-0.00441409,0.99850014,0.097212,0.049813,-0.006418,-0.878580714,-0.563930394,0.039870104,-0.442680991,0.610860738,-0.134654914,0.027371445,0.034269657,1.013286144,-0.022332356,0.091510282,-0.001837166,51163.010639962,53808.637117011,53634.549644465,53842.346923046,-0.480427614,0.923953154,1.320456664,-0.94775539,-0.557602133,0.023063223,0.068889583,-0.089772273,0.007810214,6.80862199,-2.34769421,-0.306564769,0.059423459,0.020291032,-0.003886473,0.998019851,-0.898757888,0.438441806,1.427348987,0.0,0.0,0.0,0.86058265,0.0,3.584164381
1772729844.2738564,-0.577988,0.866387,1.32417,0.04700864,0.02503792,-0.00419536,0.99857182,0.09393,0.05042,-0.006032,-0.872526629,-0.574663718,0.035611883,-0.325449518,0.601601412,-0.129389276,0.025444226,0.030583205,1.013383958,-0.018371905,0.095254214,0.00098229,51176.135346581,53817.873021668,53627.258140788,53813.42395846,-0.482612028,0.922789086,1.320540263,-0.946602883,-0.559741493,0.023253237,0.068026333,-0.093071896,0.007696765,6.804171674,-2.360390911,-0.306172599,0.05938479,0.020401966,-0.003888832,0.998022384,-0.899790301,0.436300071,1.427428237,0.0,0.0,0.0,0.86058265,0.0,3.584164381
1772729844.2838566,-0.586621,0.860497,1.32428,0.04573168,0.03245052,-0.00481616,0.99841493,0.091327,0.065285,-0.006663,-0.866814172,-0.583528878,0.036008368,-0.142338566,0.518135085,-0.058241601,0.023689673,0.026992394,1.013554003,-0.014584705,0.09907461,0.003772536,51189.26130496,53827.109807194,53619.965941689,53784.498235366,-0.484796651,0.921624907,1.320623869,-0.945450265,-0.561881058,0.023443269,0.067103297,-0.093500768,0.009025666,6.799720935,-2.373088823,-0.305780391,0.059346117,0.020512911,-0.003891191,0.998024917,-0.900822813,0.434158132,1.427507494,0.0,0.0,0.0,0.86058265,0.0,3.584164381
1772729844.2938569,-0.595164,0.854521,1.324506,0.04481661,0.03630797,-0.00721617,0.99830914,0.089315,0.073205,-0.011184,-0.861331843,-0.590503807,0.038148249,0.043605542,0.410430728,0.051477349,0.026142909,0.02573841,1.015482207,-0.015024299,0.104747733,0.005845159,51202.387263339,53836.34659272,53612.673742589,53755.572512271,-0.486981273,0.920460728,1.320707476,-0.944297648,-0.564020622,0.023633301,0.066180261,-0.093929639,0.010354568,6.795270195,-2.385786735,-0.305388184,0.059307444,0.020623856,-0.00389355,0.998027451,-0.901855325,0.432016193,1.427586751,0.0,0.0,0.0,0.86058265,0.0,3.584164381
1772729844.3038566,-0.604025,0.848789,1.3252,0.04642421,0.03693948,-0.00499456,0.99822609,0.092703,0.07428,-0.00656,-0.857327236,-0.596492294,0.043442971,0.138422518,0.284180774,0.133822814,0.028596027,0.024484486,1.017410319,-0.015463871,0.110420584,0.007917682,51121.091138394,53811.907858749,53684.892542393,53747.746003768,-0.489868192,0.918901754,1.320814357,-0.942744154,-0.566854505,0.023894534,0.065257269,-0.094358491,0.011683406,6.778544152,-2.423352503,-0.301699313,0.059161548,0.020953507,-0.003877733,0.998029863,-0.902887787,0.429874355,1.427666004,0.0,0.0,0.0,0.86058265,0.0,3.584164381
1772729844.3138566,-0.612443,0.842768,1.325728,0.04779268,0.03531669,-0.00348072,0.99822667,0.095555,0.0709,-0.003582,-0.854969696,-0.602207276,0.048174832,0.186393949,-0.072049981,0.156149278,0.028020488,0.028434961,1.015353316,-0.00672884,0.108866867,0.008490037,50943.917461861,53753.274843494,53837.848234365,53761.342065277,-0.497944916,0.914425363,1.321093243,-0.938228307,-0.574819236,0.024681914,0.066144266,-0.091888059,0.011099353,6.74298098,-2.48659928,-0.292356216,0.058850803,0.021510353,-0.00382225,0.998032224,-0.90638819,0.422331344,1.427943177,0.0,0.0,0.0,0.86058265,0.0,3.584164381
1772729844.3238564,-0.620951,0.836697,1.32616,0.04817332,0.03412219,-0.0026947,0.99825235,0.096369,0.068438,-0.002097,-0.851615575,-0.609918977,0.048035011,0.175982609,-0.290099348,0.114164116,0.02527213,0.036119051,1.010437369,0.008587941,0.102128679,0.007986107,50828.204522454,53691.56201771,53946.691208096,53777.348323846,-0.506021447,0.909949078,1.321372121,-0.933712568,-0.582783778,0.025469274,0.067694815,-0.088354766,0.009814012,6.720864943,-2.55143388,-0.27902546,0.058656335,0.022082604,-0.0037352,0.998030627,-0.910078555,0.414372592,1.428235585,0.0,0.0,0.0,0.86058265,0.0,3.584164381
1772729844.3338568,-0.629418,0.830522,1.32647,0.04916403,0.03503648,-0.00219395,0.9981736,0.098396,0.070218,-0.000937,-0.843245812,-0.621982858,0.042297729,0.133630779,-0.273410926,0.014402301,0.023684075,0.045898367,1.008161056,0.015162088,0.101299869,0.008220057,51082.235752688,53611.30672043,53790.160215054,53807.858602151,-0.512744457,0.906138104,1.321570746,-0.930058059,-0.589347819,0.025608773,0.069245475,-0.084821221,0.008528578,6.727905667,-2.586631648,-0.271137892,0.058716473,0.022392967,-0.003685851,0.9980264,-0.913359352,0.407124036,1.428500813,0.0,0.0,0.0,0.86058265,0.0,3.584164381
1772729844.3438575,-0.637837,0.824208,1.327004,0.04862408,0.03399668,-0.00350359,0.99823226,0.097217,0.068267,-0.003697,-0.835296212,-0.633062958,0.039087683,0.024680621,-0.082301719,-0.121203363,0.024100551,0.054027212,1.009982435,0.008820556,0.112135818,0.010150799,51295.45305209,53572.490548519,53616.350728502,53844.358537282,-0.520629334,0.901607603,1.321810096,-0.925752163,-0.597009544,0.025714735,0.070796172,-0.081287591,0.007243114,6.718461473,-2.642510957,-0.260763092,0.058632639,0.022885254,-0.003622182,0.99802045,-0.916715367,0.399472517,1.42877934,0.0,0.0,0.0,0.86058265,0.0,3.584164381
1772729844.353858,-0.6463,0.817941,1.327367,0.0495251,0.0302893,-0.00509207,0.9983005,0.098918,0.061018,-0.00718,-0.831096616,-0.639164518,0.041107032,-0.077655697,0.24611464,-0.14006181,0.026222869,0.031875406,1.011824154,0.005077302,0.130789169,0.016071215,51367.205345286,53564.794654714,53585.939533533,53871.12939907,-0.530133325,0.89590298,1.322055294,-0.920126547,-0.606602325,0.025750244,0.073161627,-0.080593523,0.005717692,6.695367821,-2.720259539,-0.248445843,0.058429593,0.023569405,-0.003549863,0.998010202,-0.920697919,0.390162634,1.429116878,0.0,0.0,0.0,0.86058265,0.0,3.584164381
1772729844.3638582,-0.654481,0.811477,1.327756,0.04884546,0.03456159,-0.004789,0.99819672,0.097574,0.069522,-0.006199,-0.822246491,-0.64590555,0.043986095,-0.187484572,0.489018192,-0.124995511,0.029352757,0.026546195,1.014354109,-0.015369658,0.118948886,0.022182426,51141.583066554,53493.091406908,53853.974557709,53901.829907329,-0.53969611,0.889967528,1.322247975,-0.914088865,-0.616616266,0.025644346,0.076933474,-0.084800803,0.003778052,6.683000752,-2.800333204,-0.232901181,0.058319123,0.024275087,-0.003452626,0.997997621,-0.924938192,0.380084902,1.429481361,0.0,0.0,0.0,0.86058265,0.0,3.584390997
1772729844.3738582,-0.662475,0.804844,1.328164,0.04811172,0.03658294,-0.00469643,0.99816076,0.09611,0.07355,-0.005871,-0.814104933,-0.652304682,0.045329647,-0.292933332,0.67336482,-0.104548463,0.028963949,0.028564029,1.011697591,-0.056359415,0.103488348,0.024679773,50672.212510531,53348.805602359,54345.135214827,53944.821187869,-0.548858404,0.884225319,1.322543642,-0.908160937,-0.626051192,0.026123709,0.079509717,-0.08760156,0.003397921,6.663035843,-2.873745802,-0.210483784,0.058140739,0.024926424,-0.003290327,0.99799712,-0.929160683,0.369642663,1.429856824,0.0,0.0,0.0,0.86058265,0.0,3.584705107
1772729844.3838587,-0.670788,0.79843,1.32872,0.04516566,0.04345041,-0.00516043,0.99802079,0.090169,0.087306,-0.0064,-0.807060871,-0.657897558,0.043699401,-0.318249502,0.783601553,-0.081361368,0.025763085,0.030670842,1.009087688,-0.076013557,0.092242742,0.026121837,50697.58636774,53466.916641589,54317.464188986,53780.263918146,-0.555481412,0.880063918,1.322855796,-0.903921117,-0.632515281,0.026766364,0.080373471,-0.0883877,0.005251752,6.611492772,-2.931060276,-0.189621891,0.0576874,0.025437574,-0.003126236,0.998003703,-0.9321491,0.362042708,1.430129035,0.0,0.0,0.0,0.86058265,0.0,3.585019231
1772729844.3938591,-0.678854,0.791852,1.329129,0.04389513,0.04753672,-0.00510919,0.99789146,0.08763,0.095466,-0.006051,-0.800668809,-0.665529792,0.043780287,-0.292193442,0.643009121,-0.077810744,0.01764231,0.032933162,1.006559563,-0.058335693,0.088372828,0.02571738,50849.177965354,53551.57290962,54181.255198377,53637.899002971,-0.560982467,0.876615019,1.323150096,-0.900466336,-0.637694429,0.027341081,0.081237224,-0.089173841,0.007105583,6.588485537,-2.961235771,-0.177740455,0.057484392,0.025706966,-0.003032753,0.998012412,-0.934597283,0.355692284,1.430355929,0.0,0.0,0.0,0.86058265,0.0,3.585333356
1772729844.4038591,-0.686717,0.785097,1.329601,0.04264159,0.04690282,-0.00567874,0.99797273,0.085057,0.094239,-0.007367,-0.796352896,-0.672471135,0.042856956,-0.193646747,0.379159945,-0.01602351,0.023445268,0.030113745,1.012864258,-0.04736549,0.106756134,0.035708212,50968.835357784,53222.82347578,54172.62012882,53805.666068645,-0.56648326,0.873166284,1.323444381,-0.89701172,-0.642873329,0.027915771,0.082100936,-0.089959944,0.008959326,6.564442142,-2.990987513,-0.165884749,0.057272329,0.025972652,-0.002938962,0.998022054,-0.938670359,0.344679196,1.430747341,0.0,0.0,0.0,0.86058265,0.0,3.585647465
1772729844.4138598,-0.69467,0.778319,1.329931,0.0420711,0.04959292,-0.00586343,0.99786582,0.083895,0.099632,-0.007567,-0.790330377,-0.68226048,0.039176514,-0.049874855,0.237579177,0.041061168,0.03276243,0.026567785,1.021036475,-0.03743453,0.130891512,0.047424928,50854.619522197,53194.780601783,54271.810404845,53755.764102809,-0.573541141,0.868637015,1.323804514,-0.892445248,-0.649546218,0.028654825,0.082657126,-0.091831137,0.009787203,6.506216828,-3.040489659,-0.146455639,0.056760713,0.026414903,-0.002781016,0.998033284,-0.941326797,0.337496519,1.431002617,0.0,0.0,0.0,0.86058265,0.0,3.585961597
1772729844.42386,-0.70255,0.771501,1.330284,0.04269719,0.05075244,-0.00528956,0.99778413,0.085213,0.101908,-0.006254,-0.782044238,-0.693552507,0.037319461,0.080587732,0.094361551,0.070174972,0.030492582,0.035813034,1.016284107,-0.011875408,0.138583542,0.036659929,51006.946922184,53244.287804878,54059.489547038,53712.860859466,-0.583161753,0.862250292,1.324188819,-0.885868627,-0.658811462,0.029709419,0.080463217,-0.090471068,0.00585081,6.460417873,-3.137865138,-0.112701206,0.056353409,0.027280667,-0.002524153,0.998038194,-0.942509847,0.334088051,1.431122887,0.0,0.0,0.0,0.86058265,0.0,3.586275714
1772729844.43386,-0.710331,0.764452,1.330778,0.0427739,0.04962374,-0.00446616,0.99784164,0.085447,0.09958,-0.004691,-0.773937141,-0.70166281,0.037485894,0.116406946,0.131906033,0.048631177,0.028222788,0.045058063,1.011531851,0.013683106,0.146275389,0.025895187,51408.870938673,53619.265732165,53605.936770964,53447.8322403,-0.594560756,0.854407704,1.324529939,-0.877577711,-0.669961391,0.030201962,0.079270374,-0.063637841,0.005490612,6.430789332,-3.24031447,-0.078591375,0.056086605,0.028190369,-0.002270335,0.998028535,-0.946870954,0.321523333,1.43156624,0.0,0.0,0.0,0.86058265,0.0,3.586589824
1772729844.4438598,-0.718132,0.757474,1.331149,0.04352428,0.05138483,-0.00319556,0.99772492,0.087093,0.102996,-0.001914,-0.767026042,-0.708639701,0.038632826,0.16559977,0.053560549,0.052453942,0.025698895,0.035509288,1.008348758,0.024511008,0.137476178,0.024747561,50856.12855377,53517.607288376,54128.828594973,53405.88783592,-0.604384049,0.847730592,1.325050867,-0.870747147,-0.678790697,0.031149918,0.082843123,-0.078111995,0.004147557,6.429855668,-3.332942781,-0.052667217,0.056071166,0.0290098,-0.002089608,0.998014957,-0.95265741,0.303681997,1.432191492,0.0,0.0,0.0,0.86058265,0.0,3.586903926
1772729844.4538598,-0.725748,0.750282,1.331387,0.04536499,0.05155245,-0.00487704,0.99762747,0.09062,0.103487,-0.005081,-0.764258829,-0.713395086,0.042014745,0.196485865,-0.136655882,0.029529424,0.026980196,0.028366807,1.009186808,0.017248513,0.117671551,0.037337685,50836.796082134,52621.331164233,54171.081560403,54107.615024107,-0.622957058,0.834319145,1.326073186,-0.847992024,-0.690583596,0.033139937,0.095064071,-0.066852783,0.00245027,6.351630155,-3.582024839,0.013300525,0.055368749,0.031212245,-0.00161494,0.997984674,-0.962013364,0.272929813,1.433263078,0.0,0.0,0.0,0.86058265,0.0,3.587218035
1772729844.46386,-0.733223,0.743098,1.331938,0.04539365,0.05038183,-0.00460481,0.99768727,0.0907,0.101121,-0.004638,-0.762290063,-0.718596975,0.045201966,0.192749034,-0.250270361,0.061474295,0.029552294,0.029402149,1.010662871,0.010146455,0.100939229,0.050425999,50762.758659365,52551.057267269,54392.261793231,53767.33944712,-0.639121945,0.822583155,1.32695175,-0.829542412,-0.701674297,0.034687464,0.09755664,-0.074326425,0.002410956,6.305616628,-3.755888549,0.078920925,0.054946953,0.032758724,-0.001115045,0.997958609,-0.964026605,0.265757844,1.43351135,0.0,0.0,0.0,0.86058265,0.0,3.587532152
1772729844.47386,-0.740746,0.735918,1.332349,0.04587071,0.05026128,-0.00420095,0.99767331,0.091699,0.100845,-0.003791,-0.760272073,-0.723989346,0.045588194,0.20093765,-0.308314756,0.122358642,0.032124332,0.030437467,1.012138898,0.003044566,0.084207305,0.063514001,50694.783584921,52785.402016315,54542.529797555,53371.765915065,-0.648774012,0.81516773,1.327439683,-0.823634335,-0.711667856,0.034746583,0.098570609,-0.084910676,0.002534163,6.295547142,-3.795100332,0.115297138,0.054847895,0.033117715,-0.000814157,0.997952744,-0.965842165,0.259018506,1.433743974,0.0,0.0,0.0,0.86058265,0.0,3.587846262
1772729844.4838607,-0.748587,0.728693,1.332882,0.04809736,0.04512963,-0.00279803,0.99781869,0.096274,0.090455,-0.001248,-0.754994232,-0.732654389,0.046781902,0.179566923,-0.37770205,0.21384585,0.022572189,0.033229209,0.999688066,0.007578504,0.089260026,0.072001771,50772.652930974,53108.247188271,54577.769939565,52875.561979999,-0.663455365,0.803400538,1.32822034,-0.812368098,-0.726374646,0.034549429,0.092055066,-0.07521685,-0.000521557,6.284386205,-3.881975048,0.209881791,0.054720588,0.03391954,-2.8802e-05,0.997935129,-0.971115822,0.238290264,1.434456948,0.0,0.0,0.0,0.86058265,0.0,3.588160394
1772729844.4938614,-0.756213,0.721384,1.333377,0.0486345,0.04392113,-0.00255543,0.99784723,0.097365,0.088015,-0.000831,-0.74582169,-0.742232468,0.045984096,0.141067739,-0.40211148,0.292667363,0.02301131,0.030957907,1.000188918,0.020327688,0.097678967,0.067131325,50712.395440328,53174.086162974,54649.151268905,52794.381509787,-0.678136719,0.791633346,1.329000997,-0.801101861,-0.741081436,0.034352274,0.090586439,-0.079952258,-0.00138555,6.28526404,-3.932317993,0.256057954,0.054712674,0.03438003,0.000348886,0.997911419,-0.974569897,0.224050189,1.434945451,0.0,0.0,0.0,0.86058265,0.0,3.588474526
1772729844.5038617,-0.763407,0.71378,1.333788,0.04879594,0.04334827,-9.11e-05,0.99786766,0.097899,0.086629,0.004064,-0.73417673,-0.751651572,0.044204374,0.098031481,-0.487454136,0.312767616,0.02345041,0.028686714,1.000689746,0.033076265,0.106097507,0.062261111,51170.414235368,53321.976054457,54304.202603756,52546.150335527,-0.687414688,0.783808562,1.329526131,-0.792987078,-0.750298096,0.034510444,0.090060721,-0.074301438,-0.000861328,6.312774584,-3.984539441,0.288707281,0.054940358,0.034850551,0.000599772,0.997880394,-0.977134838,0.21261797,1.435336027,0.0,0.0,0.0,0.86058265,0.0,3.588788643
1772729844.513862,-0.770726,0.706261,1.334072,0.04994323,0.04220425,0.00049843,0.99785982,0.100238,0.084278,0.005229,-0.721443015,-0.759886117,0.041882111,-0.007354315,-0.495118197,0.33170382,0.02388951,0.026415521,1.001190575,0.045824841,0.114516047,0.057390897,51196.063516841,52880.538420688,54318.377206675,52949.789028178,-0.693160934,0.778880828,1.329811068,-0.787901993,-0.756009818,0.034494171,0.087192227,-0.056901889,-0.002609179,6.341538658,-4.039926987,0.321578684,0.055178687,0.035348783,0.000850612,0.997854118,-0.980060296,0.198495571,1.435816725,0.0,0.0,0.0,0.86058265,0.0,3.58910276
1772729844.5238626,-0.777801,0.698561,1.334637,0.04960721,0.03820158,0.00236199,0.99803516,0.099653,0.076092,0.00853,-0.710040887,-0.767939252,0.039007594,-0.063155222,-0.303522625,0.322320058,0.024328631,0.024144219,1.001691427,0.058574026,0.122934988,0.05252045,51113.971566265,52711.088055077,54366.030430293,53176.925163511,-0.698770087,0.77401881,1.330079162,-0.782901285,-0.761563378,0.034130714,0.090976499,-0.051858676,-0.003798085,6.377686166,-4.115060745,0.355263938,0.055479743,0.036019588,0.001096276,0.997820496,-0.981213391,0.192925692,1.436006308,0.0,0.0,0.0,0.86058265,0.0,3.589416892
1772729844.5338624,-0.78488,0.69088,1.335046,0.04916994,0.0353353,0.00365064,0.99815851,0.098821,0.070239,0.01079,-0.705998167,-0.774731372,0.037879213,0.012023299,-0.107599824,0.261847464,0.02476771,0.021873134,1.002192232,0.071321995,0.131353127,0.047650469,51432.284346482,52919.236523213,54070.193038448,53006.903056899,-0.70531564,0.768247381,1.33041076,-0.776974301,-0.768169958,0.033672187,0.10169422,-0.06088208,-0.003766561,6.404459159,-4.179396965,0.381475606,0.055701606,0.036592781,0.001284664,0.997780997,-0.981574335,0.191039668,1.436070324,0.0,0.0,0.0,0.86058265,0.0,3.589442968
1772729844.543863,-0.792039,0.683209,1.335413,0.04914829,0.03430293,0.00521904,0.99818862,0.098866,0.068021,0.013823,-0.702474466,-0.781843733,0.03818236,0.138323011,0.250492457,0.156438579,0.025206831,0.019601833,1.002693084,0.084071179,0.139772068,0.042780022,51500.390672446,52962.062817274,54070.122644352,52921.963491806,-0.713439161,0.760934398,1.330847889,-0.769476574,-0.776565845,0.033268401,0.100780529,-0.088793332,-0.005452232,6.441056133,-4.257895564,0.414496934,0.056005812,0.037292811,0.001521929,0.997736408,-0.983578042,0.180430193,1.436430258,0.0,0.0,0.0,0.86058265,0.0,3.589442968
1772729844.5538635,-0.798969,0.675264,1.335618,0.04916823,0.0390635,0.0059658,0.99800849,0.099065,0.077462,0.015797,-0.694575021,-0.792156175,0.036075598,0.243967028,0.612336898,0.081446018,0.020849638,0.034694623,1.002373032,0.07642039,0.125849814,0.062813562,50936.851258581,53058.423340961,54632.693363844,52789.819221968,-0.72076249,0.754227374,1.331196012,-0.762564731,-0.784225468,0.032767603,0.095108531,-0.078501531,-0.002604035,6.484207019,-4.329883141,0.450141931,0.056366116,0.037937681,0.001782629,0.99769628,-0.985174254,0.171514381,1.436732177,0.0,0.0,0.0,0.86058265,0.0,3.589442968
1772729844.5638635,-0.805804,0.667234,1.336079,0.05159973,0.0445514,0.00609725,0.99765498,0.104094,0.08838,0.01683,-0.686536921,-0.80174247,0.032813143,0.285582728,0.806010762,-0.00394331,0.026520556,0.033839556,1.006773849,0.0151161,0.122171956,0.070707481,51061.189926198,53539.205020223,54859.634115832,51888.982070633,-0.73367651,0.741102605,1.33173547,-0.749695439,-0.801303104,0.031640175,0.107238589,-0.056612251,-1.6e-08,6.468425636,-4.43585791,0.524777772,0.056196292,0.038896053,0.002386168,0.997666408,-0.986765585,0.160977429,1.437087742,0.0,0.0,0.0,0.86058265,0.0,3.589442968
1772729844.5738645,-0.812768,0.659247,1.336448,0.05436693,0.04651241,0.00512508,0.99742397,0.109616,0.092359,0.015347,-0.676485125,-0.811379639,0.032434569,0.213144763,0.758794926,-0.04862651,0.023240302,0.035295383,1.003372197,-0.023265691,0.097638373,0.077161784,50463.38130314,51895.791522855,55369.310169206,53708.479712097,-0.752228371,0.721756079,1.332745395,-0.717380282,-0.811356293,0.029580451,0.11365876,-0.072771806,-0.001667495,6.418788436,-4.563222729,0.621256663,0.055722108,0.040050473,0.003180969,0.997640306,-0.987963055,0.146777645,1.437563252,0.0,0.0,0.0,0.86058265,0.0,3.589442968
1772729844.5838654,-0.819448,0.651082,1.336812,0.05507418,0.0510034,0.0057538,0.99716216,0.11122,0.101256,0.017182,-0.66625959,-0.820080036,0.032208092,0.071453534,0.554439816,-0.032343518,0.016360515,0.03821535,0.998011301,-0.025726251,0.081376514,0.077879074,51292.220414201,52516.532544379,54933.857001972,52767.143491124,-0.767863717,0.705683844,1.333713093,-0.683154508,-0.810908258,0.027582984,0.114035322,-0.079285931,-0.001919332,6.369151237,-4.690587547,0.717735554,0.055247925,0.041204893,0.003975771,0.997621964,-0.989160524,0.132577861,1.438038761,0.0,0.0,0.0,0.86058265,0.0,3.589442968
1772729844.5938652,-0.825996,0.6428,1.336984,0.05378419,0.05253807,0.0058778,0.99715218,0.108683,0.104334,0.017469,-0.660050163,-0.826195951,0.031245679,-0.06067736,0.25114157,-0.005909023,0.015522798,0.038490601,0.998680213,-0.018440211,0.095415529,0.0723352,51927.69944212,53369.976987448,54500.934100418,51713.023709902,-0.783497201,0.689613525,1.334680676,-0.648932814,-0.810460276,0.025585756,0.114489722,-0.084592196,-0.002018213,6.271481649,-4.939895907,0.866083165,0.054322358,0.043442039,0.005183386,0.99758215,-0.990357851,0.11837977,1.438514214,0.0,0.0,0.0,0.86058265,0.0,3.589221757
1772729844.6038656,-0.832577,0.634526,1.337316,0.05254747,0.05282262,0.00579573,0.99720356,0.106196,0.104933,0.017206,-0.653193999,-0.834258624,0.029728447,-0.144795788,0.026593574,-0.027090823,0.014685022,0.038765872,0.999349174,-0.011153651,0.109455548,0.066790929,52067.974352398,50931.951176292,54342.274849029,54644.832381263,-0.798602241,0.674034102,1.335608953,-0.618376983,-0.811664224,0.023846631,0.115432924,-0.082323518,-0.001157376,6.241371253,-5.164830642,0.998177668,0.053989996,0.045461687,0.00623607,0.997502819,-0.991555263,0.104180663,1.438989701,0.0,0.0,0.0,0.86058265,0.0,3.588637565
1772729844.613866,-0.83908,0.626154,1.337668,0.05205858,0.05322512,0.00574027,0.99720812,0.105218,0.105752,0.017086,-0.645744206,-0.842840081,0.031320096,-0.159253486,-0.120978163,-0.019939107,0.013847245,0.039041142,1.000018134,-0.00386709,0.123495568,0.061246659,51039.023347535,51198.892221546,55266.476043822,54390.548411442,-0.808648807,0.663154798,1.336161113,-0.622861601,-0.828648035,0.024574323,0.116376125,-0.08005484,-0.000296538,6.287261551,-5.184631559,1.016846649,0.054380105,0.045645354,0.006370865,0.997457425,-0.992752675,0.089981556,1.439465188,0.0,0.0,0.0,0.86058265,0.0,3.588053374
1772729844.623866,-0.845497,0.617663,1.338029,0.05191107,0.05226804,0.00641766,0.99726231,0.104965,0.10377,0.018326,-0.642064152,-0.848323342,0.034583114,-0.08758125,-0.146099883,0.011784221,0.013009508,0.0393164,1.000687062,0.003419124,0.137534917,0.055702653,51213.636932441,51070.740146074,55098.244534388,54512.063128424,-0.813278811,0.657574054,1.336393471,-0.620946942,-0.836607465,0.024523077,0.117319282,-0.077786269,0.000564259,6.301820829,-5.193524828,1.02307999,0.054503459,0.045726544,0.006415013,0.997446461,-0.99395003,0.075783126,1.439940652,0.0,0.0,0.0,0.86058265,0.0,3.58746921
1772729844.6338668,-0.85201,0.609214,1.338321,0.05230795,0.05023351,0.00512128,0.99735362,0.105574,0.099831,0.015549,-0.635403151,-0.855565909,0.038772084,-0.00739999,-0.028234879,0.062930083,0.012171711,0.039591677,1.001356038,0.010705858,0.151575271,0.05015825,51388.263006695,50942.578904443,54930.000992088,54633.586536823,-0.816634711,0.65323957,1.336550601,-0.61752641,-0.842444167,0.024288547,0.118262506,-0.075517537,0.001425117,6.316381148,-5.202418733,1.029313777,0.054626822,0.045807739,0.006459163,0.997435495,-0.995147471,0.061583681,1.44041615,0.0,0.0,0.0,0.86058265,0.0,3.586885005
1772729844.6438673,-0.858214,0.600528,1.338701,0.05175803,0.05049992,0.00510548,0.99736894,0.104474,0.100374,0.01549,-0.627920626,-0.863321569,0.040342696,0.063235542,0.10555976,0.10064988,0.011748932,0.039961298,1.002157232,0.019304129,0.155620719,0.044184553,51562.884917833,50814.420718198,54761.761460743,54755.107048083,-0.819990532,0.64890519,1.336707727,-0.614105959,-0.84828073,0.024054022,0.119205708,-0.073248859,0.002285954,6.33094112,-5.211312426,1.035547415,0.054750182,0.045888932,0.006503313,0.99742453,-0.996344883,0.047384574,1.440891637,0.0,0.0,0.0,0.86058265,0.0,3.586300813
1772729844.653868,-0.864417,0.591869,1.339123,0.05119217,0.05196601,0.00750641,0.99730765,0.103623,0.103066,0.020403,-0.621911277,-0.870144769,0.04168483,0.127502852,0.241711902,0.128869288,0.01451666,0.041056301,1.003975064,0.037987089,0.082827535,0.034909263,51261.209795506,52583.86301439,55072.503054784,53096.938449886,-0.823346432,0.644570707,1.336864857,-0.610685427,-0.854117432,0.023819492,0.120148932,-0.070980126,0.003146813,6.330874449,-5.322417218,1.067801662,0.054725212,0.046871338,0.006730205,0.99738898,-0.997542324,0.033185128,1.441367135,0.0,0.0,0.0,0.86058265,0.0,3.585716608
1772729844.6638684,-0.87072,0.583235,1.339621,0.05316257,0.05493281,0.00814563,0.99704051,0.107751,0.108889,0.022217,-0.613634579,-0.878545438,0.040784169,0.168126812,0.313399717,0.125873661,0.017284323,0.042151277,1.005792852,0.056669604,0.010036087,0.025634195,50511.01539932,53967.709430756,55762.061225573,51738.824633602,-0.832562839,0.633664982,1.337282519,-0.604774788,-0.868172809,0.023516386,0.121092134,-0.068711448,0.00400765,6.351484883,-5.400276325,1.096676992,0.054884539,0.047564,0.006935186,0.997344311,-0.998739736,0.018986021,1.441842622,0.0,0.0,0.0,0.86058265,0.0,3.585132416
1772729844.673869,-0.876712,0.574294,1.340026,0.05418089,0.05510526,0.00783883,0.99697863,0.109772,0.109245,0.021733,-0.603930704,-0.888473458,0.038164217,0.183633693,0.234936957,0.093459444,0.020051986,0.043246254,1.00761064,0.075352119,-0.062755361,0.016359126,49904.740279089,53829.724939671,56149.726366593,51973.448788165,-0.839041962,0.625274526,1.337606897,-0.597398487,-0.878009945,0.023782371,0.118079385,-0.07162523,-0.000486282,6.373321721,-5.401071666,1.104945487,0.055071084,0.047576216,0.006997711,0.997334545,-0.999937149,0.004786914,1.442318109,0.0,0.0,0.0,0.86058265,0.0,3.584548225
1772729844.6838691,-0.882784,0.565414,1.34033,0.05530019,0.05610801,0.00821908,0.99685818,0.112101,0.111183,0.022734,-0.593842544,-0.898482694,0.035027151,0.131626998,0.073644089,0.008683944,0.021793807,0.058778669,1.009459229,0.041421242,-0.088019367,0.000228973,50102.775046707,52866.61489958,55977.449906586,53003.691382532,-0.844675578,0.617821695,1.337908386,-0.590737949,-0.886515341,0.023894993,0.118436403,-0.053715442,0.001393824,6.391850745,-5.372149175,1.105500764,0.055235199,0.047325902,0.007009036,0.997338987,-0.999942998,-0.004124384,1.442615287,0.0,0.0,0.0,0.86058265,0.0,3.584164381
1772729844.6938696,-0.888714,0.556413,1.340657,0.05544404,0.05665759,0.00841711,0.99681745,0.112432,0.112257,0.023211,-0.584321536,-0.906716346,0.031769106,0.044317368,-0.098306083,-0.088275355,0.02315848,0.063177373,1.008604803,-0.002551732,-0.092684573,-0.013382656,50069.30655457,54424.124241009,56044.386890861,51313.940681924,-0.850208072,0.610494195,1.338182711,-0.584420391,-0.89460358,0.02389922,0.119338869,-0.042764116,0.004253341,6.405285229,-5.315910829,1.099559093,0.055360532,0.046834409,0.006979362,0.99734592,-0.99989228,-0.012784872,1.442904007,0.0,0.0,0.0,0.86058265,0.0,3.584164381
1772729844.703869,-0.894377,0.54723,1.340939,0.05507454,0.05534136,0.00764956,0.99691806,0.111557,0.109719,0.021479,-0.575605269,-0.914009788,0.030180487,-0.05282725,-0.204452086,-0.131629397,0.024543944,0.054436298,1.00562939,-0.038178406,-0.095878576,-0.022916255,49684.862678275,53216.669242081,56236.275086949,52727.131812983,-0.856141091,0.602386514,1.338505516,-0.577339474,-0.903523524,0.024102746,0.118645375,-0.039829288,0.003877239,6.408530787,-5.230584642,1.085233505,0.05540359,0.046085075,0.006895258,0.997371063,-0.999738438,-0.022328965,1.44322217,0.0,0.0,0.0,0.86058265,0.0,3.584164381
1772729844.713869,-0.900098,0.538039,1.341286,0.05484856,0.05377314,0.0069351,0.99702156,0.110973,0.106667,0.019842,-0.568638071,-0.920274032,0.030419648,-0.10548025,-0.179738439,-0.17434643,0.025772948,0.047966787,1.002949061,-0.074085291,-0.089708954,-0.032255265,49721.157630559,53232.466506736,56079.194630006,52822.243771914,-0.865531523,0.589105868,1.339125067,-0.566238301,-0.917579532,0.024338403,0.11660676,-0.040545746,0.000781387,6.389004143,-5.134861352,1.064994806,0.055251527,0.045241087,0.00677355,0.997430777,-0.999267015,-0.03462641,1.443632417,0.0,0.0,0.0,0.86058265,0.0,3.584164381
1772729844.723869,-0.905759,0.528827,1.341626,0.05352537,0.05355951,0.00608719,0.99711051,0.108215,0.106358,0.017975,-0.559729166,-0.928547778,0.030228098,-0.156899936,-0.072718764,-0.163447461,0.025599429,0.061854999,1.002914052,-0.112487753,0.000363313,-0.039846616,50044.526302134,52906.289118073,55760.83794945,53249.223800566,-0.876113737,0.574060464,1.339845353,-0.55378322,-0.933380071,0.024564423,0.114568145,-0.041262204,-0.002314466,6.3089787,-5.066891665,1.035630866,0.054573275,0.044630787,0.006582235,0.997507242,-0.998638078,-0.048292452,1.444088472,0.0,0.0,0.0,0.86058265,0.0,3.584164381
1772729844.733869,-0.911482,0.519657,1.341845,0.05372589,0.05230061,0.00435024,0.99717564,0.1084,0.104026,0.014374,-0.554435066,-0.932606095,0.031066677,-0.146584794,-0.008253123,-0.123910216,0.023020895,0.057162075,0.999004279,-0.1511916,0.069277103,-0.045148046,50012.263459481,53434.92141005,55658.293288846,52782.424338586,-0.88146174,0.566160978,1.340167498,-0.547575228,-0.941375442,0.024341721,0.110631777,-0.05045902,-0.005408345,6.230513696,-5.025192761,1.009713558,0.053904593,0.044251004,0.006407512,0.997545946,-0.998009142,-0.061958494,1.444544528,0.0,0.0,0.0,0.86058265,0.0,3.584164381
1772729844.7438695,-0.916853,0.51014,1.342186,0.05235062,0.05336002,0.00451819,0.99719191,0.10568,0.106147,0.014681,-0.547261866,-0.938500099,0.029383051,-0.197471181,0.061531223,-0.052012942,0.018715194,0.043460597,0.995614775,-0.175459984,0.139805938,-0.048625034,50860.336337425,53046.253032803,55037.640850817,53129.259524543,-0.886240501,0.558953349,1.340444438,-0.541938504,-0.948508902,0.023941357,0.10610132,-0.062310197,-0.008501754,6.1547882,-5.045206705,0.991891012,0.053250339,0.044412678,0.006272152,0.997573272,-0.996962583,-0.077251826,1.445055585,0.0,0.0,0.0,0.86058265,0.0,3.584164381
1772729844.7538695,-0.922266,0.500717,1.342477,0.05103758,0.05523459,0.00470289,0.99715705,0.103108,0.109896,0.015109,-0.539497931,-0.94425733,0.026944528,-0.225925671,0.077714701,-0.025647245,0.014319417,0.034065394,0.996709243,-0.173835758,0.222883296,-0.050218173,50657.068300392,53531.393392938,55184.834650272,52720.701924534,-0.890898741,0.551709841,1.340701138,-0.536160993,-0.955572533,0.023256002,0.103096229,-0.066781349,-0.009239051,6.057764368,-5.0976827,0.978309175,0.052405978,0.044857977,0.006167217,0.997596087,-0.996315837,-0.085760094,1.445340037,0.0,0.0,0.0,0.86058265,0.0,3.584164381
1772729844.76387,-0.927605,0.491244,1.342764,0.05016303,0.05574113,0.00542273,0.99716959,0.101442,0.11085,0.016509,-0.531481781,-0.951585814,0.026572461,-0.234595466,0.090009338,-0.019527048,0.017137332,0.05408014,0.999383405,-0.150110066,0.193211075,-0.040291132,50422.468743881,53695.566538575,55376.84665655,52608.972341884,-0.895004684,0.54517329,1.340923496,-0.530874993,-0.961850707,0.022551957,0.104052408,-0.05248404,-0.004138786,5.991428147,-5.15963559,0.968383982,0.051826554,0.045389259,0.006078492,0.997603886,-0.996234086,-0.086657312,1.445370063,0.0,0.0,0.0,0.86058265,0.0,3.584164381
1772729844.77387,-0.933003,0.481854,1.343094,0.04979302,0.05299912,0.00430731,0.99734307,0.100505,0.105483,0.013948,-0.5212592,-0.959537861,0.027340721,-0.240289254,0.124199945,-0.048367911,0.018304059,0.065474842,0.998542278,-0.144949034,0.198237116,-0.033940594,50466.612786372,53396.310994713,55379.926473468,52910.794399843,-0.898057219,0.540248459,1.341096391,-0.526896143,-0.96647192,0.022176856,0.106774206,-0.04116401,-0.004452954,5.930485665,-5.224581332,0.959271825,0.051293522,0.045947306,0.005993639,0.997606494,-0.995733303,-0.092153444,1.445553992,0.0,0.0,0.0,0.86058265,0.0,3.584164381
1772729844.78387,-0.938085,0.472085,1.343173,0.04659699,0.05567382,0.00493345,0.99734889,0.094213,0.110819,0.015123,-0.512909464,-0.965484487,0.027973531,-0.203524175,0.172959592,-0.074771491,0.01931306,0.072307329,0.996879603,-0.148550861,0.219998594,-0.030387056,50702.396032042,52780.457246647,55200.814791356,53545.357675112,-0.90174793,0.534242505,1.341308686,-0.522011528,-0.971975246,0.021774724,0.110106563,-0.032017048,-0.00505635,5.863192302,-5.297716677,0.950700201,0.05070433,0.046576675,0.005913205,0.997608054,-0.994818864,-0.101265883,1.445859272,0.0,0.0,0.0,0.86058265,0.0,3.584164381
1772729844.7938704,-0.943258,0.462481,1.343542,0.04703876,0.05674235,0.003599,0.99727364,0.094978,0.113078,0.012597,-0.502144341,-0.97388298,0.031483499,-0.21151002,0.335284527,-0.041410369,0.023449329,0.067688029,0.998266036,-0.168919848,0.275751562,-0.038302115,50954.203353293,52388.342001711,54994.463883661,53994.928109495,-0.906136959,0.527052361,1.341555661,-0.516158955,-0.978374122,0.021275294,0.115344692,-0.029652001,-0.006562479,5.800904694,-5.383771516,0.945534542,0.05015621,0.047320342,0.005855423,0.997606688,-0.993191321,-0.116427797,1.446367631,0.0,0.0,0.0,0.86058265,0.0,3.584164381
1772729844.8038707,-0.948113,0.452568,1.343934,0.04586375,0.05885042,0.00393794,0.99720491,0.092703,0.117279,0.013344,-0.493907445,-0.979008315,0.034491564,-0.173769575,0.41861976,-0.023230786,0.020756445,0.050534958,1.00466576,-0.149619152,0.268041481,-0.039860183,51059.691257485,52661.03182207,54906.91609923,53830.596612489,-0.910378124,0.520107574,1.341757302,-0.510615628,-0.984269313,0.020491446,0.113727571,-0.033725562,-0.00496499,5.717451942,-5.502179787,0.938635034,0.04942166,0.04834391,0.005778012,0.997599715,-0.99202849,-0.125622013,1.44667654,0.0,0.0,0.0,0.86058265,0.0,3.584164381
1772729844.8138707,-0.952945,0.442788,1.344261,0.04481271,0.06083219,0.00396382,0.99713367,0.090639,0.121257,0.013456,-0.486172103,-0.982552083,0.033710813,-0.172571113,0.483372738,-0.017691298,0.011130641,0.058507928,1.001368201,-0.166264147,0.231991384,-0.045534992,50714.740442606,53366.653816803,55158.382763459,53278.343007656,-0.916921488,0.508871271,1.342113303,-0.501118751,-0.993828264,0.019758097,0.110424949,-0.039382138,-0.002604429,5.58923989,-5.674191287,0.923678937,0.048296139,0.049828552,0.005628162,0.997574115,-0.990865686,-0.134816009,1.446985442,0.0,0.0,0.0,0.86058265,0.0,3.584164381
1772729844.823871,-0.957916,0.433045,1.344591,0.04389311,0.06337394,0.00486168,0.99701229,0.088965,0.126278,0.015381,-0.478234236,-0.985774755,0.030919163,-0.221994401,0.455361467,-0.042495937,0.013258796,0.064886496,0.999380857,-0.189278604,0.209978579,-0.052685725,50465.301791425,53427.361751616,55329.043477288,53309.899402858,-0.922379951,0.499291829,1.342410539,-0.492723098,-1.001640442,0.019560337,0.113953386,-0.030909661,-0.007274657,5.487892646,-5.805957303,0.908704376,0.047408506,0.050964421,0.005486417,0.997562479,-0.989436785,-0.144950826,1.447326598,0.0,0.0,0.0,0.86058265,0.0,3.584164381
1772729844.8338711,-0.962616,0.423092,1.344969,0.04231848,0.06593299,0.00492249,0.99691412,0.08587,0.13142,0.01553,-0.46737428,-0.992622411,0.027779902,-0.339380828,0.336823034,-0.05750945,0.01664103,0.053314214,1.008655687,-0.186124207,0.192278227,-0.057196429,50552.965869794,53611.904843048,55248.4589786,53219.525217595,-0.927253347,0.490599084,1.342674419,-0.485042086,-1.008401961,0.018798244,0.120163453,-0.04250904,0.001665545,5.392752266,-5.908169534,0.891703458,0.046578753,0.051842729,0.005338414,0.997561507,-0.989377797,-0.145366967,1.447340608,0.0,0.0,0.0,0.86058265,0.0,3.584164381
1772729844.843871,-0.96731,0.413222,1.345173,0.04201931,0.06486008,0.00334092,0.9970037,0.085033,0.129412,0.012215,-0.457700844,-0.997421872,0.029795483,-0.41285182,-0.063737634,-0.077554799,0.017247667,0.044720554,1.01470442,-0.187961906,0.176297553,-0.058912875,50281.796271237,53882.373744967,55446.055430261,52978.485574433,-0.931104094,0.483739302,1.342897179,-0.479003533,-1.013433693,0.018870785,0.123172158,-0.050563121,0.005900399,5.302843057,-5.985467207,0.872857143,0.045797811,0.052503855,0.00518347,0.997565205,-0.988159637,-0.153118454,1.447602178,0.0,0.0,0.0,0.86058265,0.0,3.584164381
1772729844.8538716,-0.971744,0.403161,1.345331,0.0381976,0.06820207,0.00345607,0.99693404,0.077425,0.136142,0.012215,-0.445332243,-1.004213293,0.033710327,-0.462201101,-0.378730135,-0.045165393,0.016225823,0.045084494,1.013188054,-0.204350093,0.162278227,-0.058357384,50275.969301232,54060.073776072,55428.132078975,52853.148975676,-0.936722337,0.473343722,1.343135292,-0.469529897,-1.021130991,0.019209582,0.124222212,-0.043823611,0.005221177,5.168916307,-6.087380989,0.84370222,0.044636631,0.053373617,0.004950694,0.997569374,-0.986713927,-0.162317903,1.44791261,0.0,0.0,0.0,0.86058265,0.0,3.584164381
1772729844.8638716,-0.976099,0.393042,1.345759,0.03584344,0.06543869,0.00364917,0.99720595,0.072646,0.130621,0.012072,-0.436976932,-1.006761372,0.039461887,-0.383706966,-0.630536731,-0.029843063,0.015204027,0.045448417,1.01167176,-0.220737498,0.14825957,-0.05780192,50100.73882321,53908.865289668,55510.130271323,53056.387960321,-0.943041896,0.461403569,1.343472838,-0.4585661,-1.029558447,0.01986068,0.12489554,-0.026725752,0.003019912,5.019402712,-6.187957103,0.809254767,0.043342843,0.054229684,0.004681772,0.997575103,-0.984722275,-0.173848815,1.448302691,0.0,0.0,0.0,0.86058265,0.0,3.584164381
1772729844.8738718,-0.980436,0.382953,1.346271,0.03408071,0.05897904,0.00345341,0.99767131,0.068941,0.11772,0.010987,-0.427311091,-1.01017777,0.036358465,-0.267221158,-0.349918373,-0.034602795,0.014182207,0.045812348,1.01015543,-0.237125293,0.134240579,-0.057246443,50032.994635358,53680.068838907,55527.648132269,53320.821559704,-0.948881264,0.449741707,1.343877433,-0.447481775,-1.037584448,0.020295313,0.121874526,-0.034339,-0.000654103,4.864506676,-6.279888248,0.773074122,0.042004212,0.055010341,0.004405804,0.997596872,-0.982558267,-0.185927265,1.448711719,0.0,0.0,0.0,0.86058265,0.0,3.584164381
1772729844.8838723,-0.984735,0.372922,1.346685,0.03268205,0.05449157,0.00370272,0.99797237,0.066073,0.108734,0.011018,-0.417882314,-1.014696927,0.034738456,-0.147031744,0.239210252,-0.087751671,0.010192116,0.046476288,1.008564661,-0.236062489,0.148830881,-0.052260764,50054.230885081,53469.589152024,55510.436887482,53511.861006221,-0.953204754,0.440962171,1.344177212,-0.439047596,-1.043250364,0.020511987,0.129677632,-0.043752056,0.010263076,4.722587429,-6.356315144,0.747340173,0.040775178,0.055661028,0.004222223,0.997611846,-0.98084165,-0.194802946,1.449013003,0.0,0.0,0.0,0.86058265,0.0,3.584164381
1772729844.8938732,-0.98885,0.362741,1.347005,0.03326366,0.06018713,0.00355061,0.9976264,0.067333,0.120141,0.011169,-0.409033296,-1.017378165,0.03265887,-0.01230122,0.783323968,-0.137772638,0.005456861,0.047215554,1.006955142,-0.230619763,0.170602359,-0.046162953,49922.341342809,53448.973752985,55604.84537575,53463.19478444,-0.957872243,0.431499462,1.344502745,-0.430028769,-1.048994677,0.021617112,0.121715581,-0.037687911,0.011144202,4.597341899,-6.432066407,0.728288247,0.039688379,0.056309235,0.004090512,0.997623078,-0.979087395,-0.203416558,1.449305998,0.0,0.0,0.0,0.86058265,0.0,3.584462725
1772729844.9038734,-0.99299,0.352616,1.347313,0.03445611,0.06377999,0.00171949,0.9973675,0.06957,0.12745,0.007889,-0.397983344,-1.021752742,0.034017632,0.006297936,1.158887556,-0.127439013,0.000721944,0.047954767,1.005345738,-0.225177427,0.192372281,-0.040065578,49781.179479948,53189.519826273,55638.755767387,53706.087822212,-0.961437037,0.424029263,1.344776743,-0.422758635,-1.05341725,0.022740562,0.115041478,-0.030350517,0.00459493,4.484263445,-6.507938702,0.713041041,0.038705827,0.056960543,0.00398718,0.997623047,-0.977394986,-0.211373088,1.449577211,0.0,0.0,0.0,0.86058265,0.0,3.585122106
1772729844.9138744,-0.996646,0.342197,1.34723,0.03259033,0.07853411,0.00139384,0.9963776,0.066023,0.157053,0.007995,-0.388805538,-1.023916264,0.038807496,-0.000849017,0.974012604,-0.098233441,0.001287835,0.051403153,1.006951558,-0.217335244,0.207968328,-0.038857812,49915.938895617,53522.54981197,55547.279750143,53375.884271358,-0.965595723,0.415208839,1.34504282,-0.414253032,-1.058278579,0.023044692,0.123213361,-0.029350262,0.00435946,4.34766979,-6.593116364,0.695206946,0.037519378,0.057691429,0.003871319,0.997621848,-0.975464033,-0.220103516,1.449875279,0.0,0.0,0.0,0.86058265,0.0,3.585781535
1772729844.9238744,-1.00068,0.332017,1.348083,0.03249503,0.07948847,0.00137195,0.99630506,0.065845,0.158969,0.008001,-0.378720233,-1.026267199,0.043932404,-0.029775947,0.329632559,-0.045755508,0.011113043,0.059583159,1.014173377,-0.20530274,0.212776424,-0.046191478,50513.003148662,53451.14983632,54984.448609341,53580.108953695,-0.970235276,0.40500273,1.345285469,-0.404146456,-1.063684069,0.023065727,0.137757023,-0.020989666,0.011724176,4.212357691,-6.708645082,0.678289097,0.036341759,0.058687225,0.003754808,0.997609437,-0.973156893,-0.230092638,1.450217029,0.0,0.0,0.0,0.86058265,0.0,3.5864409
1772729844.933874,-1.004392,0.3218,1.348557,0.0329975,0.07634094,0.0023534,0.99653283,0.066953,0.152589,0.009843,-0.36866325,-1.028052224,0.047125861,-0.073969414,-0.377727291,0.075727168,0.015681117,0.064149355,1.018482244,-0.18350188,0.220119231,-0.049114169,50905.224774321,53499.034237421,54668.460549855,53445.910982707,-0.97418592,0.395977131,1.345555047,-0.394952905,-1.068336896,0.023984,0.142134463,-0.010447026,0.012455802,4.108313812,-6.821547726,0.659334278,0.035437916,0.059660797,0.003607386,0.997592794,-0.971123679,-0.238524375,1.450506105,0.0,0.0,0.0,0.86058265,0.0,3.587100234
1772729844.943874,-1.008029,0.311483,1.349079,0.03226138,0.07230276,0.002308,0.99685816,0.065381,0.144505,0.009364,-0.362044712,-1.027301873,0.046378871,-0.071120866,-0.833813862,0.092450412,0.008525809,0.058284533,1.014204025,-0.139191888,0.229725254,-0.04187944,50759.160227496,53548.642413545,54769.004249199,53270.584951298,-0.977171307,0.389028494,1.345816167,-0.387861669,-1.071768396,0.024954885,0.143706054,-0.010260881,0.008079643,4.045681402,-6.888998803,0.649805915,0.034893093,0.060243136,0.00353637,0.99757744,-0.968388412,-0.248729879,1.450858353,0.0,0.0,0.0,0.86058265,0.0,3.5877596
1772729844.9538743,-1.01165,0.301267,1.349367,0.03213156,0.06620823,0.00166967,0.99728694,0.064923,0.132336,0.007652,-0.349814339,-1.031212192,0.043577955,-0.101352902,-0.973962031,0.064961007,0.013466378,0.051514085,1.008499539,-0.114556835,0.220321246,-0.043546853,50425.414675146,53589.381307259,55009.520410164,53100.9701342,-0.979657523,0.383188511,1.346064187,-0.381931362,-1.074545195,0.025772475,0.14527772,-0.010074727,0.003703276,3.928789963,-6.987476032,0.634363512,0.03387748,0.061092625,0.003436587,0.997558401,-0.963802596,-0.264629587,1.451410063,0.0,0.0,0.0,0.86058265,0.0,3.588418997
1772729844.9638743,-1.014924,0.290773,1.349741,0.03162383,0.06306989,0.00274474,0.99750418,0.063986,0.125984,0.009541,-0.333096141,-1.040226167,0.037620082,-0.176764828,-0.617738066,0.019967634,0.011719591,0.05355379,1.011817251,-0.166143876,0.136964069,-0.048180283,49559.900049411,53279.148655326,55508.91303734,53541.960471518,-0.994986642,0.33954585,1.34733025,-0.332461632,-1.094585982,0.025403568,0.14684931,-0.009888581,-0.000672883,3.515462354,-7.255450303,0.586611465,0.03028977,0.06340157,0.003179642,0.997490125,-0.959216999,-0.280528536,1.451961747,0.0,0.0,0.0,0.86058265,0.0,3.589078362
1772729844.9738743,-1.018323,0.280449,1.350186,0.0306391,0.06185026,0.00390112,0.99760742,0.062127,0.123479,0.011663,-0.321518333,-1.046564984,0.040008643,-0.175083434,-0.348464843,0.016115771,0.004568084,0.055409254,1.009024847,-0.244454189,0.113042461,-0.054461683,46889.189418479,51800.285515965,56887.375366343,56087.693660342,-0.998167208,0.337819288,1.34771043,-0.303316979,-1.015329941,0.022769898,0.138891238,-0.000959615,-0.000259828,3.102134745,-7.523424574,0.538859417,0.026702061,0.065710515,0.002922696,0.997458,-0.954631402,-0.296427486,1.452513431,0.0,0.0,0.0,0.86058265,0.0,3.589442968
1772729844.983875,-1.02166,0.270135,1.350587,0.02984571,0.05964518,0.00136084,0.99777244,0.060184,0.119226,0.006321,-0.311761408,-1.048713354,0.041830731,-0.129760117,-0.119025992,0.037615934,0.006435997,0.06029549,1.007756569,-0.238634484,0.070369472,-0.013349154,47630.198986338,52756.617480167,56631.716009255,54735.69138387,-1.003116502,0.323650763,1.348324662,-0.292778315,-1.027932209,0.023688976,0.144611456,0.001073392,0.004904074,2.862302077,-7.660085746,0.50686228,0.024624298,0.066885915,0.002743693,0.997454699,-0.95017065,-0.311711171,1.453044283,0.0,0.0,0.0,0.86058265,0.0,3.589442968
1772729844.9938755,-1.024304,0.259283,1.351076,0.02831927,0.06061989,0.00323231,0.99775388,0.057354,0.12108,0.009957,-0.303157748,-1.050327808,0.043431957,-0.042318918,0.003570055,0.06695515,0.007259389,0.057089207,1.009214589,-0.168064529,0.046705813,-0.006574261,48010.857070898,53502.708600932,56552.270746757,53692.091046468,-1.008106405,0.309317618,1.348924728,-0.281525418,-1.039775376,0.024710771,0.150982216,0.002416745,0.01028106,2.753162866,-7.670370189,0.495955209,0.023680118,0.066970513,0.002710225,0.997473947,-0.946681511,-0.322128427,1.453410538,0.0,0.0,0.0,0.86058265,0.0,3.589442968
1772729845.0038755,-1.027432,0.248813,1.351429,0.02914472,0.06114523,0.00307781,0.99769854,0.059005,0.122133,0.009779,-0.294003505,-1.052917515,0.042162278,0.085062019,0.036825859,0.073275009,0.008041604,0.05377503,1.010690113,-0.096969786,0.023415991,-0.000340812,49292.610286195,54105.377467084,55785.10496439,52751.261569998,-1.012385821,0.296566808,1.349401742,-0.269599196,-1.047519305,0.026020941,0.135198868,0.003350381,0.00916052,2.67921436,-7.639879281,0.498213464,0.023036671,0.066703784,0.002779378,0.997506494,-0.943164294,-0.332194213,1.453765941,0.0,0.0,0.0,0.86058265,0.0,3.589442968
1772729845.0138755,-1.030453,0.238429,1.351857,0.03035622,0.06010823,0.00424784,0.99772113,0.061566,0.119972,0.012214,-0.285129332,-1.052810173,0.041731198,0.204130801,0.022314658,0.139883912,0.008823818,0.050460853,1.012165637,-0.025875044,0.000126169,0.005892637,49740.016314231,54452.546035103,55501.962328188,52230.273377035,-1.014824298,0.289001359,1.349689464,-0.262167813,-1.051508023,0.026891635,0.137066856,0.002412825,0.009119675,2.679640675,-7.613946693,0.505076298,0.023037747,0.06647944,0.002844232,0.997523158,-0.940341862,-0.340214712,1.454049364,0.0,0.0,0.0,0.86058265,0.0,3.589442968
1772729845.023876,-1.033318,0.228013,1.352319,0.03101568,0.0609698,0.0044555,0.99764766,0.062935,0.121676,0.012767,-0.276116425,-1.052479869,0.041240094,0.271264908,0.012122087,0.18281504,0.009606071,0.047146518,1.013641231,0.045223088,-0.023164763,0.012126384,49816.73956439,54791.370099387,55460.71803764,51776.142694016,-1.016205277,0.284691857,1.349864073,-0.257921991,-1.053502679,0.027322333,0.138934932,0.001475224,0.009078828,2.68381544,-7.588680422,0.512081526,0.023071337,0.066261015,0.002908,0.997536173,-0.938982399,-0.343928548,1.454181221,0.0,0.0,0.0,0.86058265,0.0,3.589442968
1772729845.033876,-1.035894,0.217289,1.352678,0.03308538,0.06027801,0.00534896,0.99761882,0.067193,0.120204,0.014768,-0.265110723,-1.054255415,0.039699921,0.289785944,-0.008077816,0.139580049,0.010388286,0.043832341,1.015116755,0.11631783,-0.046454585,0.018359832,49852.380844186,55015.729188138,55446.163625504,51443.92246791,-1.017602294,0.280330009,1.350040738,-0.253626168,-1.055512273,0.027761158,0.14080292,0.000537668,0.009037983,2.71360808,-7.56626475,0.519013359,0.023327883,0.06606807,0.002955855,0.997546043,-0.937623002,-0.347642207,1.454313071,0.0,0.0,0.0,0.86058265,0.0,3.589442968
1772729845.043876,-1.038418,0.206635,1.353075,0.03422827,0.06119715,0.00526235,0.99752476,0.069504,0.122034,0.014799,-0.247830598,-1.061939338,0.037874045,0.227124302,0.069259766,0.114050244,0.010658855,0.046028474,1.014452038,0.159514689,-0.041990996,0.019787649,49837.644008245,55099.729153003,55464.339056498,51261.185702239,-1.019504787,0.274318647,1.350282174,-0.247754556,-1.057993736,0.028455734,0.143409012,0.001785563,0.007912303,2.743790122,-7.54389239,0.525944081,0.023587818,0.065875511,0.003003468,0.997554125,-0.935507977,-0.353129009,1.45450909,0.0,0.0,0.0,0.86058265,0.0,3.589442968
1772729845.053876,-1.040996,0.196288,1.353493,0.03533775,0.06031045,0.00697684,0.99752956,0.071922,0.120118,0.018315,-0.234990531,-1.066975241,0.035180783,0.147621344,0.149739534,0.03047708,0.010412012,0.053797012,1.011622964,0.174499289,-0.009461248,0.016355678,50018.62596868,54894.199803132,55316.099024608,51401.041360179,-1.021485269,0.267748693,1.350552922,-0.241189752,-1.060822343,0.029211146,0.145675864,0.005919242,0.005931032,2.819565941,-7.502736397,0.536115193,0.024243876,0.06552138,0.003057451,0.997558834,-0.933178237,-0.359119653,1.454723343,0.0,0.0,0.0,0.86058265,0.0,3.589442968
1772729845.0638769,-1.043173,0.185418,1.353797,0.03564999,0.06194709,0.00660587,0.99742067,0.072549,0.123417,0.01773,-0.225658471,-1.067043015,0.033740397,0.040324206,0.18249923,-0.005776073,0.010165146,0.061566291,1.00879362,0.189485317,0.023071602,0.012923381,50432.739757462,54323.94112425,54965.401025091,51953.773039429,-1.023658821,0.259796599,1.350896189,-0.23290992,-1.064509781,0.030117088,0.143312938,0.018953268,0.002884385,2.898935171,-7.473786682,0.546018147,0.024930749,0.065273634,0.003104697,0.997559932,-0.930848276,-0.36511087,1.454937617,0.0,0.0,0.0,0.86058265,0.0,3.589442968
1772729845.073877,-1.045413,0.174744,1.354111,0.03581855,0.06315797,0.00616896,0.99734149,0.072866,0.12587,0.016965,-0.216582588,-1.067367801,0.033557472,-0.099543741,0.278217367,-0.059156928,0.010166745,0.06456007,1.005815316,0.197906923,0.05211851,0.012616568,50343.515141871,54274.059646243,54994.908378279,52000.141737295,-1.025274853,0.254022562,1.35112502,-0.227292074,-1.066986935,0.030260402,0.141404451,0.014685851,-0.000385768,2.973227401,-7.456097427,0.555208949,0.025573244,0.065123679,0.003146381,0.997553924,-0.928518481,-0.371101657,1.455151876,0.0,0.0,0.0,0.86058265,0.0,3.589442968
1772729845.083877,-1.047477,0.164027,1.354437,0.03472259,0.0650715,0.00544103,0.99726147,0.070615,0.129773,0.015502,-0.20694165,-1.069261937,0.033428509,-0.1960865,0.298009803,-0.056219504,0.010984317,0.05187146,1.002347191,0.184772355,0.06972351,0.022573968,50311.849532067,54510.965796111,55051.018717302,51668.55868437,-1.026857529,0.248378833,1.351347007,-0.221833457,-1.069391696,0.030358127,0.139660048,0.004171278,-0.003736631,3.024948487,-7.464009011,0.560718614,0.026019884,0.065195223,0.003163047,0.997537311,-0.926065872,-0.377295647,1.455373962,0.0,0.0,0.0,0.86058265,0.0,3.589442968
1772729845.0938773,-1.049507,0.153348,1.354804,0.03345765,0.06585032,0.0053945,0.99725384,0.068081,0.131355,0.015298,-0.197023168,-1.070477555,0.034737621,-0.275667702,0.26686907,-0.03917467,0.010827233,0.044614224,1.000144784,0.143622736,0.092236032,0.027998747,50310.101027576,54896.948162661,55120.958896971,51140.510327865,-1.028440242,0.242734968,1.351568998,-0.216374711,-1.071796514,0.030455855,0.137915603,-0.006343546,-0.007087573,3.07420502,-7.474717721,0.565826257,0.026445138,0.065290967,0.003176981,0.997517966,-0.922732058,-0.384948054,1.45565223,0.0,0.0,0.0,0.86058265,0.0,3.589442968
1772729845.1038773,-1.051541,0.14279,1.355151,0.0320405,0.06680313,0.00635111,0.99723137,0.065378,0.133223,0.0171,-0.186540854,-1.070640143,0.034924936,-0.312187661,0.192256074,0.019002057,0.009620502,0.043206665,0.999305602,0.072304352,0.120032595,0.02854185,50365.574429534,54803.191608629,55106.666779911,51211.935564238,-1.030405451,0.235463346,1.35185317,-0.20935012,-1.074927279,0.030375125,0.135677659,-0.014825434,-0.01006923,3.15664593,-7.486243723,0.578901663,0.027154631,0.065396679,0.003241021,0.997498621,-0.919398323,-0.39260028,1.45593049,0.0,0.0,0.0,0.86058265,0.0,3.589442968
1772729845.1138775,-1.053276,0.13193,1.355506,0.03000696,0.06935312,0.00583915,0.99712368,0.061275,0.138398,0.01596,-0.173440103,-1.076256757,0.033725401,-0.314434945,0.147921969,0.027225801,0.008413742,0.041799072,0.9984664,0.000984268,0.14782982,0.029084967,50411.010284996,53969.310591191,55056.63704169,52196.932872733,-1.033879367,0.221771352,1.352382601,-0.196149364,-1.080921386,0.029590587,0.125169,0.01075583,-0.006863879,3.234494568,-7.511415389,0.596260214,0.027820819,0.065622173,0.003341427,0.997466414,-0.916064509,-0.400252687,1.456208758,0.0,0.0,0.0,0.86058265,0.0,3.589216279
1772729845.1238773,-1.054975,0.121201,1.355843,0.0290389,0.06824118,0.00673216,0.99722343,0.05942,0.136132,0.017554,-0.160970239,-1.080753867,0.032688532,-0.286905079,0.108000667,-0.012278741,0.00720704,0.040391546,0.997627238,-0.070332416,0.175625719,0.029628058,50161.318129677,53211.611405473,55563.808761676,52768.81482493,-1.037353118,0.20808001,1.352912007,-0.182949237,-1.086915208,0.028806086,0.137290283,-0.010273366,-0.009461807,3.238675364,-7.596613664,0.617902149,0.027839333,0.066369073,0.00350629,0.997386478,-0.912730853,-0.40790473,1.456487012,0.0,0.0,0.0,0.86058265,0.0,3.588689763
1772729845.1338775,-1.056455,0.110337,1.356178,0.02739651,0.06844043,0.00640843,0.99725838,0.056071,0.136579,0.016688,-0.148588623,-1.083334133,0.032093407,-0.272726977,0.065745035,-0.046492358,0.001894284,0.04214611,0.993983648,-0.135720523,0.187794927,0.028499363,49596.168915351,52999.298592524,55989.961817884,53001.747947051,-1.0391754,0.200541302,1.353201342,-0.175613932,-1.090021176,0.02840757,0.142050345,-0.015847106,-0.009998331,3.207510362,-7.695283492,0.640090472,0.0275489,0.06723221,0.003693215,0.997365001,-0.909397039,-0.415557138,1.456765279,0.0,0.0,0.0,0.86058265,0.0,3.588163223
1772729845.143878,-1.057881,0.09948,1.356417,0.02626381,0.06960223,0.00630256,0.99720912,0.053802,0.138931,0.016385,-0.137933931,-1.083697556,0.031901293,-0.261439958,0.030033369,-0.054654792,-0.007317147,0.046892032,0.987688284,-0.195438039,0.185028388,0.025778917,49749.946273429,53000.13402192,55937.267412752,53023.184004039,-1.041120826,0.191899406,1.353503457,-0.167097509,-1.093591052,0.027491729,0.143172545,-0.013788833,-0.009519652,3.109511388,-7.773235812,0.659549659,0.026679312,0.067911867,0.003901863,0.997344632,-0.90567551,-0.423953018,1.457071455,0.0,0.0,0.0,0.86058265,0.0,3.587636669
1772729845.1538785,-1.059271,0.088638,1.356783,0.02497725,0.06972313,0.00576402,0.99723698,0.051137,0.139222,0.015126,-0.128560165,-1.082461891,0.031379789,-0.236296975,0.019325438,-0.039809416,0.001637814,0.03884621,0.996521125,-0.249797965,0.193194486,0.02028549,49933.64118546,52992.685385514,55896.929279914,53099.15861077,-1.043827422,0.179002989,1.353904944,-0.154240399,-1.099039231,0.025322374,0.144294744,-0.011730559,-0.009040973,3.010950027,-7.8510299,0.678859135,0.025804923,0.068590079,0.004109629,0.997315868,-0.90007805,-0.435698628,1.457505187,0.0,0.0,0.0,0.86058265,0.0,3.587110116
1772729845.1638782,-1.060479,0.07784,1.357126,0.02371297,0.0697467,0.00523143,0.99726913,0.048515,0.139315,0.013877,-0.118624278,-1.083192933,0.030742531,-0.20297997,0.019203325,-0.048312538,0.008903568,0.050529602,0.998846354,-0.26214599,0.17499438,0.004920698,49463.611730229,53792.408604294,56274.907896573,52348.412511712,-1.045894705,0.168715788,1.354215812,-0.143792475,-1.103168064,0.024069632,0.145152527,0.00344972,-0.00797902,2.889718951,-7.922438121,0.692130602,0.024737043,0.069210016,0.004281826,0.997297956,-0.89594488,-0.444139264,1.457818466,0.0,0.0,0.0,0.86058265,0.0,3.586583601
1772729845.1738787,-1.061614,0.067064,1.357432,0.02241168,0.0692945,0.00620077,0.99732519,0.046019,0.138382,0.015624,-0.10584035,-1.084025451,0.031999817,-0.206918791,0.043274185,-0.036116473,0.005798119,0.076526463,0.999351532,-0.212014862,0.094272159,0.007609765,49649.810697451,53764.642126708,56101.883079013,52488.616241911,-1.047584894,0.159853392,1.354485404,-0.134632546,-1.106431983,0.023442548,0.145209556,0.030688809,-0.005599045,2.766961815,-7.980555804,0.698471807,0.023660921,0.069712484,0.004398795,0.997287718,-0.892355195,-0.451313711,1.458085847,0.0,0.0,0.0,0.86058265,0.0,3.586057048
1772729845.1838791,-1.062613,0.056173,1.357715,0.02160374,0.07004514,0.00591782,0.9972923,0.044367,0.139911,0.014977,-0.09175879,-1.086326055,0.032119378,-0.236075063,0.091987381,-0.032710761,0.00432742,0.055069486,1.008159326,-0.243243195,0.132574012,-0.007389924,49841.993544917,53557.400829939,55951.401316632,52779.030559184,-1.049290281,0.150562639,1.354780237,-0.124968958,-1.109525285,0.023078633,0.142620136,0.012759116,-0.000242516,2.639642763,-8.028924933,0.699444017,0.02254903,0.070128709,0.004474767,0.997283909,-0.888360222,-0.459136048,1.458378585,0.0,0.0,0.0,0.86058265,0.0,3.585530494
1772729845.1938796,-1.063481,0.045285,1.358006,0.02115564,0.07016256,0.00550649,0.99729601,0.043409,0.140171,0.014091,-0.080278631,-1.087610322,0.030846999,-0.196949319,0.156368561,-0.029409518,0.005903309,0.05007993,1.010782414,-0.202652569,0.082183154,-0.003913408,49585.050619951,53685.289877034,56170.871156662,52644.958369595,-1.051188384,0.139729327,1.355128359,-0.113631036,-1.112702969,0.02304334,0.140373389,0.017196342,-0.003089157,2.493959657,-8.081509136,0.697233311,0.021279023,0.070580186,0.004534542,0.997280328,-0.882970472,-0.469407199,1.458765309,0.0,0.0,0.0,0.86058265,0.0,3.585003941
1772729845.2038803,-1.064239,0.034406,1.358338,0.01977246,0.07074808,0.0051272,0.99728505,0.040579,0.14138,0.013156,-0.067121024,-1.089395678,0.030003331,-0.206073672,0.197775763,-0.032119923,0.00298388,0.050066322,1.009652119,-0.205797873,0.099998007,-0.007738384,49790.767213753,53166.488947363,55986.628111274,53205.417983188,-1.052900731,0.129668809,1.355450427,-0.10307259,-1.115578055,0.022972781,0.138139791,0.022495388,-0.006251903,2.383771452,-8.111363987,0.695757992,0.020319012,0.070835348,0.004584001,0.997279434,-0.879058505,-0.47670446,1.459041317,0.0,0.0,0.0,0.86058265,0.0,3.584477375
1772729845.2138803,-1.064704,0.02349,1.358734,0.01717916,0.07353128,0.00533269,0.99713068,0.035433,0.146986,0.013305,-0.055171945,-1.088756924,0.027982913,-0.253671119,0.1566759,-0.031340131,6.466e-05,0.050052715,1.008521905,-0.208942952,0.117811585,-0.011563086,49933.24436018,52887.085725257,55862.934866084,53507.472304886,-1.054049266,0.12195432,1.355693402,-0.094880515,-1.117534679,0.022795238,0.137607754,0.020296878,-0.004727657,2.292387949,-8.138736531,0.691835238,0.019524372,0.071069236,0.004601548,0.99728107,-0.874844277,-0.484403641,1.459333824,0.0,0.0,0.0,0.86058265,0.0,3.584164381
1772729845.2238803,-1.065336,0.012645,1.358895,0.01696986,0.07263133,0.00561616,0.99719866,0.035036,0.145175,0.013812,-0.045135688,-1.086599987,0.025270284,-0.30723766,0.015282686,-0.029083019,-0.00241324,0.049481773,1.008764609,-0.205191735,0.12618244,-0.016268464,49665.488816358,54160.76999136,56132.032542959,52133.128059902,-1.055197802,0.114239831,1.355936378,-0.086688439,-1.119491302,0.022617695,0.138166244,0.017836103,-0.002289369,2.206118894,-8.171294438,0.685342162,0.018775518,0.071348023,0.004592882,0.997274694,-0.871956034,-0.489558774,1.459530808,0.0,0.0,0.0,0.86058265,0.0,3.584164381
1772729845.2338803,-1.065796,0.00181,1.359153,0.0170578,0.07288731,0.00532092,0.9971801,0.035175,0.145697,0.013239,-0.036684301,-1.084118866,0.023183064,-0.322886628,-0.194831219,-0.057317625,-0.001809967,0.046729159,1.015989146,-0.163616606,0.081889355,-0.025232564,49825.310004697,53924.667097229,56004.830084547,52419.341592297,-1.056295851,0.106428505,1.356164314,-0.078333624,-1.12137817,0.022546378,0.140247287,0.020608268,-0.0011507,2.114609541,-8.204327393,0.678784784,0.017981128,0.071630784,0.004587383,0.99726894,-0.868969909,-0.494849411,1.459733317,0.0,0.0,0.0,0.86058265,0.0,3.584164381
1772729845.2438805,-1.065898,-0.009126,1.359381,0.01306879,0.07227668,0.00536218,0.99728458,0.027128,0.144523,0.012717,-0.024662222,-1.08394204,0.0236447,-0.345514538,-0.323866268,-0.090316305,4.687e-06,0.05244944,1.011748339,-0.163521116,0.089280042,-0.025555657,50175.154173347,53120.179727121,55709.850227399,53315.778866603,-1.057323853,0.098528321,1.356375251,-0.069815903,-1.123158093,0.022623756,0.14232838,0.023380499,-1.2003e-05,2.037576289,-8.236782198,0.671741958,0.01731312,0.071909067,0.004569137,0.997262031,-0.865702631,-0.500542682,1.459952089,0.0,0.0,0.0,0.86058265,0.0,3.584164381
1772729845.2538815,-1.066252,-0.019852,1.359593,0.011274,0.06934724,0.00481663,0.99751725,0.023387,0.138686,0.011282,-0.013594419,-1.081902916,0.02548969,-0.380518423,-0.339130173,-0.092066729,0.001819471,0.05817013,1.00750723,-0.163425619,0.096671259,-0.025878773,50360.438504074,53256.054902987,55596.620914177,53125.690868043,-1.058259686,0.090979967,1.356603513,-0.061731348,-1.124692959,0.022909813,0.145006246,0.02804705,-0.001858357,1.968443691,-8.266675382,0.664372911,0.016714263,0.072165356,0.004543727,0.997253887,-0.86182068,-0.507190452,1.460208736,0.0,0.0,0.0,0.86058265,0.0,3.584164381
1772729845.2638807,-1.066346,-0.030668,1.359869,0.0099977,0.06684363,0.00391055,0.99770571,0.020658,0.1337,0.009222,-0.002293534,-1.079295668,0.027288216,-0.37649866,-0.253509371,-0.072833656,0.003633951,0.063889865,1.003266828,-0.163330138,0.104061241,-0.026201835,49871.013742255,53986.434075254,55929.210529959,52420.319118003,-1.059199541,0.082678192,1.356854226,-0.052844,-1.126108994,0.022733826,0.147034563,0.033626778,-0.006267964,1.904826799,-8.284113633,0.656401168,0.0161646,0.072313463,0.004511841,0.997251549,-0.857720269,-0.514093415,1.460476405,0.0,0.0,0.0,0.86058265,0.0,3.584164381
1772729845.2738805,-1.0663,-0.041469,1.360183,0.0086306,0.06543739,0.00394415,0.99781156,0.017894,0.130894,0.009078,0.007914421,-1.076795627,0.027617004,-0.312661139,-0.151517249,-0.023510481,0.002225113,0.056862109,1.002348687,-0.169626875,0.096383318,-0.041796817,49425.890828866,54390.72349006,56257.071357404,52052.441334156,-1.060141786,0.07395274,1.357117565,-0.043505205,-1.127458592,0.02229871,0.143724464,0.034186135,-0.007268889,1.810400367,-8.307499903,0.63947043,0.01535216,0.072510978,0.004420791,0.997250541,-0.853682959,-0.520777342,1.460736688,0.0,0.0,0.0,0.86058265,0.0,3.584164381
1772729845.2838807,-1.065967,-0.05236,1.360505,0.00614211,0.06786613,0.0042838,0.99766633,0.012957,0.13578,0.009469,0.020689608,-1.076053085,0.028261643,-0.26229646,0.047446086,0.008781662,-0.001196734,0.059412394,1.001005187,-0.186949643,0.080109972,-0.039535741,49362.412255299,54047.59353643,56341.195528785,52435.11942546,-1.06103679,0.065501876,1.357369419,-0.034461419,-1.128743348,0.021864584,0.140414208,0.034745518,-0.008269862,1.736051698,-8.325686442,0.626340281,0.014712406,0.072664683,0.004351128,0.997249408,-0.849737825,-0.527197384,1.460987837,0.0,0.0,0.0,0.86058265,0.0,3.584164381
1772729845.2938814,-1.065916,-0.06293,1.360709,0.00521836,0.06756298,0.00480926,0.99768977,0.011165,0.135175,0.010396,0.036549666,-1.078473814,0.028353815,-0.298024433,0.223171067,0.016900026,-0.004618743,0.0619628,0.999661622,-0.204273237,0.06383585,-0.037274558,49271.917149311,53797.97280783,56394.034953087,52762.480916252,-1.061681851,0.058504508,1.357560502,-0.026979224,-1.129685018,0.021435784,0.139391026,0.033073637,-0.006971445,1.665085795,-8.341867616,0.614460223,0.014101442,0.072801319,0.004290607,0.997247948,-0.846188461,-0.53286272,1.461210714,0.0,0.0,0.0,0.86058265,0.0,3.584164381
1772729845.3038812,-1.0655,-0.073726,1.360963,0.00466465,0.06768864,0.0044544,0.99768565,0.010002,0.135436,0.009608,0.050085013,-1.079802059,0.027764576,-0.314927853,0.335728219,-0.005726301,-0.00512201,0.059467203,1.000260979,-0.216698604,0.053665692,-0.037105138,49258.295628962,54334.937771104,56447.895562229,52224.184017351,-1.062400784,0.049977021,1.357789218,-0.017877438,-1.130746615,0.020635823,0.13906841,0.030718577,-0.004968944,1.560755677,-8.358909896,0.59757813,0.013203301,0.07294374,0.004207871,0.997249697,-0.842366223,-0.538885064,1.461448497,0.0,0.0,0.0,0.86058265,0.0,3.584164381
1772729845.3138812,-1.064847,-0.08457,1.361304,0.00246407,0.06975178,0.00491049,0.99754925,0.005656,0.13959,0.01024,0.062998312,-1.080472165,0.027004124,-0.301478061,0.337271507,-0.051092407,0.001759856,0.044203088,1.005776652,-0.216733332,0.058937641,-0.042228442,49476.93399546,54265.694551646,56315.352572834,52336.771698827,-1.063081943,0.040999969,1.358034267,-0.008258875,-1.131744316,0.019914004,0.138745787,0.028363461,-0.002966395,1.458497165,-8.35573885,0.582065033,0.012323421,0.072910723,0.004138309,0.997254433,-0.837856917,-0.545795362,1.461723571,0.0,0.0,0.0,0.86058265,0.0,3.584164381
1772729845.3238811,-1.064121,-0.095417,1.361568,0.00065488,0.07249499,0.00432931,0.99735917,0.001955,0.14511,0.008824,0.072875711,-1.07762968,0.025657192,-0.234062354,0.224083087,-0.079055928,-0.007126512,0.05365491,1.010700111,-0.226371938,0.064680765,-0.031946841,49748.566130474,53995.950848972,56112.101429848,52688.166666667,-1.06368595,0.031671754,1.358296786,0.00185817,-1.132596897,0.019641505,0.138423164,0.026008345,-0.000963846,1.326305682,-8.375028392,0.562283795,0.011184707,0.073072049,0.004048736,0.997254648,-0.832112978,-0.553997734,1.462057415,0.0,0.0,0.0,0.86058265,0.0,3.584164381
1772729845.333881,-1.063316,-0.10624,1.361834,-0.00062047,0.0733723,0.00393654,0.99729666,-0.000667,0.14688,0.007845,0.083233646,-1.073288378,0.025512398,-0.172034337,0.115414217,-0.080640406,-0.005970234,0.05572504,1.007992935,-0.206556452,0.077335191,-0.035864624,49574.558019414,54092.232879152,56277.057974886,52545.833912192,-1.064404932,0.017211328,1.358699878,0.017824554,-1.133547415,0.019793677,0.142025952,0.028983883,-0.004195414,1.176471305,-8.407558409,0.53998688,0.009893433,0.073347941,0.003947368,0.997247766,-0.826369177,-0.56219991,1.462391252,0.0,0.0,0.0,0.86058265,0.0,3.5841373
1772729845.3438807,-1.06245,-0.116889,1.362056,-0.00144705,0.07433008,0.00375676,0.99722557,-0.002354,0.148807,0.007359,0.091062869,-1.066042586,0.0244819,-0.086471153,-0.027508717,-0.054345254,-0.002633904,0.063051361,1.005591956,-0.214627711,0.069259552,-0.026415197,49439.192551267,53626.623039807,56385.908323281,53066.615651387,-1.064895224,0.006219676,1.358979995,0.029807634,-1.134005671,0.019527945,0.142861137,0.042264628,-0.006413705,1.026636929,-8.440088426,0.517689964,0.008602159,0.073623833,0.003846,0.997251201,-0.820625375,-0.570402087,1.462725088,0.0,0.0,0.0,0.86058265,0.0,3.583897162
1772729845.3538811,-1.061587,-0.127459,1.362269,-0.00114466,0.07206142,0.00335583,0.99739389,-0.001819,0.144255,0.006598,0.10253786,-1.060998778,0.025411602,-0.066346956,-0.054308349,-0.031029795,-0.004126505,0.078864404,1.00183516,-0.216699955,0.051360396,-0.027892594,49585.168064691,53168.066099411,56332.218856235,53531.593607306,-1.065180496,-0.003290257,1.35919582,0.04023558,-1.134156019,0.019051273,0.140804173,0.060139415,-0.008174324,0.920878303,-8.456885617,0.504461869,0.007689558,0.073765564,0.003797634,0.997248373,-0.814881162,-0.57860485,1.463058948,0.0,0.0,0.0,0.86058265,0.0,3.583657007
1772729845.3638818,-1.060581,-0.137979,1.362513,-0.00053488,0.07053234,0.0033103,0.99750386,-0.000606,0.141185,0.006594,0.113662929,-1.056627931,0.026180464,-0.087772238,-0.072455973,-0.006562737,-0.006493615,0.07551714,0.999178719,-0.206649753,0.042154964,-0.021021467,49865.03193373,53173.334239703,56172.282007504,53556.776210952,-1.06536903,-0.012859052,1.359400465,0.050760957,-1.134077878,0.018438415,0.140558961,0.063654243,-0.008779419,0.790676786,-8.477931372,0.490972325,0.006564274,0.073943575,0.003762737,0.997244837,-0.809136813,-0.586807808,1.463392816,0.0,0.0,0.0,0.86058265,0.0,3.583416846
1772729845.3738818,-1.059226,-0.148637,1.36287,-0.00188286,0.07163959,0.00357848,0.99742239,-0.003277,0.143414,0.00694,0.126675665,-1.054552443,0.026696315,-0.136056385,-0.020167995,2.3558e-05,-0.002844154,0.057894094,1.013088426,-0.184570669,0.046477486,-0.027842448,49969.369251634,53496.399087659,56101.993588953,53323.609172728,-1.065543653,-0.0223465,1.359599257,0.060934979,-1.133639033,0.017648467,0.148238635,0.048489296,0.000157871,0.654754794,-8.483122287,0.475679738,0.005391061,0.07398352,0.003717033,0.997241416,-0.803392874,-0.59501018,1.46372666,0.0,0.0,0.0,0.86058265,0.0,3.583176703
1772729845.3838828,-1.057856,-0.159215,1.363093,-0.00289482,0.07276935,0.00370033,0.99733773,-0.005292,0.145687,0.007034,0.13879178,-1.05358764,0.025568051,-0.153250423,-0.025224961,-0.024484917,-0.018034304,0.05472211,1.013086216,-0.210790819,0.078412569,-0.033970234,49673.500989332,53812.25924566,56345.747873447,53003.810374722,-1.06561925,-0.033692477,1.359865591,0.073221524,-1.132884214,0.017486328,0.133026304,0.04221869,0.003259712,0.537958455,-8.505984063,0.459485698,0.004384242,0.074178033,0.003650606,0.997236243,-0.7968204,-0.604002353,1.464098261,0.0,0.0,0.0,0.86058265,0.0,3.582936536
1772729845.3938832,-1.056442,-0.169687,1.363386,-0.00467413,0.07369278,0.0035216,0.99726382,-0.0089,0.14755,0.006405,0.149678095,-1.049244299,0.02432817,-0.143054304,-0.042463699,-0.03596337,-0.01880374,0.055558798,1.011976911,-0.210643738,0.06836929,-0.032718766,49384.634131606,54217.60832266,56614.833353471,52532.626108601,-1.065461952,-0.044319766,1.360131998,0.085130828,-1.132145627,0.017847303,0.137239538,0.044318994,-0.002334912,0.397097842,-8.533154136,0.442292584,0.003168549,0.074409455,0.003591226,0.997226429,-0.785644545,-0.617381121,1.464679605,0.0,0.0,0.0,0.86058265,0.0,3.582696381
1772729845.403884,-1.055047,-0.180103,1.363535,-0.00398826,0.07005581,0.00317696,0.99753004,-0.007586,0.14025,0.005837,0.160484846,-1.04548029,0.023615271,-0.123475004,-0.07839995,-0.042486032,-0.017350985,0.056761505,1.010893346,-0.206256372,0.052205035,-0.030462252,49486.608708553,53760.09086863,56522.556153104,53151.65647949,-1.064397835,-0.06559419,1.36060952,0.110331643,-1.131166358,0.017368892,0.13895301,0.044955141,-0.002956978,0.14115036,-8.547805938,0.410549493,0.000961343,0.074528712,0.003480983,0.997212835,-0.774468423,-0.630760208,1.465260962,0.0,0.0,0.0,0.86058265,0.0,3.582456221
1772729845.4138844,-1.053237,-0.19062,1.363823,-0.0048993,0.07112395,0.00319765,0.99745033,-0.009414,0.142397,0.00574,0.170831748,-1.040667076,0.024673062,-0.091397112,-0.176943813,-0.022975122,-0.015898264,0.057964185,1.009809806,-0.20186911,0.036041165,-0.028205793,49420.697603183,54152.240281681,56455.099725266,53009.508542015,-1.064516109,-0.077193309,1.360960259,0.121061476,-1.127088231,0.017081052,0.140550319,0.045523259,-0.003348041,-0.028155978,-8.551274761,0.381559496,-0.000493257,0.074553894,0.003338826,0.99720691,-0.763292568,-0.644138976,1.465842306,0.0,0.0,0.0,0.86058265,0.0,3.582216066
1772729845.4238846,-1.051538,-0.201003,1.364004,-0.00465382,0.06942262,0.00239825,0.9975736,-0.009039,0.138978,0.004179,0.182958236,-1.038045687,0.024442836,-0.071742859,-0.182136208,-0.02312723,-0.014445578,0.059166835,1.008726291,-0.197481952,0.019877681,-0.025949387,49478.120534929,54176.241316206,56547.379341897,52850.320059828,-1.063771811,-0.085532039,1.361165353,0.130440885,-1.124817541,0.016935811,0.140542284,0.052883665,-0.003722739,-0.209478398,-8.553470431,0.352394121,-0.002052273,0.074567834,0.003202963,0.997213598,-0.752116979,-0.657517425,1.466423636,0.0,0.0,0.0,0.86058265,0.0,3.581975917
1772729845.4338846,-1.049606,-0.211279,1.364334,-0.00570683,0.07034091,0.00317713,0.99750163,-0.011048,0.140832,0.005591,0.196871439,-1.03709621,0.022680771,-0.091312785,0.086456151,-0.059768025,-0.014421604,0.057943876,1.007943072,-0.183054914,-0.004817443,-0.035147525,49692.153088158,54592.497730072,56339.251134964,52487.940805912,-1.06302753,-0.093870571,1.361370442,0.139820069,-1.122546904,0.016790573,0.139527851,0.064502123,-0.004087174,-0.400134486,-8.54499178,0.327560195,-0.003695062,0.074489408,0.003110668,0.997218737,-0.740941656,-0.670895555,1.467004952,0.0,0.0,0.0,0.86058265,0.0,3.581735773
1772729845.4438848,-1.047544,-0.221746,1.364583,-0.00690359,0.07082456,0.00296499,0.99746049,-0.013488,0.141805,0.004987,0.206546118,-1.032304209,0.022183724,-0.110926623,0.267644701,-0.090639013,-0.014434824,0.056764281,1.007678507,-0.173329442,-0.003126004,-0.034655533,49708.649994586,54679.748088297,56315.038362974,52437.820807788,-1.062283231,-0.102209301,1.361575536,0.149199478,-1.120276213,0.016645331,0.138513394,0.076120858,-0.004451617,-0.467789328,-8.538564257,0.315106743,-0.004275622,0.074432341,0.003045892,0.997218402,-0.734004667,-0.679139633,1.467364277,0.0,0.0,0.0,0.86058265,0.0,3.581495624
1772729845.4538856,-1.045535,-0.23195,1.3648,-0.00653655,0.06865608,0.00267015,0.9976154,-0.012796,0.137452,0.004472,0.216133831,-1.027068384,0.022369,-0.08910633,0.278409165,-0.095556468,-0.014448044,0.055584631,1.007413929,-0.163603506,-0.001434485,-0.034163518,49651.982870726,54645.14221113,56358.944569628,52503.355687672,-1.061538897,-0.110548429,1.36178064,0.158579333,-1.118005414,0.016500083,0.136998249,0.07950073,-0.004238268,-0.528481811,-8.532484563,0.303307971,-0.004796031,0.074378496,0.002982279,0.997217292,-0.732867638,-0.680358003,1.467419818,0.0,0.0,0.0,0.86058265,0.0,3.581255463
1772729845.4638855,-1.043268,-0.242293,1.364865,-0.00667902,0.07309263,0.00110435,0.99730218,-0.013303,0.146327,0.00124,0.228732619,-1.023376209,0.024164495,-0.094751796,0.24476724,-0.073612302,-0.014461264,0.054405064,1.00714937,-0.153878266,0.000256914,-0.033671538,49595.319799729,54610.538808995,56402.847636088,52568.885880466,-1.060794616,-0.118886961,1.361985729,0.167958518,-1.115734777,0.016354845,0.135052955,0.075799307,-0.003528358,-0.589169954,-8.526405305,0.291510043,-0.005316403,0.074324655,0.002918669,0.997216182,-0.73173069,-0.681576285,1.467475355,0.0,0.0,0.0,0.86058265,0.0,3.58101532
1772729845.4738863,-1.040821,-0.252543,1.365181,-0.00833773,0.07915042,0.00062817,0.99682762,-0.016734,0.158472,-6.8e-05,0.239531852,-1.017843065,0.025941012,-0.090638339,0.104754063,-0.04454985,-0.014474484,0.053225414,1.006884792,-0.144152331,0.001948433,-0.033179523,49538.652675869,54575.932931828,56446.753842743,52634.42076035,-1.060050282,-0.127226089,1.362190832,0.177338374,-1.113463978,0.016209597,0.133107523,0.072097619,-0.002818398,-0.649862437,-8.520325611,0.279711271,-0.005836812,0.074270809,0.002855056,0.997215071,-0.73059366,-0.682794655,1.467530896,0.0,0.0,0.0,0.86058265,0.0,3.580775159
1772729845.483886,-1.038588,-0.262495,1.365528,-0.00802259,0.07340667,0.00147075,0.99726874,-0.015958,0.146964,0.001775,0.251376658,-1.013163068,0.028632564,-0.133236779,-0.024761864,-0.006691507,-0.014487703,0.052045875,1.00662024,-0.134427322,0.003639791,-0.032687555,49484.247743416,54545.075045132,56492.303791061,52688.122066441,-1.059306019,-0.135564422,1.362395916,0.186717335,-1.111193396,0.016064363,0.131162276,0.068396285,-0.002108505,-0.710549132,-8.514246497,0.267913624,-0.006357171,0.07421697,0.002791448,0.997222364,-0.729456739,-0.684012909,1.467586432,0.0,0.0,0.0,0.86058265,0.0,3.580535022
1772729845.4938865,-1.035855,-0.272723,1.365844,-0.00882778,0.07288255,0.00186505,0.99729972,-0.017523,0.145922,0.002459,0.260586554,-1.00830776,0.032502945,-0.15678738,-0.375417972,0.027111696,-0.011708431,0.057007444,1.011156818,-0.146517628,0.013047131,-0.026028313,49448.863660137,54545.782726797,56551.749050969,52642.122758179,-1.058561702,-0.143903351,1.362601015,0.196096967,-1.108922651,0.015919118,0.1317347,0.072324734,-0.001908909,-0.771240168,-8.508166948,0.256115133,-0.006877568,0.074163126,0.002727836,0.997229962,-0.728319737,-0.685231249,1.467641972,0.0,0.0,0.0,0.86058265,0.0,3.580294867
1772729845.5038867,-1.033188,-0.282824,1.366078,-0.00974874,0.07210474,0.00192742,0.99734756,-0.019371,0.144366,0.002464,0.271003269,-1.002984853,0.028482331,-0.148940584,-0.398135118,0.045126431,-0.009277172,0.062960724,1.015378492,-0.161125706,0.020852286,-0.018768717,49545.532726642,54493.673807125,56513.833352602,52669.764942937,-1.057817404,-0.152242081,1.362806109,0.205476375,-1.10665196,0.015773877,0.132362381,0.07642058,-0.001720521,-0.831929757,-8.502087545,0.244316924,-0.007397952,0.074109283,0.002664225,0.997229531,-0.725721055,-0.687974278,1.467767929,0.0,0.0,0.0,0.86058265,0.0,3.580054717
1772729845.5138867,-1.030452,-0.292795,1.366347,-0.01048749,0.07204944,0.00173431,0.99734442,-0.020888,0.144252,0.001969,0.286404896,-1.002061134,0.01838001,-0.131404674,0.199387948,0.007845309,-0.013241103,0.064036532,1.010086798,-0.153150794,0.007637811,-0.018475336,49604.934874313,54481.313647523,56485.828273573,52677.64992566,-1.057043396,-0.160581126,1.363012492,0.2148627,-1.104312298,0.015677214,0.132990046,0.080516328,-0.001532136,-0.89811822,-8.493431953,0.235829612,-0.007968335,0.074032905,0.002632631,0.997229592,-0.721230808,-0.692690412,1.467985013,0.0,0.0,0.0,0.86058265,0.0,3.579814574
1772729845.523887,-1.027565,-0.302834,1.366581,-0.01149059,0.07183431,0.00142556,0.99734937,-0.022954,0.143816,0.001205,0.301275132,-0.999590541,0.011923477,-0.152334667,1.053570475,-0.005668197,-0.009283231,0.058866106,1.008514969,-0.141593052,-0.015426023,-0.024127833,49376.150738218,54658.974862557,56617.442602261,52527.906901559,-1.055892028,-0.168926888,1.363235313,0.224339889,-1.101096381,0.016197148,0.139062693,0.076495458,-0.002257739,-0.980858326,-8.475262363,0.225999865,-0.008681833,0.07387364,0.002599109,0.997232063,-0.715225237,-0.698714103,1.468268569,0.0,0.0,0.0,0.86058265,0.0,3.579574425
1772729845.5338871,-1.024615,-0.312653,1.36681,-0.01139912,0.07164558,0.00232565,0.9973623,-0.022639,0.143458,0.003037,0.311810088,-0.994039254,0.0092753,-0.109398174,1.583759771,-0.002925878,-0.007900068,0.053382813,1.008430968,-0.128463734,-0.030323988,-0.026005497,49147.366602123,54836.636077591,56749.05693095,52378.163877459,-1.054145043,-0.180531745,1.363500107,0.237240607,-1.096785469,0.016252352,0.135102584,0.0680709,-0.002591674,-1.136597432,-8.413472385,0.199618678,-0.010019583,0.073334612,0.002464671,0.997248101,-0.709049183,-0.704884901,1.468559602,0.0,0.0,0.0,0.86058265,0.0,3.579334276
1772729845.5438871,-1.021199,-0.322716,1.366516,-0.01232088,0.09044663,0.00191715,0.99582324,-0.024597,0.181174,0.001616,0.322625444,-0.990240086,0.010303506,-0.054651722,1.742894257,-0.01947922,-0.013949784,0.051088348,1.007932163,-0.115576063,-0.030318656,-0.020203263,49166.159761012,54810.739697096,56729.520661387,52451.477532305,-1.052375271,-0.192052305,1.363755205,0.24999273,-1.092524972,0.016143336,0.123150565,0.072855408,-0.006536111,-1.205133301,-8.384489266,0.187308279,-0.010607915,0.073082008,0.002398849,0.997262746,-0.702873276,-0.711055551,1.468850629,0.0,0.0,0.0,0.86058265,0.0,3.579094132
1772729845.5538871,-1.01786,-0.332687,1.366681,-0.01254307,0.10292679,0.00115542,0.99460918,-0.025251,0.206232,-0.00029,0.330291224,-0.984353814,0.014890477,-0.005953986,1.520099782,-0.056421109,-0.0199995,0.048793882,1.007433358,-0.102688393,-0.030313324,-0.014401028,49441.234041962,54574.129192719,56553.519744338,52755.691037932,-1.051224259,-0.198862434,1.363895056,0.257416173,-1.089987099,0.015588826,0.122063488,0.074691485,-0.006770446,-1.252533153,-8.366326551,0.178454677,-0.011014648,0.072923783,0.002350362,0.997271367,-0.696697369,-0.717226201,1.469141656,0.0,0.0,0.0,0.86058265,0.0,3.578885794
1772729845.563887,-1.014683,-0.342365,1.367049,-0.013228,0.10722945,0.00138574,0.99414533,-0.026619,0.21489,-8.4e-05,0.336792493,-0.977477952,0.022240581,0.006456995,0.964413938,-0.09638772,-0.023569029,0.051042521,1.007209957,-0.089060936,-0.031201587,-0.010690738,49237.398997001,54816.357131966,56777.396845298,52459.762939871,-1.049775987,-0.206760897,1.364083398,0.266141685,-1.086955681,0.015265968,0.124870707,0.075470726,-0.00567498,-1.288361093,-8.358069299,0.171558049,-0.011322015,0.072851864,0.002312343,0.997281986,-0.690408758,-0.723404605,1.469435561,0.0,0.0,0.0,0.86058265,0.0,3.578885794
1772729845.5738869,-1.011321,-0.352101,1.367301,-0.012054,0.10588431,0.00043926,0.9943053,-0.024428,0.212161,-0.001718,0.344104194,-0.971072119,0.028802475,0.005396323,0.241787109,-0.118029457,-0.017462568,0.071016272,1.008061014,-0.072545621,-0.035576297,-0.015141708,49205.186260607,54924.515145879,56865.2597466,52308.410205742,-1.048138623,-0.215351773,1.364302585,0.275695564,-1.083610284,0.015090412,0.127677992,0.076249986,-0.004579489,-1.334699952,-8.330069033,0.166066934,-0.011721663,0.072607804,0.002291168,0.997296621,-0.683944588,-0.729524746,1.4697323,0.0,0.0,0.0,0.86058265,0.0,3.578885794
1772729845.5838869,-1.007842,-0.361797,1.367582,-0.0119497,0.10282764,-0.00024062,0.99462738,-0.024337,0.205998,-0.003,0.355694609,-0.965680447,0.030204399,-0.022301954,-0.155846494,-0.095337608,-0.014940581,0.076267973,1.000536825,-0.054066167,-0.016336877,-0.021133392,49545.189848912,54745.461386305,56612.083876941,52551.064012457,-1.046481999,-0.223934417,1.364517161,0.285189228,-1.080232847,0.014851522,0.130485278,0.077029245,-0.003483997,-1.378878018,-8.297092749,0.159907055,-0.012102089,0.072320576,0.002262144,0.99731308,-0.677724259,-0.73531446,1.470015471,0.0,0.0,0.0,0.86058265,0.0,3.578885794
1772729845.593887,-1.004189,-0.371408,1.367899,-0.01269369,0.1042909,-0.00069541,0.99446558,-0.025959,0.208926,-0.00412,0.367390696,-0.960851247,0.028347327,-0.048506281,-0.229355091,-0.061508921,-0.011950733,0.059680294,1.006107038,-0.053780315,-0.026559511,-0.025481194,49554.971132294,54854.173304761,56561.480134979,52554.454838789,-1.044747422,-0.232496091,1.36471365,0.294460848,-1.076726561,0.01436472,0.133292631,0.077808523,-0.002388479,-1.423203766,-8.263925609,0.14883058,-0.012480812,0.072032299,0.002190006,0.997324383,-0.671927271,-0.740606312,1.470277135,0.0,0.0,0.0,0.86058265,0.0,3.578885794
1772729845.603887,-1.000434,-0.381039,1.368168,-0.01353911,0.10278955,-0.00069941,0.99461073,-0.027664,0.205904,-0.004265,0.375659721,-0.955769812,0.030187131,-0.031133353,-0.524086181,-0.028348752,-0.01696028,0.054237377,1.01445843,-0.052741269,-0.030089438,-0.02190073,49297.170827858,54713.943647023,56738.781360558,52776.659254018,-1.042230375,-0.244000777,1.364886824,0.307179323,-1.072187635,0.013793404,0.13434597,0.079083901,-0.000932707,-1.47126911,-8.229383859,0.134396644,-0.012890034,0.071732411,0.002090634,0.997334907,-0.663131867,-0.748502334,1.470671217,0.0,0.0,0.0,0.86058265,0.0,3.578885794
1772729845.613888,-0.996588,-0.390574,1.368416,-0.01321731,0.1016553,-0.00065623,0.99473166,-0.02699,0.203626,-0.004077,0.381673033,-0.948989464,0.03463661,-0.000119637,-1.003589191,0.010208029,-0.01770753,0.046023323,1.007296726,-0.070190523,-0.020937318,-0.021180851,48736.353280671,54635.322337212,57106.762666473,52907.419247018,-1.039864143,-0.254055475,1.36512291,0.318643366,-1.068080703,0.014393938,0.134411441,0.080638854,0.000726145,-1.519339039,-8.194838815,0.119961332,-0.013299296,0.071432495,0.001991251,0.997352374,-0.655519702,-0.755177712,1.471008693,0.0,0.0,0.0,0.86058265,0.0,3.578885794
1772729845.6238875,-0.992652,-0.400082,1.36871,-0.0138005,0.10054871,-0.00047637,0.99483631,-0.028126,0.201405,-0.0038,0.388699788,-0.942936874,0.037541392,0.043869835,-1.521126069,0.019019979,-0.016431377,0.051266823,0.999876486,-0.080715069,-0.016689766,-0.01854215,48801.2214933,54897.842687649,57018.820525862,52677.550681462,-1.037833779,-0.262295502,1.365367438,0.327749706,-1.064396928,0.014485885,0.134476903,0.082193585,0.002384759,-1.569159348,-8.164180891,0.107637767,-0.013725179,0.071166206,0.00191157,0.99736328,-0.649524228,-0.760278087,1.471271048,0.0,0.0,0.0,0.86058265,0.0,3.578885794
1772729845.6338887,-0.989026,-0.409307,1.36932,-0.01245258,0.08369354,-6.889e-05,0.99641373,-0.025183,0.167568,-0.002253,0.399028217,-0.937524981,0.039016995,0.025408481,-1.728882221,0.019484834,-0.021201571,0.061130157,0.999018323,-0.075145271,-0.021207305,-0.026158064,48866.018507094,55159.855027761,56931.054750154,52448.103331277,-1.035803076,-0.270536903,1.365612008,0.336857567,-1.060712537,0.014577848,0.134542376,0.083748576,0.00404365,-1.612328553,-8.142433468,0.097853746,-0.014094862,0.070977405,0.001850574,0.997373667,-0.643527753,-0.765379314,1.471533446,0.0,0.0,0.0,0.86058265,0.0,3.578885794
1772729845.6438887,-0.984906,-0.418765,1.369631,-0.01206064,0.07223498,-0.0003097,0.99731467,-0.024358,0.144578,-0.002385,0.410532307,-0.933311457,0.037946151,-0.026578958,-1.602094182,-0.007532504,-0.023389044,0.066091072,1.000474983,-0.07113383,-0.021003514,-0.030464827,48877.960708015,55066.307787216,56966.383761211,52514.78061975,-1.033718203,-0.27835172,1.365825385,0.345501461,-1.057168333,0.014627207,0.134607842,0.085303381,0.005702343,-1.643776741,-8.125978556,0.08790664,-0.014362453,0.070834918,0.001781434,0.997380462,-0.637299617,-0.770600874,1.471804362,0.0,0.0,0.0,0.86058265,0.0,3.578885794
1772729845.6538894,-0.980637,-0.428096,1.370013,-0.01278936,0.06762946,-0.00022812,0.99762851,-0.025788,0.135345,-0.002205,0.422675714,-0.930347274,0.03601064,-0.082878977,-1.287521259,-0.053480155,-0.016220259,0.052875578,1.009827322,-0.074074648,-0.004611519,-0.02313916,48889.903763109,54972.753855645,57001.715299198,52581.46267736,-1.0316073,-0.285964655,1.366023956,0.353925802,-1.053690345,0.01465631,0.134673312,0.086858297,0.007361155,-1.680891362,-8.107651331,0.077830509,-0.014679335,0.070676135,0.001714291,0.997390439,-0.63079773,-0.775904764,1.472084087,0.0,0.0,0.0,0.86058265,0.0,3.578885794
1772729845.6638894,-0.976333,-0.43735,1.370314,-0.01403354,0.06447926,-0.00013126,0.99782036,-0.028262,0.129032,-0.002089,0.434787963,-0.925988412,0.034730181,-0.141870683,-0.826959797,-0.073680586,-0.015747816,0.049479583,1.009768288,-0.082042602,-0.00682131,-0.026850582,48901.84596403,54879.2066151,57037.044310255,52648.139965833,-1.029496548,-0.293577046,1.366222513,0.362349541,-1.050212607,0.014685412,0.134738777,0.088413103,0.009019848,-1.720762925,-8.088413796,0.067692585,-0.015020199,0.070509428,0.00164813,0.997394573,-0.624284344,-0.781064557,1.472361085,0.0,0.0,0.0,0.86058265,0.0,3.578885794
1772729845.6738899,-0.971881,-0.446599,1.37063,-0.01490325,0.06433317,-0.00043898,0.99781709,-0.030051,0.128728,-0.002817,0.444936244,-0.920950995,0.033687037,-0.141812427,-0.510330875,-0.083220621,-0.015275352,0.046083426,1.009709252,-0.090010936,-0.009031207,-0.030562181,48913.788734399,54785.654913871,57072.375005932,52714.82043373,-1.027385695,-0.301189801,1.366421079,0.370773681,-1.046734702,0.014714514,0.13061472,0.087824094,0.008376178,-1.763672064,-8.073008176,0.057465713,-0.015387438,0.070376061,0.001583537,0.99739508,-0.617770648,-0.786224596,1.472638096,0.0,0.0,0.0,0.86058265,0.0,3.578885794
1772729845.6838903,-0.967527,-0.455809,1.370955,-0.01485599,0.05850703,-0.00143007,0.99817543,-0.030035,0.117025,-0.004625,0.451808628,-0.914003805,0.03534949,-0.081763887,-0.58463077,-0.082085476,-0.014802887,0.042687268,1.009650215,-0.09797927,-0.011241104,-0.03427378,49082.011088325,54784.0,56817.544544067,52828.989913201,-1.024388091,-0.311324302,1.366674105,0.382080337,-1.041731625,0.015474896,0.124250505,0.086088739,0.006501383,-1.819247987,-8.064201349,0.046055247,-0.015864221,0.070300216,0.001517108,0.997396374,-0.611256952,-0.791384634,1.472915107,0.0,0.0,0.0,0.86058265,0.0,3.578885794
1772729845.693891,-0.962935,-0.464902,1.371418,-0.01531664,0.05538036,-0.00178227,0.99834625,-0.030975,0.110749,-0.005288,0.464006387,-0.910367088,0.035521596,-0.039582956,-0.572942361,-0.086271916,-0.014504979,0.043288785,1.009895769,-0.090714279,-0.006326071,-0.035334567,49440.85870215,54480.151415857,56594.922487657,53285.404188899,-1.020544372,-0.322450752,1.366899704,0.395125028,-1.036004101,0.015719928,0.117886139,0.084353342,0.004626544,-1.879212212,-8.046180984,0.031930123,-0.016377607,0.070144583,0.001428416,0.997402011,-0.601823385,-0.798510728,1.473309231,0.0,0.0,0.0,0.86058265,0.0,3.578885794
1772729845.7038913,-0.958225,-0.473919,1.371782,-0.01608021,0.05296401,-0.0012544,0.99846616,-0.032431,0.105923,-0.004232,0.476102163,-0.904988276,0.034620876,0.000756057,-0.471093523,-0.069415448,-0.014395186,0.0481979,1.010469514,-0.067035344,0.006265981,-0.033538926,49467.170451165,54720.736936044,56671.511650967,53029.691125434,-1.016598985,-0.333581916,1.367115583,0.408296587,-1.030248634,0.015805005,0.117719635,0.083500605,0.002704229,-1.969576968,-8.052273382,0.008222261,-0.017149558,0.070200003,0.001278292,0.997386276,-0.590941882,-0.806611724,1.473761429,0.0,0.0,0.0,0.86058265,0.0,3.578885794
1772729845.7138915,-0.953413,-0.48299,1.372016,-0.01473618,0.04941189,-0.00201618,0.99866774,-0.029782,0.098793,-0.00551,0.488196755,-0.89971127,0.033114309,0.024130168,-0.288742982,-0.041847802,-0.013852807,0.050589404,1.011998821,-0.047825403,0.011848098,-0.032115985,49409.548345784,55000.565208111,56617.681750267,52852.065528282,-1.012653598,-0.344713081,1.367331462,0.421468147,-1.024493167,0.015890081,0.120223966,0.083028213,0.000761416,-2.030746599,-8.057511123,-0.010436046,-0.017670475,0.070247775,0.001154173,0.997374403,-0.580593667,-0.81417767,1.474188786,0.0,0.0,0.0,0.86058265,0.0,3.578885794
1772729845.723892,-0.948419,-0.491987,1.372374,-0.01560491,0.05017957,-0.00225813,0.99861574,-0.031557,0.100318,-0.006107,0.499559723,-0.894696424,0.032250186,0.013372793,-0.037828102,-0.030988407,-0.012356426,0.047428849,1.015635473,-0.038470525,0.001971269,-0.031514927,48848.756142691,55626.051099445,56907.275442145,52295.70478506,-1.008708118,-0.355844511,1.367547346,0.43464002,-1.018737563,0.015975159,0.122728357,0.08255581,-0.001181443,-2.07354127,-8.059540633,-0.037437501,-0.01802637,0.070269264,0.000945713,0.997364179,-0.5711841,-0.820808897,1.474572549,0.0,0.0,0.0,0.86058265,0.0,3.578885794
1772729845.7338922,-0.943334,-0.50094,1.372733,-0.01573464,0.05180962,-0.00248356,0.99852993,-0.031856,0.103574,-0.006626,0.509264064,-0.890113436,0.032152148,0.007415446,0.077209381,-0.021409867,-0.010860082,0.044268369,1.019272039,-0.02911587,-0.007905324,-0.030913884,49480.470071862,55408.561018116,56512.003012178,52457.243061233,-1.004762731,-0.366975676,1.367763224,0.44781158,-1.012982096,0.016060235,0.129281767,0.080639875,0.005139325,-2.107547669,-8.052724528,-0.05991879,-0.01830867,0.070213238,0.000769806,0.997365177,-0.563723211,-0.825913471,1.474873896,0.0,0.0,0.0,0.86058265,0.0,3.578885794
1772729845.743892,-0.938329,-0.509707,1.372994,-0.01477274,0.05006903,-0.00231388,0.99863382,-0.029891,0.1001,-0.006131,0.518692899,-0.884589266,0.034149178,-0.037209297,0.164843654,0.001978834,-0.012009115,0.043411681,1.019904802,-0.032985116,-0.020056684,-0.034301006,49199.461382006,55195.354112737,56710.300306408,52627.906836072,-1.000817532,-0.37810631,1.367979093,0.460982511,-1.007226903,0.016145307,0.128233133,0.08528671,0.007691073,-2.137501986,-8.041649467,-0.080750657,-0.018556812,0.070120013,0.000605038,0.997366301,-0.556940899,-0.830502058,1.475146851,0.0,0.0,0.0,0.86058265,0.0,3.578885794
1772729845.7538924,-0.933036,-0.51858,1.373397,-0.01536842,0.05189717,-0.0023117,0.9985315,-0.031104,0.103757,-0.006245,0.525348947,-0.877905791,0.037055222,-0.044698589,0.272885837,0.07871374,-0.014454101,0.043683429,1.019066204,-0.043332489,-0.033323496,-0.039642063,49051.45160175,55227.865221375,56667.32672925,52696.009906125,-0.99694156,-0.388019527,1.368236038,0.472782291,-1.001797281,0.016905946,0.123826279,0.092189686,0.006616833,-2.156979285,-8.026407858,-0.092307679,-0.018719543,0.069989146,0.000513869,0.997370475,-0.54957702,-0.83537819,1.47544128,0.0,0.0,0.0,0.86058265,0.0,3.578885794
1772729845.763893,-0.927722,-0.527331,1.373748,-0.01641235,0.05338733,-0.0023768,0.99843617,-0.033222,0.106732,-0.006536,0.535056823,-0.872474919,0.035881425,-0.079237347,0.305401576,0.044821116,-0.016899087,0.043955177,1.018227606,-0.053679863,-0.046590309,-0.044983119,48835.879155309,55439.699125858,56690.386001191,52525.724034214,-0.993096114,-0.397397725,1.368511017,0.483979471,-0.996510823,0.01796328,0.122539817,0.08981201,0.00687109,-2.198681009,-7.989115284,-0.120289749,-0.019066192,0.069669024,0.000289535,0.997386148,-0.540713691,-0.840995468,1.475791072,0.0,0.0,0.0,0.86058265,0.0,3.578885794
1772729845.7738936,-0.922272,-0.536065,1.374082,-0.0163189,0.05393798,-0.00188121,0.99840916,-0.032986,0.107852,-0.005549,0.546373268,-0.867451876,0.032735191,-0.168219251,0.203831717,-0.070642665,-0.01974779,0.045045156,1.017552976,-0.061004989,-0.056409315,-0.046705345,48938.787650064,55277.700712739,56565.235351008,52619.03477493,-0.989226842,-0.406675047,1.368881919,0.494426365,-0.99102501,0.019327263,0.11380055,0.084476242,0.009867752,-2.23798672,-7.959160037,-0.145445359,-0.019393687,0.069412452,8.9373e-05,0.997406136,-0.531850151,-0.846612879,1.476140873,0.0,0.0,0.0,0.86058265,0.0,3.57923543
1772729845.7838938,-0.916854,-0.544679,1.374462,-0.01722288,0.05531813,-0.00209647,0.99831803,-0.03484,0.110603,-0.006129,0.557059778,-0.861663817,0.028379262,-0.192837986,-0.068361843,-0.244346097,-0.023975688,0.04893101,1.017438732,-0.058001706,-0.054445396,-0.036061274,48970.859116813,55282.846834422,56544.568138645,52445.816310599,-0.985345781,-0.415900922,1.369301193,0.504494111,-0.985438947,0.020845871,0.105524645,0.089902798,0.011568408,-2.299651881,-7.894683944,-0.169690156,-0.019917347,0.068855415,-9.5644e-05,0.997433223,-0.522987033,-0.852230023,1.476490656,0.0,0.0,0.0,0.86058265,0.0,3.579599492
1772729845.7938938,-0.911313,-0.553236,1.374807,-0.01708901,0.05704546,-0.00251807,0.99822214,-0.034636,0.114049,-0.007023,0.53029429,-0.808161552,0.027877319,-0.188194258,-0.733976201,-0.407897402,-0.027947643,0.05384447,1.016862149,-0.056791827,-0.052203617,-0.026993993,48719.512824082,55095.39227423,56661.841412911,52611.788063337,-0.982153227,-0.423206911,1.369620351,0.512526402,-0.981044306,0.021965653,0.110017887,0.091960512,0.011020213,-2.337211573,-7.8574088,-0.179875044,-0.020239117,0.068532791,-0.00016837,0.997451705,-0.515618204,-0.856805761,1.476779807,0.0,0.0,0.0,0.86058265,0.0,3.579963545
1772729845.8038943,-0.905362,-0.561834,1.374867,-0.0204277,0.05290818,-0.00709464,0.99836521,-0.041784,0.105549,-0.01642,0.580660694,-0.855493298,0.026173044,-0.204897055,-0.786625693,-0.648476137,-0.02978667,0.067326774,1.012430687,-0.070534099,-0.047644651,-0.031070904,48477.209366163,55052.569023918,56794.23250707,52623.931986037,-0.979088431,-0.429930419,1.369896787,0.519925333,-0.976998934,0.022828885,0.112494729,0.090400523,0.010001197,-2.367698452,-7.821640147,-0.189931308,-0.020499439,0.0682233,-0.000244172,0.997468228,-0.509880827,-0.860244459,1.477002758,0.0,0.0,0.0,0.86058265,0.0,3.580327616
1772729845.8138947,-0.899622,-0.57035,1.375117,-0.02038915,0.04594156,-0.00980032,0.99868794,-0.041812,0.091491,-0.02154,0.653358199,-0.937120027,0.023698915,0.006747877,-0.302074874,-0.65114799,-0.020749959,0.057251095,1.010553181,-0.058356383,-0.034312251,-0.026261142,48320.793824258,55291.53721294,56919.364940594,52284.597157625,-0.974379799,-0.439825063,1.370261481,0.530587381,-0.970909392,0.023504265,0.114971571,0.088840535,0.008982182,-2.40447373,-7.778809375,-0.202445089,-0.020813283,0.067852826,-0.000339063,0.997485393,-0.501606163,-0.865093403,1.47732245,0.0,0.0,0.0,0.86058265,0.0,3.580691687
1772729845.8238945,-0.893732,-0.578816,1.375483,-0.01917447,0.04261048,-0.01241743,0.99883056,-0.039514,0.084747,-0.026538,0.718543051,-1.014321247,0.0261664,0.390120569,0.6980057,-0.400384543,-0.017845601,0.048535799,1.017100073,-0.052612336,-0.036773312,-0.014183891,48389.830890684,55406.886700048,56875.487847666,52085.547348416,-0.969671504,-0.449718998,1.370626149,0.541248667,-0.964820285,0.024179598,0.117448236,0.087280658,0.007963239,-2.465795544,-7.71133639,-0.219672308,-0.021338837,0.067268862,-0.000465415,0.997508638,-0.49207224,-0.870496989,1.477687783,0.0,0.0,0.0,0.86058265,0.0,3.581055732
1772729845.8338947,-0.887663,-0.587403,1.375944,-0.01875642,0.04239034,-0.0142904,0.99882283,-0.038828,0.084244,-0.030249,0.756601751,-1.057130437,0.032442397,0.778690062,1.897521879,-0.004813346,-0.025473574,0.070825837,1.015004466,-0.045471172,-0.023170275,-0.019518527,49209.434105846,55155.601392252,56196.917978208,52336.486466621,-0.965152693,-0.459066747,1.370992185,0.551271102,-0.958992105,0.025069329,0.109629499,0.098873728,0.007811757,-2.504878035,-7.662224365,-0.229364678,-0.021674838,0.06684334,-0.000536232,0.997532751,-0.482575257,-0.875840197,1.478051054,0.0,0.0,0.0,0.86058265,0.0,3.581419794
1772729845.853896,-0.875271,-0.604184,1.375918,-0.01471177,0.0693017,-0.01713068,0.99734015,-0.03203,0.13817,-0.036566,0.76261483,-1.052619225,0.038263925,1.037281578,2.885993953,0.43913361,-0.024492746,0.052457504,1.016090211,0.051108008,-0.010670111,-0.006258954,46256.681718953,55064.819348034,57574.927420344,52876.555250313,-0.951815013,-0.483465596,1.37192155,0.580119088,-0.944805629,0.027331797,0.093849598,0.122241942,0.007520736,-3.111582727,-7.225412371,-0.265469514,-0.026950956,0.063051363,-0.000608658,0.997555465,-0.461561645,-0.88692096,1.478843066,0.0,0.0,0.0,0.86058265,0.0,3.582147944
1772729845.8638968,-0.869599,-0.612255,1.376352,-0.00357435,0.08313583,-0.0100252,0.99648139,-0.008914,0.166382,-0.020864,0.738636952,-1.001398022,0.041162491,1.072531171,3.111494116,0.664261652,-0.026517055,0.048608375,1.016674151,0.115515107,-0.02055565,0.009505437,43321.838220683,55282.646831251,58665.623408099,53463.653530032,-0.937906371,-0.508420113,1.372922425,0.562324212,-0.843362249,0.024172405,0.085959365,0.133926466,0.00737522,-3.394900341,-6.95226662,-0.272396602,-0.029423033,0.060676294,-0.000575742,0.997749143,-0.428750319,-0.902764941,1.480057892,0.0,0.0,0.0,0.86058265,0.0,3.582512032
1772729845.873897,-0.86335,-0.620752,1.377002,0.00122523,0.0990693,-0.00670981,0.99505716,0.001131,0.198476,-0.013373,0.689952775,-0.915593006,0.040141044,0.894418189,2.773054186,0.762772706,-0.028462496,0.044915394,1.01720537,0.18970163,-0.021833142,0.024846119,46415.07404787,55798.50183652,57275.908761102,52341.02170706,-0.925532477,-0.529947861,1.373793162,0.557512576,-0.782791504,0.02274108,0.086955372,0.121462553,0.0081136,-3.407563447,-6.815588064,-0.267605795,-0.029540752,0.059485078,-0.000562851,0.997796566,-0.400709141,-0.916181839,1.481094368,0.0,0.0,0.0,0.86058265,0.0,3.582876094
1772729845.8838973,-0.856915,-0.629052,1.377399,0.00418454,0.10837105,-0.00409995,0.99409325,0.00761,0.2172,-0.007419,0.640985732,-0.826311239,0.038408506,0.550836388,2.030179532,0.641512956,-0.029421496,0.043175546,1.017076506,0.386485205,0.084742107,0.034891719,48955.212164682,56344.101707072,55982.740496342,51209.357480993,-0.916390405,-0.544455259,1.374360862,0.574241234,-0.787854173,0.024183912,0.089280603,0.105386361,0.008984201,-3.202017876,-6.801796233,-0.244509112,-0.027763421,0.05935831,-0.000471751,0.997841479,-0.390110365,-0.920723707,1.481478689,0.0,0.0,0.0,0.86058265,0.0,3.583240156
1772729845.8938975,-0.850322,-0.637347,1.377721,0.00549274,0.1147116,-0.00175767,0.9933821,0.010794,0.229945,-0.002292,0.620397523,-0.775895787,0.035520586,0.099942528,1.246100032,0.379156993,-0.030182842,0.042699599,1.016254549,0.560117789,0.194026646,0.039780205,50274.44073874,56696.343926519,54992.431504494,50655.187189941,-0.909215929,-0.555246908,1.37471753,0.589205047,-0.78708723,0.025577591,0.091282933,0.095811725,0.007590712,-2.906424065,-6.87857541,-0.221827837,-0.025198783,0.060020529,-0.000410384,0.997876614,-0.379193651,-0.925175592,1.481871736,0.0,0.0,0.0,0.86058265,0.0,3.583604218
1772729845.903898,-0.843741,-0.645541,1.378034,0.00543905,0.11728875,-0.00119055,0.99308225,0.010822,0.235128,-0.00112,0.668254173,-0.819682891,0.029178893,-0.207624034,0.790170571,0.089580111,-0.030310062,0.046278694,1.013208877,0.659477706,0.31200618,0.028122911,51267.862303673,56645.33302443,54192.128940515,50717.093917267,-0.901302201,-0.566969241,1.375069372,0.605102306,-0.785491507,0.026520461,0.092737725,0.097262483,0.002357646,-2.432616144,-7.064038065,-0.214582958,-0.021071442,0.061631684,-0.000566144,0.997886115,-0.367951121,-0.929535444,1.482273729,0.0,0.0,0.0,0.86058265,0.0,3.583968289
1772729845.9138985,-0.837052,-0.653655,1.37814,0.00370996,0.12519511,-0.00055216,0.99212505,0.007457,0.251051,-0.000172,0.669665343,-0.812491004,0.03284908,-0.312019567,0.206819057,0.069438697,-0.030101233,0.06037703,1.004770551,0.655838162,0.380429069,0.012761779,52006.474478686,56366.493707326,53643.390920834,51034.647278096,-0.892701899,-0.578798668,1.375495484,0.621657443,-0.782994767,0.026315354,0.094525583,0.097851425,-0.002985002,-2.014684886,-7.303833173,-0.219057879,-0.01742375,0.063716917,-0.000807838,0.997842968,-0.356708591,-0.933895296,1.482675722,0.0,0.0,0.0,0.86058265,0.0,3.583840643
1772729845.9238987,-0.830237,-0.661851,1.378595,0.00202926,0.12418403,-0.00110509,0.99225651,0.003872,0.249015,-0.001743,0.681899077,-0.813642792,0.033659473,-0.367348915,-0.406290181,-0.023264561,-0.030238049,0.057275651,1.002248383,0.503310481,0.34108456,0.006831913,51300.258682212,55795.663416358,54365.806288642,51770.361985515,-0.884104106,-0.590447474,1.375940057,0.638160323,-0.78046994,0.025940795,0.107164038,0.068924515,-0.006925576,-1.596763592,-7.543622565,-0.223532693,-0.013776144,0.065802101,-0.001049527,0.997729896,-0.34546633,-0.938255044,1.483077706,0.0,0.0,0.0,0.86058265,0.0,3.583139002
1772729845.9338999,-0.823463,-0.669892,1.37896,-0.00048392,0.121621,-0.00071292,0.99257624,-0.001169,0.243845,-0.00158,0.69907792,-0.814828089,0.030160169,-0.432825281,-0.853235513,-0.182300576,-0.030469838,0.049979262,1.001320573,0.331054729,0.285329733,0.003025007,50671.396832126,55424.175504917,55125.084107637,52208.045881175,-0.878126315,-0.598772217,1.376103365,0.649444922,-0.780825613,0.024811695,0.107869315,0.063666563,-0.001702756,-1.178802443,-7.783434823,-0.228007933,-0.010128191,0.067887484,-0.001291238,0.997652828,-0.334552891,-0.942324259,1.483466058,0.0,0.0,0.0,0.86058265,0.0,3.582437293
1772729845.9438996,-0.816458,-0.67804,1.379342,-0.00190701,0.11311115,-0.0011087,0.99357989,-0.004146,0.226703,-0.002704,0.717919857,-0.81612537,0.025313738,-0.515268417,-1.008922384,-0.408594924,-0.030701593,0.042683918,1.000392895,0.158823616,0.229582881,-0.000781354,50002.383537995,55195.747974271,55906.398295882,52438.554200429,-0.872680457,-0.606505629,1.376204025,0.659504847,-0.782375226,0.023306149,0.098373757,0.062195553,-0.00922404,-0.947715113,-7.981576198,-0.238451296,-0.008105385,0.06961076,-0.001500444,0.997555509,-0.32425473,-0.945851626,1.483828925,0.0,0.0,0.0,0.86058265,0.0,3.581735685
1772729845.9539,-0.809309,-0.686221,1.379732,-0.00477001,0.10827633,-0.00163873,0.99410804,-0.010075,0.216959,-0.004394,0.729375113,-0.814279428,0.025586913,-0.654977585,-0.901424731,-0.702792564,-0.029495352,0.042565653,0.999375675,-0.012381608,0.163971175,-0.00250614,48988.554629315,55002.276452296,56754.834923041,52651.131993624,-0.862974848,-0.619108274,1.376644195,0.678001063,-0.78261549,0.022144516,0.106106964,0.052099385,-0.009929349,-0.854599197,-8.12505693,-0.242638883,-0.007288949,0.070858792,-0.001583719,0.997468233,-0.313955833,-0.949379245,1.484191818,0.0,0.0,0.0,0.86058265,0.0,3.581034027
1772729845.9638999,-0.801452,-0.694523,1.379467,-0.00783175,0.10137942,-0.00724353,0.99479064,-0.017409,0.20298,-0.016336,0.743901661,-0.810287331,0.021177507,-0.769522989,-0.518630559,-0.837974029,-0.027212618,0.062010712,0.997091182,-0.17765594,0.053769278,-0.002894946,47788.756879508,54912.716003206,57579.201977024,52764.657226823,-0.85074892,-0.634171094,1.377246191,0.701835211,-0.78220276,0.021297034,0.104088573,0.058257104,-0.007652818,-0.887056238,-8.201077267,-0.247774008,-0.007566497,0.071521281,-0.001603108,0.997410224,-0.303281088,-0.952888518,1.484566424,0.0,0.0,0.0,0.86058265,0.0,3.580332419
1772729845.9739003,-0.794128,-0.702473,1.379821,-0.01364318,0.10487674,-0.01146415,0.99432555,-0.030203,0.209786,-0.026238,0.75738122,-0.805944611,0.022047632,-0.591948362,-0.52691891,-0.643403988,-0.037827407,0.050540023,0.997580529,-0.309254573,-0.078856364,-0.010299339,47272.755662798,55127.993332961,58008.869169828,52497.65018969,-0.838522117,-0.649234992,1.37784823,0.725671064,-0.781790001,0.020449491,0.102070037,0.064415263,-0.005376125,-1.152418289,-8.189475968,-0.258007326,-0.009870116,0.071424701,-0.001527664,0.997453128,-0.285250723,-0.958440169,1.485195306,0.0,0.0,0.0,0.86058265,0.0,3.579630761
1772729845.9839,-0.786703,-0.710488,1.380229,-0.01738914,0.10393588,-0.01519873,0.99431582,-0.038578,0.207651,-0.034589,0.762235517,-0.800370732,0.027064711,-0.339221253,-0.639737281,-0.29591419,-0.04622275,0.046865628,1.002754939,-0.362340216,-0.194607886,-0.015011157,47913.888522169,55325.715192239,57694.663688333,52137.907103327,-0.826296189,-0.664297813,1.378450226,0.749505212,-0.781377272,0.019602009,0.100051645,0.070572981,-0.003099594,-1.5429366,-8.031700664,-0.267483362,-0.013267705,0.070057316,-0.001385535,0.997499068,-0.262893286,-0.964773787,1.485969936,0.0,0.0,0.0,0.86058265,0.0,3.578929153
1772729845.9939003,-0.779273,-0.71841,1.380733,-0.02042691,0.10022363,-0.01637529,0.99462044,-0.044825,0.200031,-0.037424,0.762346473,-0.795082266,0.035783814,-0.094055111,-0.775791434,0.002759174,-0.041932842,0.069694634,1.007129133,-0.296401507,-0.206502138,-0.030995786,48384.262789362,55652.682670654,57343.603869403,51716.864771474,-0.816318107,-0.677119829,1.379136614,0.767592137,-0.780845216,0.019701992,0.098033157,0.076730994,-0.000822955,-1.934197375,-7.789724558,-0.288879982,-0.016668022,0.067958472,-0.001368522,0.997545011,-0.246676237,-0.96905519,1.486529027,0.0,0.0,0.0,0.86058265,0.0,3.578885794
1772729846.0039008,-0.771087,-0.726411,1.380649,-0.01803815,0.09434224,-0.01227867,0.99530066,-0.038922,0.188469,-0.028351,0.764202574,-0.792807225,0.041738598,-0.006422773,-0.743049321,0.178872273,-0.035383008,0.067170123,1.012316247,-0.241601396,-0.187688474,-0.034068197,48854.648270895,55979.657944402,56992.535680747,51295.812401419,-0.808926935,-0.685358855,1.379374005,0.779909828,-0.778915292,0.01984951,0.098367094,0.08375907,0.002550441,-2.076432844,-7.66978999,-0.302071413,-0.017902398,0.0669181,-0.001418038,0.997591066,-0.236155982,-0.971685502,1.48689049,0.0,0.0,0.0,0.86058265,0.0,3.578885794
1772729846.0139008,-0.763507,-0.734357,1.381238,-0.01273999,0.08358598,-0.00811174,0.99638611,-0.027125,0.167138,-0.018554,0.772208196,-0.791402367,0.041362899,-0.072386271,-0.524886088,0.07488335,-0.033213242,0.054478852,1.014774562,-0.19686688,-0.159829907,-0.033603446,49726.793444356,56014.344250595,56381.452788792,51284.24049696,-0.80161873,-0.693401322,1.379583475,0.792063683,-0.776909493,0.019972624,0.099895119,0.091228377,0.006480357,-2.199280596,-7.549634564,-0.316251902,-0.018967811,0.065875907,-0.001489987,0.997637907,-0.224651068,-0.97443209,1.487284746,0.0,0.0,0.0,0.86058265,0.0,3.578885794
1772729846.0239007,-0.756076,-0.742227,1.381792,-0.01745877,0.08776052,-0.01177296,0.99591901,-0.037424,0.17529,-0.02693,0.77569736,-0.785699545,0.043805869,-0.310882391,-0.019046684,-0.159342479,-0.032639806,0.04689512,1.018613208,-0.173522538,-0.123654575,-0.038325022,49925.176752719,55803.487380422,56132.244869611,51639.645970384,-0.794310525,-0.701443789,1.379792944,0.804217538,-0.774903694,0.020095739,0.098619045,0.092744747,0.007746783,-2.310253567,-7.460587788,-0.34295938,-0.019921941,0.065106738,-0.001674478,0.99767199,-0.215633353,-0.976465046,1.487592896,0.0,0.0,0.0,0.86058265,0.0,3.578885794
1772729846.0339007,-0.748297,-0.750003,1.382269,-0.02125572,0.09120635,-0.01466897,0.99549707,-0.045767,0.18197,-0.033645,0.781145947,-0.779524869,0.047232116,-0.566807646,0.416355035,-0.41444501,-0.038902968,0.046927827,1.01741558,-0.184751485,-0.109083496,-0.046064806,49682.35286783,55568.464931421,56236.047069825,51888.931577307,-0.78630984,-0.710005644,1.380116737,0.816657956,-0.772024867,0.021226899,0.096471569,0.092411184,0.008185503,-2.398716966,-7.403090366,-0.370997608,-0.0206785,0.064612475,-0.001878893,0.997691955,-0.205698382,-0.978606488,1.487931715,0.0,0.0,0.0,0.86058265,0.0,3.578885794
1772729846.0439012,-0.740269,-0.757875,1.382601,-0.0251753,0.09317129,-0.01581818,0.99520606,-0.054011,0.185719,-0.036817,0.788861339,-0.772052951,0.046590934,-0.69739954,0.559159948,-0.521773754,-0.039144582,0.037550059,1.015411652,-0.233580472,-0.124621416,-0.052257732,49111.405756442,55663.804382273,56496.459969867,51880.759624377,-0.777815675,-0.718768435,1.380437684,0.829240657,-0.768651733,0.022107136,0.094323991,0.092077605,0.008624243,-2.503586961,-7.33617055,-0.405632265,-0.021574911,0.064038087,-0.002134232,0.997709568,-0.193966232,-0.981006825,1.48833088,0.0,0.0,0.0,0.86058265,0.0,3.578885794
1772729846.0539012,-0.732306,-0.765497,1.383101,-0.02791568,0.0956267,-0.01830529,0.99485736,-0.060168,0.190396,-0.042543,0.803291209,-0.765728275,0.04108988,-0.602879387,0.40050417,-0.412844296,-0.049327746,0.043429757,1.01150969,-0.288479004,-0.1573089,-0.060090573,48602.677422964,55697.059893976,56747.36072063,51879.329095156,-0.76920939,-0.727629489,1.380788432,0.841742881,-0.765183882,0.023019306,0.092176515,0.091744042,0.009062963,-2.682823153,-7.234439489,-0.455729391,-0.023112294,0.063165757,-0.002491263,0.997731616,-0.183578077,-0.982999341,1.488683468,0.0,0.0,0.0,0.86058265,0.0,3.578885794
1772729846.0639012,-0.724287,-0.773091,1.383493,-0.03042088,0.09630786,-0.01917676,0.99470177,-0.065457,0.191599,-0.044845,0.812593277,-0.760158184,0.042296816,-0.381245316,-0.025710527,-0.228058709,-0.04620625,0.034821542,1.008275834,-0.32306797,-0.164870007,-0.05630098,48242.4603108,55582.072021037,56975.576448044,51893.995915684,-0.760065698,-0.736989361,1.3812972,0.853812552,-0.761269019,0.024142459,0.090029039,0.09141048,0.009501683,-2.874831602,-7.123486003,-0.496427512,-0.024767301,0.062212572,-0.002764262,0.997754863,-0.171195059,-0.985124268,1.489102284,0.0,0.0,0.0,0.86058265,0.0,3.578885794
1772729846.0739017,-0.716103,-0.780691,1.383992,-0.03228019,0.0963616,-0.01994379,0.99462288,-0.069381,0.191569,-0.046766,0.817535434,-0.75368718,0.043800411,-0.319002402,-0.130677327,-0.168078337,-0.043796932,0.039990225,1.012639802,-0.327104877,-0.18514462,-0.056408999,48030.019671139,56012.355492787,56956.534046202,51378.491206833,-0.750118949,-0.747078711,1.381882927,0.86657279,-0.756595941,0.025600068,0.087852804,0.093198702,0.01004021,-3.126682113,-6.971224711,-0.542103104,-0.026943806,0.060903529,-0.003061755,0.997776861,-0.158811451,-0.987249296,1.489521121,0.0,0.0,0.0,0.86058265,0.0,3.579231408
1772729846.083902,-0.707939,-0.788187,1.384283,-0.03289111,0.09364854,-0.02028871,0.99485501,-0.070518,0.186071,-0.047364,0.824292181,-0.746591874,0.044924654,-0.30580074,-0.106923349,-0.128705681,-0.041387671,0.045158785,1.017003667,-0.331141688,-0.20541875,-0.056517015,47983.433758208,55902.317497103,56867.581691773,51546.814986481,-0.743198147,-0.753946431,1.382267848,0.875154408,-0.753030394,0.02650745,0.085625638,0.098761695,0.010756249,-3.322792072,-6.83133808,-0.58351282,-0.028637755,0.059701131,-0.003354211,0.997794358,-0.148515589,-0.988868556,1.489868557,0.0,0.0,0.0,0.86058265,0.0,3.579725999
1772729846.0939028,-0.699616,-0.795668,1.384856,-0.03496944,0.09330128,-0.02101832,0.99480161,-0.074846,0.18522,-0.049205,0.833449688,-0.742837519,0.044693088,-0.305842906,-0.111480056,-0.080233137,-0.038978238,0.050327715,1.021367843,-0.335178788,-0.22569433,-0.056625039,48218.561076998,55760.256833125,56685.372738141,51559.378335054,-0.735568633,-0.761367058,1.38268503,0.884409129,-0.748777847,0.02753197,0.082652942,0.103336381,0.01097579,-3.506796174,-6.688991356,-0.619682129,-0.030230376,0.058476906,-0.003613227,0.997819399,-0.139432016,-0.990194057,1.490174532,0.0,0.0,0.0,0.86058265,0.0,3.580220625
1772729846.1039035,-0.691208,-0.803066,1.38533,-0.03661928,0.09186024,-0.02092634,0.99487829,-0.078079,0.182254,-0.0492,0.841377764,-0.738011931,0.04676135,-0.301979454,-0.121530897,-0.06507832,-0.038535959,0.051951366,1.022997043,-0.339054891,-0.233763638,-0.058672352,48084.163873686,55667.848815809,56612.016733666,51628.208311135,-0.725471127,-0.770885735,1.383239345,0.895882448,-0.742264865,0.02926185,0.077069217,0.104447448,0.009455877,-3.692010649,-6.545987034,-0.65615736,-0.031833456,0.057247111,-0.003874615,0.997844332,-0.128785139,-0.991660193,1.49053282,0.0,0.0,0.0,0.86058265,0.0,3.58071524
1772729846.1139042,-0.682856,-0.81033,1.385734,-0.03861606,0.09500917,-0.02120806,0.99450102,-0.082387,0.188449,-0.050435,0.84813185,-0.731963091,0.048072559,-0.297584695,-0.171823526,-0.056880366,-0.042098779,0.046356922,1.019057918,-0.342603392,-0.216981411,-0.064668152,47952.834632365,55620.035046602,56398.501362621,51768.223715049,-0.716135365,-0.77956498,1.383734762,0.906137125,-0.735919322,0.030932964,0.071485492,0.105558515,0.007935964,-3.972421414,-6.35544043,-0.718282909,-0.03425783,0.055615993,-0.004333984,0.99785491,-0.119838747,-0.992732094,1.490833217,0.0,0.0,0.0,0.86058265,0.0,3.581209854
1772729846.1239045,-0.674291,-0.817635,1.386233,-0.04019496,0.09371526,-0.02154241,0.99455404,-0.085564,0.185744,-0.051288,0.854994366,-0.725422603,0.049541889,-0.285305871,-0.264123453,-0.066938331,-0.045661428,0.040762744,1.01511898,-0.346151724,-0.200199983,-0.070663666,47685.851986458,55651.86099771,56467.932789007,51746.896843573,-0.706958232,-0.788093848,1.38422228,0.916209241,-0.729676384,0.032569875,0.065902033,0.106669529,0.006416123,-4.129393574,-6.26058171,-0.756026246,-0.035613441,0.054807604,-0.004616433,0.997853978,-0.112683315,-0.993520988,1.491073184,0.0,0.0,0.0,0.86058265,0.0,3.581704445
1772729846.1339047,-0.665666,-0.824992,1.386721,-0.04067463,0.08912886,-0.02119346,0.99496355,-0.086162,0.176552,-0.050226,0.860607095,-0.718364302,0.049821163,-0.247466406,-0.404703475,-0.077944509,-0.048084497,0.035642644,1.011652394,-0.348796129,-0.186794644,-0.077030256,47744.739808822,55630.978791198,56367.69819775,51779.473085731,-0.703484122,-0.791216091,1.384425853,0.919717147,-0.727121795,0.03297656,0.062245091,0.108815547,0.005567139,-4.207455767,-6.214915029,-0.774707647,-0.036287745,0.054419019,-0.004756553,0.997850281,-0.105527882,-0.994309883,1.49131315,0.0,0.0,0.0,0.86058265,0.0,3.582199036
1772729846.1439052,-0.65707,-0.832076,1.387292,-0.04236532,0.08737868,-0.02152727,0.99504107,-0.089526,0.172927,-0.051028,0.864880953,-0.710376571,0.052541309,-0.252730241,-0.446674961,-0.107963647,-0.046233901,0.032300339,1.009957165,-0.348050635,-0.18605019,-0.084788632,47803.629035149,55610.096086827,56267.461216768,51812.05010455,-0.700009929,-0.794338408,1.384629432,0.923225137,-0.724567144,0.033383254,0.059514276,0.111459216,0.005040664,-4.301294574,-6.160655154,-0.797550077,-0.037098221,0.05395776,-0.004928619,0.997846583,-0.098372279,-0.995098796,1.491553123,0.0,0.0,0.0,0.86058265,0.0,3.582693638
1772729846.1539056,-0.648419,-0.839061,1.387775,-0.04384286,0.08588225,-0.0223207,0.99508986,-0.09255,0.169778,-0.052735,0.868561784,-0.700387789,0.053576566,-0.287348048,-0.315258289,-0.165384735,-0.048381663,0.032535522,1.008667061,-0.338576582,-0.182786385,-0.091978824,47710.708459076,55905.126337449,56116.85994513,51612.666346594,-0.694203899,-0.799476285,1.384965079,0.92891953,-0.720159809,0.033843725,0.056783461,0.114102885,0.004514188,-4.482363444,-6.058616703,-0.843823371,-0.038661462,0.053092572,-0.005281253,0.997831931,-0.089962622,-0.995910034,1.491834782,0.0,0.0,0.0,0.86058265,0.0,3.583188241
1772729846.1639063,-0.639674,-0.84606,1.388305,-0.04547951,0.08406548,-0.02274635,0.9951619,-0.095805,0.16601,-0.053683,0.871748714,-0.691347512,0.054097177,-0.305233729,-0.270600912,-0.18136265,-0.057273859,0.037866322,1.00950536,-0.313096913,-0.172734527,-0.096761285,47855.208633704,55909.904503435,55881.254261725,51679.883512849,-0.686049411,-0.806538066,1.385422145,0.936337909,-0.713372878,0.034446838,0.054782095,0.117347112,0.005215732,-4.648901692,-5.959242498,-0.89461378,-0.040096666,0.052252748,-0.005681893,0.997814733,-0.080119753,-0.996746799,1.492164082,0.0,0.0,0.0,0.86058265,0.0,3.583682855
1772729846.173907,-0.630932,-0.852981,1.388872,-0.04664781,0.08274543,-0.02314925,0.99520917,-0.09814,0.163263,-0.054549,0.879249498,-0.685980763,0.054225887,-0.256865253,-0.387089892,-0.142070436,-0.053694939,0.030168485,1.015524713,-0.304358841,-0.16597558,-0.097322174,47447.4636086,55993.370294215,56042.590184754,51624.350790723,-0.676706578,-0.814502365,1.385932889,0.944308565,-0.705037858,0.035181369,0.054570787,0.122064813,0.008930579,-4.872032093,-5.821102858,-0.971006039,-0.042017532,0.051089026,-0.006297071,0.997795482,-0.068849563,-0.997615041,1.492540853,0.0,0.0,0.0,0.86058265,0.0,3.584198606
1772729846.1839075,-0.622191,-0.859746,1.389412,-0.04849543,0.08229684,-0.02410594,0.99513533,-0.101999,0.162165,-0.056734,0.883469898,-0.681441792,0.054290534,-0.17555255,-0.589233906,-0.151893499,-0.049026799,0.029705007,1.015007054,-0.295404769,-0.182952679,-0.105303359,46985.857808032,56393.007642281,55980.234506668,51395.199913961,-0.667363967,-0.822466475,1.386443621,0.95227903,-0.696703037,0.035915882,0.056902839,0.126539088,0.008819645,-5.065179125,-5.67804077,-1.043702904,-0.04368092,0.049881652,-0.006899496,0.997776657,-0.057128663,-0.998319276,1.492932262,0.0,0.0,0.0,0.86058265,0.0,3.585491925
1772729846.1939087,-0.613256,-0.866489,1.389919,-0.04962432,0.08085482,-0.02500755,0.99517564,-0.104318,0.159118,-0.058572,0.894075289,-0.675788698,0.052769436,-0.096574136,-0.609551878,0.000467088,-0.044358325,0.029241497,1.014489359,-0.286450057,-0.199930991,-0.113285116,47292.657497782,56243.679089027,55490.442176871,51620.11032239,-0.655843159,-0.832083992,1.387141478,0.961203257,-0.685647184,0.037489979,0.055115626,0.126403945,0.00743406,-5.285067416,-5.518409171,-1.124410599,-0.045577181,0.048537216,-0.007571473,0.997755808,-0.045938809,-0.998934412,1.493305853,0.0,0.0,0.0,0.86058265,0.0,3.586785336
1772729846.2039087,-0.604253,-0.873318,1.390481,-0.04885257,0.07074441,-0.02285768,0.99603523,-0.101708,0.139143,-0.052983,0.907146223,-0.668082999,0.046942022,0.055845414,-0.657084043,0.221615044,-0.049863032,0.026914863,1.012649052,-0.252572416,-0.203235515,-0.122712514,46836.06680636,56439.135708123,55564.214347344,51418.58597313,-0.643988633,-0.841642725,1.38785093,0.970040672,-0.674178715,0.03878301,0.049019377,0.124149955,0.007062038,-5.5112808,-5.333492869,-1.219694456,-0.047527056,0.046981562,-0.008383263,0.997735853,-0.032401326,-0.999365843,1.49375735,0.0,0.0,0.0,0.86058265,0.0,3.588078593
1772729846.2139091,-0.595136,-0.87998,1.390922,-0.04811759,0.06942521,-0.02217323,0.99617929,-0.100044,0.136611,-0.051359,0.917896194,-0.659366324,0.040604681,0.269570396,-0.811675772,0.459307813,-0.055329351,0.020183741,1.003713057,-0.226102518,-0.227533268,-0.126168805,46378.880929157,56793.041761497,55523.128716448,51115.494382428,-0.631516732,-0.851512575,1.388623435,0.97903792,-0.662194832,0.040138606,0.046027519,0.127066122,0.003593757,-5.708791435,-5.145876679,-1.317668321,-0.049229089,0.045404712,-0.009237641,0.997711167,-0.018624013,-0.999778596,1.494216806,0.0,0.0,0.0,0.86058265,0.0,3.589371912
1772729846.2239091,-0.586182,-0.886436,1.391387,-0.04795675,0.06785411,-0.02195254,0.99630018,-0.099587,0.133497,-0.050724,0.920619312,-0.647739176,0.040279098,0.42075435,-0.874811661,0.594668587,-0.04901027,0.033398564,1.00550216,-0.201375644,-0.215561927,-0.134622069,46626.03030303,56786.057618438,55097.714041827,51246.165172855,-0.620959975,-0.859689101,1.389283055,0.986109978,-0.651789723,0.040653525,0.044225579,0.132254043,0.000277907,-5.859364943,-4.969330364,-1.408836354,-0.050526237,0.043920018,-0.010051206,0.997708506,-0.00591327,-0.999977962,1.49464057,0.0,0.0,0.0,0.86058265,0.0,3.590665169
1772729846.2339098,-0.576481,-0.892923,1.39168,-0.04505535,0.06720442,-0.01409547,0.99662174,-0.092651,0.133077,-0.034463,0.917961773,-0.634484308,0.044812125,0.417478018,-0.764201826,0.556357798,-0.047409276,0.03828435,1.010172993,-0.149993365,-0.200696084,-0.136595059,46297.690592896,57293.944201974,55019.82602565,50785.274289935,-0.609361682,-0.868348464,1.389958052,0.993341376,-0.640520046,0.040857644,0.038297424,0.133941979,0.000586916,-6.034243466,-4.746549332,-1.520507351,-0.052035871,0.042046403,-0.011059398,0.997704977,0.008821686,-0.999918224,1.495131751,0.0,0.0,0.0,0.86058265,0.0,3.591958519
1772729846.2439098,-0.567418,-0.899155,1.392021,-0.04121773,0.05844075,-0.01249858,0.9973613,-0.084343,0.115801,-0.029954,0.912750618,-0.622287365,0.052438317,0.30170733,-0.579947803,0.372939441,-0.049655376,0.028496957,1.01200879,-0.134853079,-0.174599747,-0.122141234,46452.414094051,57056.608564846,54882.203062746,50975.632470524,-0.597764219,-0.877007207,1.390633002,1.000572257,-0.629251176,0.041061748,0.031456161,0.134854801,0.001698513,-6.122245759,-4.601491281,-1.601277061,-0.052792833,0.040829263,-0.011798591,0.997706665,0.020381016,-0.999779799,1.495517083,0.0,0.0,0.0,0.86058265,0.0,3.593251776
1772729846.25391,-0.558461,-0.905343,1.392642,-0.03926791,0.05303283,-0.01116345,0.99775795,-0.080071,0.105145,-0.026592,0.907360656,-0.613206179,0.061389802,0.114860778,-0.433022884,0.154215284,-0.057011831,0.028578808,1.010279992,-0.142077597,-0.150684568,-0.095931448,46689.403935898,56938.689417559,54771.166868558,50973.317949838,-0.587523804,-0.884359971,1.391153631,1.006727383,-0.619212469,0.041209998,0.025808044,0.136976321,0.002239704,-6.190083141,-4.499105226,-1.658427028,-0.053377878,0.039971476,-0.012320663,0.997704742,0.030384457,-0.999499247,1.495850673,0.0,0.0,0.0,0.86058265,0.0,3.594545064
1772729846.2639103,-0.549543,-0.911377,1.393505,-0.04103433,0.05490272,-0.01223307,0.99757317,-0.083805,0.108749,-0.029088,0.906167006,-0.604784435,0.06618631,-0.109811652,-0.226148242,-0.100592239,-0.058098677,0.03364166,1.012417176,-0.144999261,-0.106065107,-0.066399533,47524.79201554,56396.208386362,54374.650545917,51360.419318106,-0.577877047,-0.891141444,1.391606758,1.012411928,-0.609711921,0.041333818,0.022276288,0.141241459,0.001769216,-6.271128468,-4.379272057,-1.717713856,-0.054080658,0.038964933,-0.012866357,0.99769394,0.04131287,-0.999115764,1.496215219,0.0,0.0,0.0,0.86058265,0.0,3.594721556
1772729846.2739103,-0.540379,-0.917419,1.39413,-0.04295215,0.05689988,-0.0136189,0.99736254,-0.087896,0.112567,-0.032264,0.909380452,-0.595725335,0.063500663,-0.27737476,0.079624259,-0.21949391,-0.055835474,0.031227886,1.011048979,-0.156791248,-0.059746849,-0.04182253,48021.195163343,56368.053959193,54152.694179813,51219.755891542,-0.569941041,-0.896587787,1.391933633,1.016733459,-0.601744812,0.041271899,0.024691656,0.141554221,0.002201869,-6.334961858,-4.325100151,-1.740382944,-0.054636838,0.038511271,-0.013068326,0.997679719,0.050345381,-0.998719476,1.496516624,0.0,0.0,0.0,0.86058265,0.0,3.594721556
1772729846.2839108,-0.531269,-0.923346,1.394721,-0.04459792,0.05767247,-0.01444084,0.99723436,-0.091334,0.113985,-0.034174,0.915330787,-0.587703066,0.057575307,-0.358231699,0.410068548,-0.151768214,-0.047704318,0.034225269,1.017221055,-0.153278424,-0.008778004,-0.01863936,47957.105448059,56498.503012542,54348.307734314,50834.197553561,-0.562732125,-0.901486885,1.392273269,1.020227513,-0.59435234,0.041350776,0.031923864,0.141861525,0.004547714,-6.404224414,-4.303446976,-1.752759072,-0.05523898,0.038336641,-0.013163473,0.997661153,0.058332624,-0.998286025,1.496783247,0.0,0.0,0.0,0.86058265,0.0,3.594721556
1772729846.2939107,-0.522046,-0.929196,1.395265,-0.04603459,0.0587543,-0.01484914,0.99709992,-0.09432,0.116061,-0.035266,0.913758641,-0.577917257,0.052942572,-0.352986566,0.618224092,-0.176497863,-0.053052965,0.045586623,1.019396226,-0.149867514,-0.008119766,0.008522956,48050.812649436,56472.125213481,54477.621541614,50457.714932255,-0.554247198,-0.907202332,1.392798117,1.023895945,-0.58538908,0.042184747,0.028691688,0.16285691,0.010468501,-6.464809233,-4.259871929,-1.753638599,-0.055772737,0.037964667,-0.013172519,0.997639096,0.067127017,-0.997736059,1.497076933,0.0,0.0,0.0,0.86058265,0.0,3.594721556
1772729846.3039112,-0.512781,-0.934908,1.395687,-0.04724909,0.05809896,-0.01543136,0.99707267,-0.0968,0.114651,-0.03651,0.91005114,-0.567693179,0.054041116,-0.356712039,0.809954683,-0.240324009,-0.053972935,0.035585219,1.01419514,-0.154780514,-0.005341198,0.05332578,48666.12297067,55677.423446049,54373.455377164,50750.252309624,-0.541033565,-0.915985182,1.393784355,1.029318691,-0.571037283,0.044904035,0.024886202,0.150737994,0.006155751,-6.578971456,-4.23871226,-1.724393247,-0.056779451,0.037779048,-0.012890753,0.99759307,0.08104735,-0.996698294,1.497542287,0.0,0.0,0.0,0.86058265,0.0,3.594721556
1772729846.3139112,-0.503719,-0.940501,1.396131,-0.04834692,0.06699482,-0.01550004,0.99646075,-0.099461,0.132403,-0.037707,0.907324836,-0.556533476,0.058760118,-0.419994258,1.025790915,-0.344144858,-0.054513809,0.023755908,1.008362994,-0.160405698,-0.002381297,0.099636125,48476.992608442,55485.651843027,54986.990882124,50150.395958957,-0.529909579,-0.923218276,1.394563208,1.033749913,-0.559018976,0.045947777,0.021080897,0.138619656,0.001843207,-6.664539028,-4.222980105,-1.671602927,-0.057544032,0.037625158,-0.012411047,0.997567021,0.093735478,-0.995591803,1.497966855,0.0,0.0,0.0,0.86058265,0.0,3.594721556
1772729846.3239117,-0.494949,-0.946041,1.396951,-0.052022,0.07303529,-0.01916464,0.99578726,-0.107725,0.143958,-0.046262,0.910371498,-0.545929755,0.062265988,-0.458913164,1.057002419,-0.412271521,-0.051236949,0.036734554,1.007170723,-0.197768157,-0.021454135,0.127047701,48319.771919168,55117.334353463,55383.800256979,50191.479429973,-0.520340592,-0.929276992,1.39517077,1.037598083,-0.548666886,0.046385461,0.025720467,0.154578618,-0.000472832,-6.745971788,-4.207805652,-1.608295398,-0.058275835,0.037469662,-0.011841074,0.99753245,0.103535594,-0.994619919,1.498295069,0.0,0.0,0.0,0.86058265,0.0,3.594721556
1772729846.3339117,-0.48573,-0.951442,1.397597,-0.05430732,0.07850075,-0.02211139,0.99518814,-0.113149,0.154458,-0.053194,0.917035781,-0.535194974,0.062580771,-0.485805373,0.8192068,-0.39879401,-0.05108405,0.040010288,1.005451408,-0.241315119,-0.046655116,0.146551735,47869.73220339,54949.498305085,55850.76252863,50130.641319285,-0.510438155,-0.935366576,1.395695797,1.041420515,-0.537713466,0.046038925,0.026020555,0.156240112,-0.003217239,-6.873048273,-4.178899067,-1.517443505,-0.059415563,0.037184023,-0.011023967,0.997500608,0.114463388,-0.99342562,1.498661561,0.0,0.0,0.0,0.86058265,0.0,3.594721556
1772729846.3439124,-0.476421,-0.956741,1.398211,-0.05680757,0.08026617,-0.02389081,0.99486656,-0.118612,0.157646,-0.057399,0.926984956,-0.524181347,0.060121367,-0.480746664,0.421387687,-0.29997379,-0.053656536,0.031166663,1.002144439,-0.279172736,-0.068873743,0.167219909,47442.415857817,54776.914808499,56466.036988458,49877.31000787,-0.500731234,-0.941335313,1.396244428,1.045006739,-0.526872733,0.04576765,0.024268054,0.151116716,-0.006266332,-6.914659083,-4.154702198,-1.487939693,-0.059790587,0.036962197,-0.010766393,0.997444891,0.125808607,-0.992044362,1.499042445,0.0,0.0,0.0,0.86058265,0.0,3.594721556
1772729846.3539128,-0.467076,-0.961924,1.398722,-0.05898045,0.08133292,-0.02415583,0.99464705,-0.123131,0.159623,-0.058423,0.937462471,-0.513326849,0.055127772,-0.437054275,-0.016367576,-0.128341317,-0.049327705,0.041739446,0.999586616,-0.310321548,-0.081261299,0.175001738,47973.344877419,54397.930683871,56354.380129032,49938.503174194,-0.48967346,-0.94804902,1.397038097,1.048413624,-0.513946512,0.04569434,0.027838247,0.164171857,-0.010250339,-7.103542632,-4.096702274,-1.375757691,-0.061477191,0.036412329,-0.0097619,0.997351068,0.13940212,-0.990197469,1.499499788,0.0,0.0,0.0,0.86058265,0.0,3.595120088
1772729846.3639133,-0.457655,-0.966995,1.399268,-0.06046829,0.07994925,-0.02391832,0.99467563,-0.125992,0.156796,-0.057994,0.94242753,-0.501673264,0.051641405,-0.396246419,-0.249244658,0.064664306,-0.046988288,0.048820047,0.99664619,-0.337209449,-0.08877409,0.179140121,47982.431513057,54021.262461273,56384.040803423,50105.102008557,-0.478394692,-0.954624398,1.39782074,1.052275296,-0.500588524,0.045121944,0.029313929,0.169238142,-0.013397133,-7.402148645,-4.015190481,-1.200275504,-0.064141633,0.035632731,-0.008184692,0.997288935,0.144494057,-0.989505649,1.499671102,0.0,0.0,0.0,0.86058265,0.0,3.595851629
1772729846.373913,-0.448264,-0.971953,1.39971,-0.06330349,0.07805012,-0.02304713,0.99467064,-0.131438,0.152946,-0.056418,0.94218293,-0.489847689,0.051165725,-0.388470566,-0.334479214,0.166576355,-0.054819317,0.034265631,0.992049487,-0.353442389,-0.085215329,0.177872079,47836.474130114,53178.217783067,56543.538762326,50799.833900034,-0.467879259,-0.960477666,1.398472443,1.055978736,-0.487865139,0.043630335,0.026613312,0.158458376,-0.014921073,-7.667577803,-3.949870782,-1.06849309,-0.066498924,0.035006443,-0.006993875,0.997169583,0.144494057,-0.989505649,1.499671102,0.0,0.0,0.0,0.86058265,0.0,3.596583117
1772729846.3839128,-0.43885,-0.976786,1.400276,-0.06487061,0.07744818,-0.0220919,0.99463839,-0.134413,0.151782,-0.05465,0.942469644,-0.476528737,0.048394374,-0.369923021,-0.205323489,0.220784382,-0.062650346,0.019711216,0.987452784,-0.369675329,-0.081656569,0.176604038,48255.967812747,52545.321379242,56366.012874901,51198.084599448,-0.455916248,-0.967032055,1.399177427,1.060186752,-0.473264093,0.041535124,0.022066417,0.156052175,-0.0164452,-7.890860926,-3.903982799,-0.962890969,-0.068478297,0.034557668,-0.006034469,0.997051746,0.144494057,-0.989505649,1.499671102,0.0,0.0,0.0,0.86058265,0.0,3.597314606
1772729846.3939133,-0.429389,-0.981537,1.400787,-0.06634203,0.07618889,-0.02039097,0.99467492,-0.137035,0.149416,-0.051267,0.943312263,-0.464053181,0.047182718,-0.35213013,-0.112185724,0.224306305,-0.052299416,0.018961925,0.99247623,-0.35526843,-0.111609259,0.182183158,48469.206892815,52574.350005419,56304.507478054,50998.512625989,-0.445052367,-0.972686357,1.399734041,1.063730946,-0.459402497,0.039019952,0.017228388,0.15496473,-0.017969465,-8.087159162,-3.855624814,-0.865828075,-0.070219544,0.034087801,-0.005160756,0.996950677,0.144494057,-0.989505649,1.499671102,0.0,0.0,0.0,0.86058265,0.0,3.598046147
1772729846.4039135,-0.41999,-0.986065,1.401272,-0.06814101,0.07501293,-0.01919336,0.99466652,-0.140408,0.14714,-0.048953,0.944357952,-0.45131057,0.044011095,-0.327165087,-0.013643398,0.223701388,-0.050474582,0.021008175,0.988223993,-0.28792487,-0.209870713,0.170174566,48176.067956948,52791.260726869,56533.552536319,50596.724262754,-0.427601012,-0.981261842,1.400609595,1.068805813,-0.436026304,0.034690834,0.015862016,0.160585823,-0.027064791,-8.348723084,-3.750103914,-0.726035193,-0.072544636,0.033093494,-0.003933927,0.996804315,0.144494057,-0.989505649,1.499671102,0.0,0.0,0.0,0.86058265,0.0,3.59877767
1772729846.4139142,-0.410513,-0.99051,1.401598,-0.06939356,0.07700369,-0.0179006,0.99445188,-0.142885,0.151245,-0.046841,0.94583037,-0.438993639,0.041796135,-0.280648861,-0.035660951,0.206555656,-0.051628537,0.022781647,0.981373042,-0.211155741,-0.320676389,0.153958592,48039.908509731,53857.371548989,56666.152010229,49366.133020789,-0.410148825,-0.989837737,1.40148519,1.073880921,-0.412648996,0.030361511,0.014617763,0.166443296,-0.036427021,-8.581276695,-3.411277929,-0.53151958,-0.074641009,0.030025935,-0.002399922,0.996717919,0.144494057,-0.989505649,1.499671102,0.0,0.0,0.0,0.86058265,0.0,3.599509228
1772729846.4239147,-0.401101,-0.994816,1.401977,-0.07089303,0.07803356,-0.01722805,0.9942777,-0.145886,0.153331,-0.045877,0.947150321,-0.427654837,0.040086305,-0.24683797,-0.215186463,0.166991017,-0.052782464,0.024555077,0.974522254,-0.134388442,-0.431479422,0.137743005,48088.035291699,54146.855942547,56636.284132225,49107.364698023,-0.40277284,-0.993196393,1.401802387,1.075391016,-0.402440321,0.027655941,0.009100748,0.168885473,-0.037697256,-8.723052341,-3.135653893,-0.394369999,-0.075926144,0.027542531,-0.001349674,0.996738824,0.144494057,-0.989505649,1.499671102,0.0,0.0,0.0,0.86058265,0.0,3.599854114
1772729846.433915,-0.391564,-0.999106,1.402506,-0.07194744,0.0741138,-0.01638872,0.99451602,-0.147626,0.14557,-0.043739,0.948023903,-0.415976562,0.038875037,-0.182867082,-0.366013898,0.147555144,-0.053951627,0.025131363,0.970352103,-0.064294842,-0.529912294,0.12330474,47973.794917584,54368.870254506,56800.639387438,48736.083482149,-0.395919544,-0.996284423,1.40209062,1.076716205,-0.392914763,0.025034636,0.001907015,0.169987319,-0.035791858,-8.743822186,-2.94799943,-0.334780413,-0.076129454,0.025870987,-0.000951213,0.996759729,0.144494057,-0.989505649,1.499671102,0.0,0.0,0.0,0.86058265,0.0,3.599410175
1772729846.4439147,-0.382098,-1.003153,1.402775,-0.07265596,0.07331636,-0.01500894,0.9945454,-0.148806,0.144151,-0.040944,0.948674972,-0.403700987,0.037894617,-0.108290234,-0.564747902,0.128426362,-0.05518356,0.020780143,0.977215442,-0.021667155,-0.577433613,0.116181336,47992.282307852,54460.093076821,56847.671153737,48576.790983065,-0.388761931,-0.999467233,1.402384059,1.077937668,-0.382931164,0.022420132,-0.005286375,0.171089113,-0.033886551,-8.747063637,-2.918713093,-0.325480551,-0.076161183,0.025610117,-0.000889027,0.996798328,0.144494057,-0.989505649,1.499671102,0.0,0.0,0.0,0.86058265,0.0,3.598966256
1772729846.453915,-0.372617,-1.007149,1.403217,-0.07285607,0.06895365,-0.01428101,0.99485348,-0.148841,0.135531,-0.038828,0.947006012,-0.389150196,0.033192747,-0.044939777,-0.601640791,0.074985312,-0.050986282,0.025611051,0.978692393,-0.012008115,-0.603294098,0.112286667,48286.989823421,54285.088289378,56641.744275674,48867.934607925,-0.380258175,-1.003069577,1.402700575,1.078701323,-0.370921642,0.019834933,-0.01242189,0.172220417,-0.039636073,-8.746513995,-2.641528596,-0.22954422,-0.076184023,0.023135111,-0.000239088,0.996847652,0.144494057,-0.989505649,1.499671102,0.0,0.0,0.0,0.86058265,0.0,3.598522306
1772729846.463915,-0.363128,-1.011005,1.403542,-0.07311179,0.06458877,-0.01380778,0.99513431,-0.14904,0.12687,-0.037233,0.947898787,-0.376595153,0.030564287,0.02271479,-0.71218068,0.084300646,-0.054239398,0.024712075,0.969800044,0.00561085,-0.62632486,0.091355469,48233.383653614,54565.127482512,56580.786684892,48767.042976602,-0.371754825,-1.006671749,1.403017077,1.079464942,-0.358912693,0.017249857,-0.019551027,0.173354712,-0.046176877,-8.743447516,-2.259301502,-0.101294888,-0.07619467,0.019724868,0.000621585,0.996907698,0.144494057,-0.989505649,1.499671102,0.0,0.0,0.0,0.86058265,0.0,3.598078377
1772729846.4739158,-0.353683,-1.014653,1.403757,-0.07276877,0.06390367,-0.01279468,0.99521722,-0.148183,0.125664,-0.035051,0.947824602,-0.363717266,0.026200239,0.066178054,-0.790735208,0.099446434,-0.0486607,0.028102888,0.970226803,0.035137109,-0.64179221,0.074934372,48455.137251749,54506.948781861,56400.348395915,48906.16595642,-0.363607946,-1.009980293,1.403304442,1.079417185,-0.347566408,0.014282861,-0.01335678,0.18099318,-0.041490699,-8.731160653,-2.148032836,-0.081411135,-0.076091817,0.018743737,0.000718862,0.996972032,0.144494057,-0.989505649,1.499671102,0.0,0.0,0.0,0.86058265,0.0,3.597634417
1772729846.4839158,-0.344215,-1.018209,1.404043,-0.07235032,0.05883748,-0.01285228,0.99555934,-0.147077,0.11555,-0.03434,0.947824952,-0.352077006,0.023793399,0.1186508,-0.882053703,0.130074088,-0.036757687,0.039167024,0.97756664,0.065452519,-0.637244449,0.06570316,48048.378764642,54275.968682625,56622.972594519,49399.91582761,-0.354832372,-1.013420601,1.403556833,1.078847421,-0.335207729,0.011282715,-0.009459194,0.187574778,-0.039365289,-8.69165348,-1.527134852,0.081492198,-0.075778904,0.013234183,0.00171887,0.997040583,0.144494057,-0.989505649,1.499671102,0.0,0.0,0.0,0.86058265,0.0,3.597190488
1772729846.4939163,-0.334781,-1.021656,1.404154,-0.07191534,0.05672968,-0.01246987,0.99571805,-0.146051,0.11141,-0.033204,0.94485737,-0.338305257,0.018672493,0.139165853,-0.785753829,0.096938906,-0.037255485,0.038579658,0.976830985,0.079823876,-0.617791062,0.044991002,48095.221188748,53764.129990926,56495.690335753,50281.268693285,-0.346062521,-1.01674526,1.403794745,1.077732512,-0.322860007,0.008456701,-0.015249753,0.183328598,-0.039129467,-8.675998992,-1.444776943,0.088166389,-0.075642764,0.012513459,0.001721234,0.997102779,0.144494057,-0.989505649,1.499671102,0.0,0.0,0.0,0.86058265,0.0,3.596746538
1772729846.5039167,-0.32517,-1.025108,1.404599,-0.07087961,0.04619087,-0.00932497,0.99637118,-0.143183,0.09085,-0.025237,0.947061645,-0.327784559,0.016423559,0.12026627,-0.86347933,0.007914746,-0.039936538,0.027417735,0.981403053,0.078062388,-0.589669322,0.025454142,48739.648516407,53655.195313552,56023.373524263,50594.479418234,-0.337031618,-1.02006651,1.403984329,1.07602006,-0.310205765,0.005569006,-0.024488699,0.178706839,-0.034455543,-8.597567026,-0.829087013,0.215559566,-0.074968753,0.007073738,0.002418205,0.997156847,0.144494057,-0.989505649,1.499671102,0.0,0.0,0.0,0.86058265,0.0,3.596302587
1772729846.5139167,-0.315866,-1.028209,1.404504,-0.07028144,0.04601133,-0.00966186,0.99641865,-0.142004,0.090458,-0.02583,0.941208124,-0.313101969,0.01473191,0.131841571,-0.864539016,0.006741979,-0.046118118,0.041916175,0.985310772,0.087857297,-0.55259248,0.027685627,48742.82965349,53842.483103953,56018.690815032,50444.143601757,-0.328922363,-1.022976404,1.404190327,1.074125565,-0.299029257,0.003632555,-0.033023764,0.185839683,-0.031321484,-8.552064292,-0.55250256,0.259734607,-0.074571085,0.004639063,0.002619999,0.997201728,0.144494057,-0.989505649,1.499671102,0.0,0.0,0.0,0.86058265,0.0,3.595858659
1772729846.5239167,-0.306512,-1.031288,1.404739,-0.06912691,0.04320778,-0.00964556,0.99662507,-0.139574,0.084892,-0.025293,0.931637038,-0.297938182,0.014205899,0.214876916,-0.589714837,0.142848523,-0.044246808,0.022588518,0.979963416,0.076858501,-0.542841212,0.009433148,48771.861870796,53996.127688669,55976.446670116,50380.553255969,-0.321459097,-1.025582832,1.404368315,1.072025668,-0.288794716,0.001996884,-0.039489346,0.166918326,-0.035078288,-8.507054445,-0.294289105,0.297141109,-0.074175616,0.002368771,0.002776713,0.997238753,0.144494057,-0.989505649,1.499671102,0.0,0.0,0.0,0.86058265,0.0,3.59541473
1772729846.5339172,-0.297205,-1.034164,1.404794,-0.06916845,0.04067378,-0.01109387,0.99671375,-0.13968,0.07963,-0.027833,0.918490717,-0.281432145,0.015799899,0.293566515,-0.561405104,0.276862724,-0.043451885,0.021781458,0.978808646,0.107493633,-0.536510694,-0.008245358,48959.680965147,54105.308310992,55801.273458445,50453.520107239,-0.313706245,-1.028192538,1.404445235,1.06930975,-0.278036282,-0.000324402,-0.038338717,0.163657968,-0.033383994,-8.447677284,-0.00122,0.333160893,-0.073652516,-0.000203504,0.002900678,0.99727619,0.144494057,-0.989505649,1.499671102,0.0,0.0,0.0,0.86058265,0.0,3.59497078
1772729846.5439167,-0.287735,-1.037079,1.40504,-0.06788236,0.03189488,-0.00822565,0.99714946,-0.136593,0.062532,-0.020777,0.907173107,-0.267528072,0.017653785,0.388702925,-0.773224224,0.441574555,-0.047076087,0.022534681,0.980243573,0.126089525,-0.559645842,-0.014340848,48842.044891045,54446.489104489,55857.426503427,50234.202125202,-0.303894207,-1.031382605,1.40459359,1.065267429,-0.26448401,-0.002780258,-0.051020356,0.167816225,-0.033493748,-8.369297347,0.327737262,0.365635269,-0.072960875,-0.003085226,0.002974057,0.997322231,0.144494057,-0.989505649,1.499671102,0.0,0.0,0.0,0.86058265,0.0,3.598909906
1772729846.5539167,-0.279215,-1.039448,1.405218,-0.06392418,0.03278572,-0.00309481,0.99741126,-0.128343,0.065052,-0.010387,0.901888933,-0.258255103,0.021122981,0.49854659,-1.280184705,0.62463473,-0.040645179,0.027424441,0.985451968,0.174722614,-0.581906493,-0.024187023,48928.653596087,54816.468239356,55821.327387802,49906.840132336,-0.29396492,-1.034445779,1.404704806,1.06038283,-0.250697605,-0.005238231,-0.058189602,0.171959311,-0.035010338,-8.254104554,0.711172786,0.393576664,-0.07194501,-0.006437169,0.002979731,0.997376166,0.144494057,-0.989505649,1.499671102,0.0,0.0,0.0,0.86058265,0.0,3.60846041
1772729846.5639172,-0.270091,-1.042108,1.405425,-0.06075875,0.03042598,0.00062541,0.99768845,-0.121723,0.060825,-0.002454,0.899559385,-0.250157795,0.017219092,0.562124672,-1.678648794,0.645299056,-0.045101077,0.050487482,0.979713204,0.209296259,-0.624047642,-0.040066103,48500.328140815,55048.606858074,56073.63591478,49886.687584862,-0.283850191,-1.037427081,1.404881647,1.054215022,-0.236575891,-0.00723802,-0.064264392,0.175965398,-0.036676448,-8.128118458,1.093738721,0.423876213,-0.070832506,-0.009782592,0.003013714,0.997428612,0.107795119,-0.993525317,1.491596292,-3.17e-07,0.0,0.0,0.86058265,0.0,3.61801137
1772729846.5739172,-0.261195,-1.044446,1.405586,-0.05951641,0.01411245,0.00255469,0.9981243,-0.119067,0.02848,0.003421,0.891591235,-0.239693974,0.014704035,0.517882352,-2.059499332,0.446915279,-0.043473073,0.03333453,0.982622878,0.252030557,-0.664362921,-0.047590772,50922.785904681,40450.625759676,44770.997014607,51807.24501546,-0.273788178,-1.040346248,1.40506512,1.047581937,-0.222660186,-0.009311781,-0.068370126,0.174484403,-0.033954924,-7.976680095,1.520950008,0.453500762,-0.069494179,-0.013515398,0.003025011,0.997480221,-0.136493651,-1.02028249,1.43784582,-2.43e-06,0.0,0.0,0.86058265,0.0,3.627561874
1772729846.5839171,-0.252062,-1.046954,1.405694,-0.05589801,0.00242354,0.00594548,0.99841584,-0.111825,0.005504,0.011602,0.902734971,-0.234260033,-0.000315929,0.503109495,-2.223009318,0.309314714,-0.039059975,0.028036794,0.983440128,0.298539655,-0.815734268,-0.065643013,53026.155724021,30742.207777991,35788.515503982,52987.314294316,-0.26414737,-1.043000522,1.405246547,1.039955511,-0.209451226,-0.010896594,-0.070285674,0.159478644,-0.031622559,-7.788168345,1.9922947,0.484498314,-0.067827911,-0.017631982,0.003037371,0.997530459,-0.286545187,-1.036717772,1.404830083,-7.606e-06,0.0,0.0,0.86058265,0.0,3.637112378
1772729846.5939171,-0.24304,-1.049306,1.405685,-0.05285746,-0.00808708,0.00805366,0.99853684,-0.105901,-0.0153,0.016941,0.905451718,-0.229615798,-0.008755894,0.544948179,-2.250089686,0.281276063,-0.043287808,0.01646531,0.955327996,0.368813819,-1.218165665,-0.098593081,52163.941705011,33845.330567733,37372.449077932,52093.846545415,-0.256176388,-1.045123653,1.405375634,1.033140556,-0.198908072,-0.012541421,-0.079018506,0.149822452,-0.051869564,-7.626457711,2.461033408,0.512087133,-0.066392064,-0.021724268,0.003031183,0.997547449,-0.286545187,-1.036717772,1.404829649,-2.021e-05,0.0,0.0,0.86058265,0.0,3.646662882
1772729846.6039176,-0.234221,-1.051449,1.405533,-0.05124391,-0.01885659,0.0082262,0.99847425,-0.102893,-0.036821,0.018373,0.884883245,-0.216533559,-0.015196207,0.619389521,-2.057863112,0.263079373,-0.038025008,0.028249103,0.962843953,0.428892892,-1.696966979,-0.106778133,49569.84778548,39293.101241127,41359.243908514,49273.381677805,-0.24901119,-1.047014109,1.405458104,1.026842764,-0.190052838,-0.015204576,-0.08637401,0.149927753,-0.05347358,-7.573769436,2.60508082,0.52264928,-0.065924221,-0.022982968,0.003048517,0.997519126,-0.286545187,-1.036717772,1.404828932,-3.9429e-05,0.0,0.0,0.86058265,0.0,3.656213842
1772729846.613917,-0.225741,-1.05338,1.405367,-0.04936211,-0.02877794,0.00862055,0.99832905,-0.099378,-0.056639,0.020087,0.852699356,-0.202432011,-0.017244053,0.651884293,-2.246471329,0.138573019,-0.02587339,0.023031299,0.931517514,0.502559663,-2.469127324,-0.125743573,44618.137031036,46961.917861149,47250.404611741,43318.145282313,-0.240267938,-1.049254031,1.405474448,1.018429628,-0.179749018,-0.019777093,-0.0816229,0.145671562,-0.077283286,-7.44209136,3.081550864,0.555379246,-0.064743048,-0.027145576,0.003093814,0.997371111,-0.286545187,-1.036717772,1.404827355,-7.2039e-05,0.0,0.0,0.86058265,0.0,3.665763891
1772729846.623917,-0.216134,-1.055781,1.4047,-0.04221504,-0.03703285,0.01462795,0.99831482,-0.085703,-0.07277,0.032425,0.817144855,-0.188544488,-0.022161268,0.636933317,-2.814334573,-0.078050238,-0.024246966,0.014260493,0.90941317,0.570768617,-3.386507889,-0.141565731,38798.108451466,52687.950534599,52175.902901249,36612.844846228,-0.230714664,-1.051574731,1.405360819,1.007518767,-0.168886688,-0.027842685,-0.100865333,0.114433822,-0.120187496,-7.12307462,4.454972896,0.656864269,-0.061846925,-0.039146591,0.003308993,0.996840703,-0.286545187,-1.036717772,1.404823854,-0.000129978,0.0,0.0,0.86058265,0.0,3.675314395
1772729846.633917,-0.209063,-1.057456,1.405058,-0.03992389,-0.05189229,0.01318906,0.99776717,-0.081558,-0.10268,0.030629,0.784682314,-0.181323561,-0.032157257,0.635375679,-3.275589944,-0.303590051,-0.026862099,0.006162072,0.894120842,0.634388732,-4.315974635,-0.155367106,37414.3146558,54366.030854315,53770.607699025,35283.922718673,-0.221509999,-1.053734356,1.405086087,0.995480886,-0.15939945,-0.039783583,-0.138325186,0.109425019,-0.124173353,-6.818544765,6.133526511,0.790619787,-0.059006436,-0.053811418,0.003706143,0.995897714,-0.286545187,-1.036717772,1.404817496,-0.000217103,0.0,0.0,0.86058265,0.0,3.684864899
1772729846.6439176,-0.20163,-1.058986,1.404574,-0.03781848,-0.07248927,0.01028997,0.99659881,-0.077756,-0.144206,0.026268,0.756781918,-0.173530158,-0.048132019,0.605033066,-3.624957843,-0.502137324,-0.037801502,0.018571578,0.894767456,0.597341546,-4.623437834,-0.168883798,38043.854829501,54736.928556599,54158.262729019,36555.266388125,-0.214531092,-1.055398185,1.404745777,0.985820389,-0.15318384,-0.049503776,-0.168660243,0.108138908,-0.147008658,-6.507920053,8.138179893,0.953412901,-0.056017062,-0.071309465,0.004272287,0.99449663,-0.286545187,-1.036717772,1.404811644,-0.000288272,0.0,0.0,0.86058265,0.0,3.685936121
1772729846.6539187,-0.194214,-1.060722,1.404075,-0.03432242,-0.09696099,0.00775193,0.994666,-0.07117,-0.193562,0.022499,0.733614802,-0.169281688,-0.067135534,0.522475649,-3.815423339,-0.654846084,-0.048741688,0.030981972,0.895414116,0.56029171,-4.930923022,-0.182401455,38454.116108257,55022.584123308,54714.260691801,38169.406505536,-0.20657385,-1.057256855,1.404610271,0.967535555,-0.145157746,-0.061824592,-0.225904501,0.123914914,-0.145790343,-6.211922068,10.316315833,1.125164095,-0.053066867,-0.090292076,0.004909117,0.992398912,-0.286545187,-1.036717772,1.404799917,-0.000415555,0.0,0.0,0.86058265,0.0,3.678180053
1772729846.6639192,-0.186526,-1.062597,1.403044,-0.03061004,-0.1113186,0.00536274,0.99329876,-0.063616,-0.222652,0.017912,0.713211655,-0.167810319,-0.087149151,0.430953747,-3.816055344,-0.685579496,-0.04919806,0.03187781,0.899597462,0.49777498,-4.958245173,-0.194583277,39029.308054128,55341.292061654,55025.380345901,39032.953252768,-0.20113888,-1.058444026,1.404352328,0.95151024,-0.139472771,-0.070766583,-0.258656145,0.104979563,-0.150373276,-5.880079414,13.358236455,1.342897155,-0.049538563,-0.116712188,0.005698983,0.990108468,-0.286545187,-1.036717772,1.404788379,-0.000526427,0.0,0.0,0.86058265,0.0,3.67042454
1772729846.6739194,-0.179507,-1.064325,1.402024,-0.02848032,-0.12723016,0.00391912,0.9914565,-0.059424,-0.254812,0.01552,0.699239128,-0.17199556,-0.108954455,0.459068996,-3.717169993,-0.513541119,-0.044330313,0.026926079,0.90557694,0.4223243,-4.843288987,-0.206086856,39172.310356247,55437.181104225,55681.132279888,40514.955717462,-0.194204848,-1.059995084,1.403916282,0.927516005,-0.13272732,-0.083169387,-0.293784534,0.095674089,-0.154927964,-5.441672584,18.227028155,1.662499964,-0.044562781,-0.158866638,0.006796619,0.986737377,-0.286545187,-1.036717772,1.404770204,-0.000687357,0.0,0.0,0.86058265,0.0,3.662669212
1772729846.6839197,-0.172701,-1.065799,1.40092,-0.02540626,-0.14698633,0.00304986,0.98880748,-0.053471,-0.294778,0.014109,0.661412771,-0.169451483,-0.121474941,0.40694111,-3.74112984,-0.389712739,-0.039462566,0.021974348,0.911556418,0.346873621,-4.728332801,-0.217590435,39130.058330398,55606.82331807,56287.343289891,42111.481437126,-0.18492968,-1.062155128,1.402953656,0.890821285,-0.124952847,-0.101440901,-0.340112067,0.099226178,-0.157890167,-5.223189984,21.367224298,1.834239222,-0.041798373,-0.185873988,0.007272699,0.982106326,-0.286545187,-1.036717772,1.404741131,-0.00092105,0.0,0.0,0.86058265,0.0,3.654913884
1772729846.6939204,-0.166332,-1.067651,1.399749,-0.02359026,-0.16622355,0.00115844,0.9858052,-0.049657,-0.33384,0.010718,0.619572949,-0.164029003,-0.139595976,0.419459944,-3.794900851,-0.242898724,-0.041373182,0.023815289,0.91562939,0.284089758,-4.477109,-0.222287042,39761.924847718,55995.478443161,56457.079344989,42595.346016929,-0.178034263,-1.063822427,1.401971748,0.856897334,-0.11962724,-0.116549672,-0.387267269,0.094829272,-0.173781249,-5.104391098,23.210645676,1.920336366,-0.040245276,-0.20167233,0.007441733,0.97782953,-0.286545187,-1.036717772,1.404703433,-0.001195325,0.0,0.0,0.86058265,0.0,3.647158187
1772729846.7039204,-0.160409,-1.069231,1.398248,-0.02235469,-0.1856835,0.00025821,0.98235525,-0.047292,-0.373421,0.009461,0.581039637,-0.158418896,-0.162304389,0.424979411,-3.856312798,-0.154072234,-0.044599284,0.035646079,0.923246899,0.225752023,-4.046199579,-0.22526786,39490.677300055,56000.455462384,56842.798334784,43535.173146903,-0.17243152,-1.065120361,1.40103464,0.82496047,-0.115238413,-0.130498357,-0.431704347,0.100225993,-0.18643669,-5.067099335,24.00807876,1.944803779,-0.039691201,-0.208440647,0.007403904,0.973999546,-0.286545187,-1.036717772,1.404620372,-0.001686341,0.0,0.0,0.86058265,0.0,3.639403044
1772729846.7139204,-0.154726,-1.070822,1.396434,-0.01933913,-0.20496289,0.00156407,0.97857742,-0.042031,-0.412699,0.011996,0.548316471,-0.153532509,-0.190582622,0.352364483,-3.75136166,-0.141435458,-0.046929334,0.002472295,0.909228709,0.157167131,-2.958490978,-0.237929129,39711.210205326,56332.015602765,57093.835586501,44338.700294775,-0.16222136,-1.06785782,1.398603399,0.748592762,-0.108039441,-0.162195677,-0.464275752,0.099081546,-0.197680728,-4.782118837,30.007400197,2.127143712,-0.035489381,-0.25935975,0.007114731,0.964914152,-0.286545187,-1.036717772,1.404530405,-0.002210581,0.0,0.0,0.86058265,0.0,3.631647901
1772729846.7239203,-0.149385,-1.07231,1.394378,-0.01741769,-0.22187325,0.00170202,0.97491845,-0.038515,-0.447327,0.012254,0.515205484,-0.148441051,-0.219485602,0.190769856,-3.50233008,-0.215285139,-0.038670004,-0.008434168,0.903186496,0.148480869,-1.96782002,-0.236053761,40080.793652974,56850.919329578,57081.743481247,44832.501964556,-0.15183514,-1.070734507,1.395758547,0.664731762,-0.100829348,-0.197772672,-0.491301148,0.091889708,-0.210331177,-4.62189632,31.976982193,2.088981222,-0.033742135,-0.275863269,0.006414545,0.959916982,-0.286545187,-1.036717772,1.404436261,-0.002747619,0.0,0.0,0.86058265,0.0,3.623892758
1772729846.7339208,-0.144547,-1.073751,1.392075,-0.01515406,-0.23506949,0.00229805,0.97185771,-0.034334,-0.474438,0.013031,0.482745099,-0.143149748,-0.247034326,0.0044261,-3.012043444,-0.35623177,-0.03419001,0.002433014,0.913634742,0.195168661,-0.984801412,-0.239258719,40844.688794214,57457.852273853,56899.080055484,44878.785494897,-0.145551799,-1.072608403,1.393057194,0.601034673,-0.096443271,-0.228214856,-0.518327833,0.084697528,-0.22298223,-4.390759349,33.751608901,1.982199988,-0.031634449,-0.290676092,0.005421231,0.956678019,-0.286545187,-1.036717772,1.404309026,-0.003369807,0.0,0.0,0.86058265,0.0,3.616032303
1772729846.7439203,-0.139734,-1.075111,1.389392,-0.01664246,-0.25111558,-0.00136705,0.96781306,-0.036084,-0.507634,0.006537,0.444043625,-0.141741588,-0.270085689,-0.172857241,-2.326071452,-0.507558668,-0.035875534,0.021607726,0.941508927,0.243601728,-0.126640449,-0.238937534,42654.366388225,57414.87671564,56225.118557116,45881.073728882,-0.140069341,-1.074326955,1.390074169,0.53758087,-0.092315631,-0.255719402,-0.54535194,0.077506034,-0.235632076,-4.177012492,34.167627229,1.848086931,-0.030096183,-0.294099135,0.004700499,0.955299492,-0.286545187,-1.036717772,1.404168924,-0.004008644,0.0,0.0,0.86058265,0.0,3.608114026
1772729846.7539203,-0.135524,-1.076562,1.386665,-0.01775851,-0.26353617,-0.0047588,0.9644743,-0.036878,-0.533461,0.00021,0.401687893,-0.14018236,-0.292384855,-0.267070028,-1.415210051,-0.569011199,-0.035228186,0.010416727,0.92790647,0.276614358,0.685953542,-0.230785035,47826.213478365,55564.012100742,53080.09260392,49498.466636526,-0.135029402,-1.075959739,1.386935014,0.474255284,-0.088330551,-0.281601524,-0.543387047,0.054064426,-0.261412436,-4.011201865,34.018587405,1.734952925,-0.029032003,-0.292822245,0.004226997,0.955665495,-0.286545187,-1.036717772,1.404002182,-0.004722483,0.0,0.0,0.86058265,0.0,3.600195371
1772729846.76392,-0.131649,-1.078022,1.383568,-0.01811453,-0.26546054,-0.00818558,0.96391678,-0.035604,-0.537582,-0.007175,0.358806345,-0.140170899,-0.314505855,-0.194036945,-0.351590826,-0.509691487,-0.032481598,-0.00317653,0.922073882,0.303575287,1.451444747,-0.216077963,50942.742157213,54008.590662891,50926.399769047,52488.414451074,-0.130851037,-1.077535294,1.383558398,0.415700952,-0.0852219,-0.308483376,-0.52447604,0.029393576,-0.271638158,-3.487984496,33.203970615,1.36168805,-0.025763702,-0.285914318,0.002680618,0.957612732,-0.286545187,-1.036717772,1.403813966,-0.00548148,0.0,0.0,0.86058265,0.0,3.592276904
1772729846.7739208,-0.128344,-1.079382,1.380331,-0.01785749,-0.26211253,-0.01044275,0.96481557,-0.033613,-0.530719,-0.01251,0.318006636,-0.139006892,-0.337299389,-0.104279777,0.898631005,-0.443102964,-0.029734747,-0.016771083,0.916240738,0.330538787,2.217008957,-0.201369488,53026.691432396,52837.394243641,49756.987282463,54658.050870147,-0.127428753,-1.078998768,1.380056345,0.360958879,-0.082521621,-0.334093646,-0.50846398,0.030021401,-0.252929096,-3.153816684,32.10201054,1.122667918,-0.02372872,-0.276631001,0.001793568,0.960075925,-0.286545187,-1.036717772,1.403609173,-0.006262066,0.0,0.0,0.86058265,0.0,3.584357683
1772729846.7839203,-0.125593,-1.080708,1.37695,-0.01700763,-0.25795948,-0.01122263,0.96594084,-0.031233,-0.522132,-0.014891,0.268555637,-0.135550945,-0.357248709,0.065703051,2.030328479,-0.313592347,-0.020645073,0.004278878,0.933962825,0.329219715,2.575843758,-0.183351762,53696.349561439,53024.53584936,49875.007564175,55278.750382232,-0.125171168,-1.080098513,1.37722962,0.319196584,-0.080567402,-0.352359741,-0.492310922,0.03803446,-0.227978496,-2.980561495,31.467031479,1.000602722,-0.022665033,-0.271280408,0.001349798,0.962741531,-0.286545187,-1.036717772,1.403422754,-0.006937723,0.0,0.0,0.86058265,0.0,3.576439406
1772729846.7939205,-0.122986,-1.082106,1.373205,-0.01575585,-0.24549844,-0.01237501,0.96918993,-0.027826,-0.496396,-0.018483,0.216630296,-0.131220269,-0.373836565,0.195923869,2.686168157,-0.197985391,-0.008951204,0.01710588,0.94982287,0.322178307,2.77737725,-0.16922194,55148.056856378,53196.005383695,49394.087990657,56268.545120492,-0.122491248,-1.081583812,1.373195942,0.264702339,-0.078309301,-0.373618671,-0.476156709,0.046048092,-0.203026111,-2.767334889,30.378328185,0.855093122,-0.021317338,-0.262077901,0.000836076,0.966791993,-0.286545187,-1.036717772,1.403165458,-0.007832455,0.0,0.0,0.86058265,0.0,3.568520562
1772729846.8039207,-0.120898,-1.08344,1.369314,-0.01426339,-0.23065001,-0.01343546,0.97283946,-0.024127,-0.465818,-0.021896,0.167316205,-0.127844799,-0.391560708,0.351863129,2.964066862,-0.074170516,-0.013217095,0.018286124,0.946407824,0.308784141,2.773964321,-0.149844463,54700.887923993,54478.871157732,51163.535015692,56217.697648424,-0.120283735,-1.083083228,1.36878588,0.210497906,-0.076272265,-0.391899203,-0.460002495,0.054061724,-0.178073726,-2.374169304,28.414620868,0.586642039,-0.018826929,-0.245478289,-0.000122805,0.970515191,-0.286545187,-1.036717772,1.402873293,-0.008801596,0.0,0.0,0.86058265,0.0,3.560601718
1772729846.8139207,-0.119351,-1.084659,1.365267,-0.01332699,-0.21221201,-0.0153914,0.97701154,-0.021445,-0.428028,-0.026843,0.12442644,-0.126108259,-0.411477315,0.514137573,3.134290891,0.044240159,-0.017830288,0.010587617,0.953784195,0.276482499,2.616810287,-0.134454303,54361.968305125,55685.3195313,52546.562653405,55921.199282863,-0.118935119,-1.084209689,1.36518655,0.169783411,-0.074773761,-0.405528128,-0.450925086,0.044310279,-0.159216405,-2.124998033,26.95062827,0.422311311,-0.017145968,-0.233031897,-0.000771492,0.973502395,-0.286545187,-1.036717772,1.402590424,-0.009697461,0.0,0.0,0.86058265,0.0,3.552683063
1772729846.8239207,-0.118863,-1.085862,1.361284,-0.00910801,-0.19951451,-0.01240571,0.97977401,-0.014015,-0.401918,-0.022467,0.08512986,-0.125132423,-0.430919681,0.671536781,3.155612184,0.141842356,-0.00710787,0.003096477,0.969826117,0.238990394,2.378917216,-0.121556222,53625.404397775,56868.191613882,54249.873582043,55489.908913562,-0.118222078,-1.085325738,1.361474663,0.128871103,-0.073440071,-0.417488387,-0.42653811,0.032514867,-0.131338977,-1.855905056,25.317007065,0.24519676,-0.015332578,-0.219144434,-0.00146153,0.976060788,-0.286545187,-1.036717772,1.402282667,-0.010634622,0.0,0.0,0.86058265,0.0,3.54564955
1772729846.8339205,-0.118185,-1.087157,1.356957,-0.00575605,-0.18699075,-0.01060784,0.98228754,-0.007893,-0.376297,-0.020094,0.047138953,-0.126693633,-0.446678748,0.718612927,3.07290866,0.204249167,-0.012010577,0.013102047,0.985935069,0.190081943,2.121230198,-0.110656259,52569.782814246,57879.325749979,56068.328357354,55338.516088364,-0.117679771,-1.086611164,1.357113956,0.085004708,-0.072358335,-0.428948882,-0.416331531,0.043028002,-0.105691422,-1.780559908,24.811718329,0.197622738,-0.014800078,-0.214832099,-0.001659358,0.978639718,-0.286545187,-1.036717772,1.401930437,-0.011667868,0.0,0.0,0.86058265,0.0,3.540592328
1772729846.8439214,-0.117531,-1.088423,1.35212,-0.0019372,-0.17171798,-0.00910915,0.98510213,-0.000731,-0.345168,-0.018366,0.012505956,-0.130767355,-0.460181966,0.622865667,3.063691564,0.193811179,-0.019415892,0.022791371,0.998580794,0.122890445,1.861878046,-0.104303337,52383.404828248,59015.110824923,57108.580490318,55057.734774159,-0.11727897,-1.087991577,1.352069391,0.041269339,-0.071590174,-0.439749088,-0.408363821,0.051964376,-0.091703314,-1.584829628,23.445716211,0.070354802,-0.013413251,-0.203164469,-0.002212833,0.980884906,-0.286545187,-1.036717772,1.40146383,-0.012983358,0.0,0.0,0.86058265,0.0,3.535534503
1772729846.853922,-0.117514,-1.089765,1.347489,0.00094457,-0.15449066,-0.00805905,0.98796093,0.004575,-0.310197,-0.017029,-0.023689242,-0.133631266,-0.469137141,0.392132691,3.019196881,0.11343087,-0.008362972,0.012552023,1.009470974,0.067089411,1.658033954,-0.103467074,52480.022241858,59790.592501893,57704.370436758,54933.936480687,-0.117340376,-1.089402107,1.347001541,-5.006e-05,-0.071257184,-0.448346336,-0.383975781,0.03802336,-0.069012887,-1.441623723,22.313779536,-0.032816256,-0.012395399,-0.193475701,-0.002717869,0.982634505,-0.286545187,-1.036717772,1.401076052,-0.014030798,0.0,0.0,0.86058265,0.0,3.530476919
1772729846.863922,-0.118033,-1.091097,1.342795,0.00247804,-0.14001297,-0.0075842,0.99011752,0.007318,-0.280901,-0.016354,-0.062424244,-0.135684687,-0.475232951,0.088665091,3.074160149,-0.02336468,-0.005890762,0.01488979,1.020785718,-0.000928101,1.52847435,-0.096694471,52029.952114844,60236.917815553,58614.884352831,55327.457703119,-0.117949,-1.090859424,1.341816812,-0.040770886,-0.071172822,-0.454776115,-0.374024236,0.037473865,-0.056598499,-1.308324915,21.049555531,-0.14673583,-0.011457119,-0.182633173,-0.003345996,0.984383998,-0.286545187,-1.036717772,1.400442617,-0.015656936,0.0,0.0,0.86058265,0.0,3.525419456
1772729846.8739223,-0.119044,-1.092492,1.338174,0.00161564,-0.12593853,-0.00819244,0.9920029,0.005442,-0.252511,-0.017207,-0.111372348,-0.133810287,-0.474649093,-0.129520397,2.709752787,-0.061749684,-0.010393917,0.026591084,1.033253487,-0.070357665,1.431685768,-0.085230744,52365.604474433,60428.141832366,58892.75040911,55854.68941245,-0.119193911,-1.092457856,1.336227327,-0.083181906,-0.071267889,-0.459777695,-0.357620119,0.05085082,-0.03168183,-1.235265803,20.065394066,-0.237585018,-0.010974776,-0.174177015,-0.003920141,0.985759472,-0.286545187,-1.036717772,1.399805281,-0.017257974,0.0,0.0,0.86058265,0.0,3.520361993
1772729846.8839223,-0.120344,-1.093812,1.333393,0.00061968,-0.11441839,-0.00843419,0.99339665,0.003246,-0.22932,-0.017354,-0.15552577,-0.130009565,-0.474185087,-0.260332075,1.946734203,-0.073667711,0.002193756,0.013218779,1.05128563,-0.044147795,1.412612827,-0.075884073,52564.633537351,60731.267894184,59174.665676458,56055.183897155,-0.12064982,-1.093782383,1.33139794,-0.11904691,-0.071104666,-0.461708094,-0.339721494,0.039631001,-0.005962577,-1.212134359,18.499654707,-0.375067671,-0.01096267,-0.160692678,-0.004931318,0.98702564,-0.286545187,-1.036717772,1.399231399,-0.018631099,0.0,0.0,0.86058265,0.0,3.51530465
1772729846.8939223,-0.121991,-1.095072,1.328583,-0.00082139,-0.10542251,-0.00916617,0.99438494,0.000306,-0.211244,-0.018468,-0.191540218,-0.12535921,-0.477610013,-0.254342019,1.022607269,-0.042066581,-0.007405044,0.007235203,1.067813478,-0.065219782,1.467898229,-0.065691157,53572.521200794,60293.798621656,58803.973367597,56977.974652494,-0.122525612,-1.095135036,1.32637229,-0.155660671,-0.070759813,-0.461283211,-0.332040724,0.032119797,0.013178374,-1.219976636,17.481843606,-0.455485989,-0.011125747,-0.151914666,-0.005546246,0.988193143,-0.286545187,-1.036717772,1.398577314,-0.020142973,0.0,0.0,0.86058265,0.0,3.510247307
1772729846.903923,-0.123982,-1.096395,1.323714,-0.00186521,-0.09709868,-0.00979543,0.99522481,-0.001845,-0.194531,-0.019504,-0.223879099,-0.122540035,-0.478754497,-0.167809927,0.228219671,0.017566283,-0.009394124,0.007490167,1.071918084,-0.058865321,1.582760055,-0.048409608,54555.263537906,60078.592057762,58431.768953069,57537.238267148,-0.124975314,-1.096490767,1.321214299,-0.19206426,-0.070282125,-0.458869067,-0.324215186,0.040878169,0.026283938,-1.231593167,16.449629308,-0.517969658,-0.011283328,-0.142999848,-0.006010855,0.989493941,-0.286545187,-1.036717772,1.397841566,-0.021784634,0.0,0.0,0.86058265,0.0,3.505189603
1772729846.9139223,-0.126631,-1.09746,1.319092,-0.00234267,-0.10404563,-0.00900999,0.99452895,-0.002846,-0.208502,-0.017821,-0.252034992,-0.122360529,-0.480271456,-0.019023682,-0.344906404,0.079465012,-0.006816324,0.00829176,1.082152958,-0.046066528,1.703298054,-0.032204858,55402.02305581,59847.680439158,58031.698188472,58102.413211345,-0.128120636,-1.097924719,1.315583673,-0.230242894,-0.069595426,-0.4552669,-0.303798959,0.036294596,0.039748186,-1.241946495,15.465387501,-0.564762833,-0.011402137,-0.134489196,-0.006341591,0.990745093,-0.286545187,-1.036717772,1.397000652,-0.023580622,0.0,0.0,0.86058265,0.0,3.500132622
1772729846.923923,-0.129255,-1.098711,1.314277,-0.0019785,-0.10905567,-0.00846817,0.9939976,-0.002137,-0.218572,-0.016804,-0.277396671,-0.125010978,-0.478435499,0.105630092,-0.420214869,0.116259954,0.002784042,0.011800608,1.10227825,-0.018602188,1.799434164,-0.019072111,56302.602012809,59571.878133577,57561.452698994,58707.233851784,-0.13086464,-1.099118968,1.311000021,-0.259075487,-0.069200295,-0.451522942,-0.281329287,0.040557224,0.060703609,-1.236791659,14.336311391,-0.609945268,-0.011372046,-0.124715269,-0.006627897,0.991970765,-0.286545187,-1.036717772,1.396206125,-0.025237043,0.0,0.0,0.86058265,0.0,3.499278158
1772729846.9339228,-0.132036,-1.100004,1.309428,-0.00125597,-0.1099814,-0.0075981,0.99390381,-0.000846,-0.220422,-0.015196,-0.298706423,-0.127531027,-0.478413102,0.207893603,-0.115952846,0.137694818,0.004991917,0.01961765,1.112143947,0.001760064,1.850237105,-0.006532226,56731.379071233,59513.739125867,57567.807522589,58928.329270855,-0.133891618,-1.10035765,1.306415181,-0.285868456,-0.068973686,-0.445792379,-0.26326982,0.048080642,0.075464204,-1.209961653,13.459904671,-0.636180937,-0.011136353,-0.117123492,-0.006750488,0.993041685,-0.286545187,-1.036717772,1.39528204,-0.027111429,0.0,0.0,0.86058265,0.0,3.498810208
1772729846.9439228,-0.135105,-1.101326,1.304662,-0.00056961,-0.10680786,-0.00697353,0.99425506,0.000365,-0.214027,-0.014067,-0.318778781,-0.129907389,-0.476494394,0.206161081,0.523695643,0.109884204,0.003974081,0.026530656,1.114719974,0.014535289,1.871387891,0.002329875,56879.218208124,59872.136637657,57618.072736041,58724.852949558,-0.137094338,-1.101641928,1.301719906,-0.312645694,-0.068797685,-0.439221921,-0.244851546,0.050976484,0.085129521,-1.208002216,13.377691476,-0.637831447,-0.011117805,-0.116410612,-0.006755882,0.994019155,-0.286545187,-1.036717772,1.394418288,-0.02879878,0.0,0.0,0.86058265,0.0,3.498342247
1772729846.9539225,-0.138385,-1.102653,1.299881,0.0012921,-0.10293581,-0.00637513,0.99466673,0.003967,-0.206216,-0.013229,-0.340971071,-0.130269005,-0.472643535,0.153238278,1.253572031,0.080145657,0.004708565,0.022290609,1.118815558,0.024792301,1.84708512,0.006260266,56773.621159515,60085.596659024,57884.0098264,58642.859416967,-0.140125026,-1.10277862,1.297629186,-0.334745862,-0.068694369,-0.432749002,-0.228164157,0.047996565,0.091142768,-1.185778659,12.445245345,-0.656551204,-0.010907436,-0.108325269,-0.00681706,0.994888967,-0.286545187,-1.036717772,1.393548969,-0.030437709,0.0,0.0,0.86058265,0.0,3.497874297
1772729846.9639223,-0.141959,-1.103937,1.295305,0.00181017,-0.09404602,-0.00595726,0.99554838,0.00481,-0.188345,-0.012422,-0.365277835,-0.129475279,-0.461688203,0.103939763,1.379520108,0.056195352,0.001081195,0.016586367,1.125855571,0.011912968,1.788383077,0.014211358,56749.606966779,59833.993756624,58169.170414228,58872.986338294,-0.143450604,-1.103938747,1.293442766,-0.35562825,-0.068610356,-0.425395729,-0.215142569,0.041863982,0.098726019,-1.123318945,10.318251252,-0.691142587,-0.010305021,-0.089857255,-0.006888111,0.995753832,-0.286545187,-1.036717772,1.392594216,-0.032201133,0.0,0.0,0.86058265,0.0,3.497406347
1772729846.9739215,-0.14568,-1.105184,1.29057,0.0021594,-0.08779598,-0.00566542,0.99612003,0.00538,-0.17579,-0.011849,-0.384223385,-0.130118228,-0.45444144,0.07274608,1.503773179,0.020238523,-0.006188051,0.011681235,1.126020355,-0.028585308,1.754468609,0.020502786,56477.421780518,60029.877327426,58517.835897743,58693.535173322,-0.146985077,-1.10511208,1.289249542,-0.375165046,-0.068565496,-0.417338548,-0.201273174,0.035867623,0.106752695,-1.109511664,9.468870792,-0.694831727,-0.010149268,-0.082473203,-0.006841808,0.996424968,-0.286545187,-1.036717772,1.391654817,-0.033911645,0.0,0.0,0.86058265,0.0,3.49693842
1772729846.9839215,-0.14966,-1.106499,1.28616,0.00118957,-0.07762432,-0.00601972,0.9969638,0.003347,-0.155388,-0.012337,-0.399998361,-0.130314246,-0.448728594,0.059720147,1.778453984,-0.018258532,-0.002323106,0.0069277,1.133218052,-0.05707101,1.675751007,0.026668504,56124.046170388,60229.354942761,58857.640629941,58482.060400987,-0.150464663,-1.106224132,1.285399628,-0.392141351,-0.068587009,-0.409141409,-0.184300071,0.030382302,0.116396727,-1.112474478,8.62601087,-0.69787052,-0.010138199,-0.075140678,-0.006802394,0.997001068,-0.286545187,-1.036717772,1.390713188,-0.03557087,0.0,0.0,0.86058265,0.0,3.496470459
1772729846.9939215,-0.153798,-1.107755,1.281738,0.00212898,-0.0699761,-0.0053569,0.99753201,0.005047,-0.140041,-0.011094,-0.41434346,-0.131136664,-0.440906151,0.046254858,2.208984137,-0.025779636,0.001162094,0.009377311,1.138552527,-0.096607318,1.575088355,0.022472292,55954.137223879,60200.51761699,58992.404004138,58431.149090245,-0.154509786,-1.107479144,1.281157375,-0.409443018,-0.06867123,-0.399192567,-0.162200503,0.031790442,0.126119728,-1.130255024,7.822391763,-0.699970631,-0.010256562,-0.068145079,-0.006766064,0.997519068,-0.286545187,-1.036717772,1.389544585,-0.037575104,0.0,0.0,0.86058265,0.0,3.496002498
1772729847.0039215,-0.157919,-1.109202,1.277501,0.00315467,-0.0651282,-0.00596589,0.99785408,0.007133,-0.130308,-0.012423,-0.427395415,-0.132532858,-0.430856064,0.017504721,2.724988102,0.002154405,0.003116316,0.014071921,1.144898701,-0.113940794,1.5009617,0.025102289,56066.234774746,60200.627253869,58828.64469975,58317.911174938,-0.158093747,-1.108629903,1.277538244,-0.423050295,-0.068940982,-0.389771981,-0.150224578,0.03866959,0.13476687,-1.142568707,7.413024902,-0.70083487,-0.010344923,-0.06458053,-0.006747345,0.99795788,-0.286545187,-1.036717772,1.38846467,-0.039381562,0.0,0.0,0.86058265,0.0,3.495534537
1772729847.0139215,-0.162233,-1.110439,1.272965,0.00336476,-0.04390575,-0.00613358,0.99901118,0.00729,-0.087796,-0.012599,-0.446251591,-0.127873782,-0.41685504,-0.002286432,2.967964975,0.010618012,0.00820323,0.016353496,1.148948513,-0.114559697,1.458260009,0.029820218,56422.433859901,59970.845380565,58593.65741184,58259.16435296,-0.161270616,-1.109581016,1.274355596,-0.433391392,-0.068986824,-0.381583842,-0.13177683,0.041470488,0.141007582,-1.149473876,7.283191494,-0.70123176,-0.010399049,-0.063449257,-0.006743387,0.998302081,-0.286545187,-1.036717772,1.387599276,-0.040792526,0.0,0.0,0.86058265,0.0,3.495066576
1772729847.023922,-0.166813,-1.111658,1.268917,0.00314771,-0.02735017,-0.00615303,0.99960202,0.006639,-0.054667,-0.012492,-0.468057401,-0.117916177,-0.402138223,-0.023890391,2.694023444,-0.022739352,0.014331747,0.016636924,1.151448498,-0.112121346,1.427663316,0.034329246,55861.2282308,59925.089678567,58897.448689237,58190.5380714,-0.16440772,-1.110472571,1.271409218,-0.442550969,-0.068917004,-0.37312188,-0.114610037,0.041900096,0.145859469,-1.180830085,6.693621037,-0.703034029,-0.010644832,-0.058312172,-0.006725417,0.998555894,-0.286545187,-1.036717772,1.386668708,-0.042289046,0.0,0.0,0.86058265,0.0,3.494598593
1772729847.033922,-0.17153,-1.112939,1.265103,0.00213774,-0.01343415,-0.00509085,0.99989451,0.004413,-0.026847,-0.010242,-0.486253183,-0.112713958,-0.382662972,-0.04122903,2.013402745,-0.040018579,0.007744166,0.014282837,1.155367382,-0.144824019,1.369827029,0.038181964,55435.396423925,59834.466210622,59048.94903994,58089.362555691,-0.167682168,-1.111376127,1.268494353,-0.4512478,-0.068787382,-0.364024702,-0.107435163,0.039878565,0.149125877,-1.267496636,5.551357095,-0.697490055,-0.011342515,-0.04835361,-0.006610873,0.998826126,-0.286545187,-1.036717772,1.385608525,-0.043965232,0.0,0.0,0.86058265,0.0,3.49755388
1772729847.0439224,-0.176463,-1.114073,1.261383,0.00146394,-0.00401482,-0.0052737,0.99997696,0.00297,-0.008014,-0.010559,-0.50065784,-0.111394823,-0.361511417,-0.078389863,1.173210992,-0.036042696,0.01080831,0.015998952,1.158115639,-0.167791026,1.327124222,0.035838869,55313.44485241,59657.019431094,58917.381134099,57912.427050888,-0.171388377,-1.11238093,1.265400386,-0.459981127,-0.06862034,-0.353449306,-0.09259214,0.042248241,0.153428459,-1.309054536,4.921992669,-0.69230195,-0.011672051,-0.042866793,-0.006525973,0.999078944,-0.286545187,-1.036717772,1.384383572,-0.045854729,0.0,0.0,0.86058265,0.0,3.502470384
1772729847.053923,-0.181781,-1.114894,1.257844,0.00254671,-0.00634829,-0.00671751,0.99995404,0.005179,-0.012662,-0.013468,-0.50674382,-0.116410834,-0.338770816,-0.227009812,0.558128965,-0.031307863,0.013175247,0.01864014,1.159681222,-0.184936437,1.29656842,0.034958365,54514.256934109,59613.064808551,59205.537680963,57619.981463943,-0.175805292,-1.113470035,1.261997252,-0.468849743,-0.068095273,-0.340631906,-0.078528766,0.045793647,0.155272704,-1.343022541,4.563702792,-0.689580269,-0.011949902,-0.039740873,-0.006475101,0.999277889,-0.286545187,-1.036717772,1.383004179,-0.047933663,0.0,0.0,0.86058265,0.0,3.507386889
1772729847.0639231,-0.186798,-1.116056,1.254467,0.00136088,-0.00604974,-0.00716724,0.99995509,0.002809,-0.01208,-0.014352,-0.507390597,-0.120850348,-0.32427766,-0.346623028,0.480451036,0.014795143,0.013105164,0.021113205,1.1606488,-0.199938945,1.271527945,0.036357988,54425.888918955,59196.356920579,58900.70856447,57651.599377621,-0.180063613,-1.114322757,1.259006655,-0.476496335,-0.067015332,-0.32864866,-0.063332727,0.049612903,0.157133521,-1.492517615,3.374910015,-0.687009851,-0.013194933,-0.029366318,-0.006375433,0.999439524,-0.286545187,-1.036717772,1.381369166,-0.050315009,0.0,0.0,0.86058265,0.0,3.512303276
1772729847.073923,-0.191645,-1.117609,1.251364,-0.0004087,-0.00332067,-0.00572554,0.99997801,-0.000779,-0.006646,-0.011449,-0.505409553,-0.12492576,-0.30908221,-0.459895863,0.679104829,0.085143096,0.01413784,0.019809321,1.157734182,-0.188402772,1.268403734,0.031737934,55170.06941969,58814.679455034,57633.674531009,57355.495967133,-0.185958929,-1.115542164,1.255050694,-0.485419037,-0.065550759,-0.311785677,-0.045469897,0.050607959,0.156643524,-1.569319963,2.68322897,-0.687051892,-0.013830824,-0.023328776,-0.006314041,0.999631296,-0.286545187,-1.036717772,1.379663587,-0.052779513,0.0,0.0,0.86058265,0.0,3.517219546
1772729847.083923,-0.196818,-1.118821,1.248425,-0.00490568,0.00573966,-0.00549727,0.99995638,-0.009875,0.011425,-0.011051,-0.502936299,-0.127172208,-0.294229302,-0.558885885,1.07419073,0.165898406,0.01245876,0.018432442,1.154971436,-0.164073165,1.264750222,0.030162439,54091.919387617,58325.582793659,57915.775314998,56926.280531093,-0.192140494,-1.117125196,1.251146478,-0.492031583,-0.064807512,-0.293779471,-0.029728574,0.050148529,0.153220913,-1.606748848,2.354921974,-0.687075497,-0.014140892,-0.020462495,-0.006278799,0.999760039,-0.286545187,-1.036717772,1.377758042,-0.055446797,0.0,0.0,0.86058265,0.0,3.522135815
1772729847.093923,-0.201786,-1.120084,1.245583,-0.00887424,0.01345812,-0.00449853,0.99985994,-0.017874,0.026836,-0.009238,-0.503278238,-0.123957208,-0.281252211,-0.578705211,1.422078375,0.193533208,0.008826795,0.016468964,1.152003452,-0.158671872,1.257684488,0.04300771,53654.12215386,57796.494633314,57615.321192797,56606.636816814,-0.197753107,-1.118508307,1.247897618,-0.496093295,-0.063799293,-0.277707572,-0.014406814,0.049919527,0.150082279,-1.695658612,1.575051084,-0.687131569,-0.014877439,-0.01365384,-0.006195084,0.99982255,-0.286545187,-1.036717772,1.375596746,-0.058381031,0.0,0.0,0.86058265,0.0,3.527052085
1772729847.103923,-0.206856,-1.121167,1.242601,-0.00835248,0.01668935,-0.00345019,0.99981988,-0.016827,0.033321,-0.007182,-0.506919792,-0.115367457,-0.269416574,-0.497794834,1.482952165,0.145769334,0.007691934,0.019049054,1.149930285,-0.138444608,1.255181757,0.042924988,53954.76387288,57526.639222789,56830.366320874,56124.356715517,-0.202287613,-1.119622929,1.245350963,-0.497959019,-0.062809519,-0.264895507,-0.003374259,0.053835707,0.148695756,-1.768688478,0.92618843,-0.684623519,-0.015481606,-0.007989113,-0.00609717,0.999843921,-0.286545187,-1.036717772,1.373757214,-0.060814879,0.0,0.0,0.86058265,0.0,3.531968355
1772729847.1139235,-0.211922,-1.12233,1.240086,-0.01157691,0.02484733,-0.00298156,0.99961978,-0.023324,0.049627,-0.006544,-0.507299454,-0.108890702,-0.258473887,-0.402830035,1.4941591,0.097148107,0.008438962,0.0169088,1.145554292,-0.123245793,1.248523003,0.045338611,53970.87974093,57190.508260607,56246.357959639,55888.758073074,-0.205897972,-1.120450006,1.243326002,-0.498586329,-0.061773447,-0.255196548,0.007845191,0.054092148,0.14496114,-1.827745229,0.356586288,-0.679524513,-0.015967506,-0.003016781,-0.005978177,0.99984209,-0.286545187,-1.036717772,1.372276731,-0.062726768,0.0,0.0,0.86058265,0.0,3.536884859
1772729847.1239235,-0.216994,-1.123434,1.237613,-0.01388403,0.03322504,-0.00263814,0.99934797,-0.027991,0.066382,-0.006209,-0.503658464,-0.107239283,-0.24604701,-0.295848467,1.488711012,0.067136513,0.009651225,0.016753295,1.140020892,-0.102334495,1.237072305,0.048034068,53838.3219821,56915.373935822,55791.258240559,55272.682602052,-0.21051168,-1.121501935,1.240910692,-0.498324317,-0.060374905,-0.242961319,0.020813382,0.056131375,0.140200282,-1.881035853,-0.281586846,-0.67263882,-0.016399637,0.00255327,-0.005828414,0.999808906,-0.286545187,-1.036717772,1.370441416,-0.065056197,0.0,0.0,0.86058265,0.0,3.541801129
1772729847.1339233,-0.222033,-1.124488,1.235208,-0.01522612,0.04056737,-0.00249672,0.99905767,-0.030732,0.081071,-0.006245,-0.500074137,-0.105790486,-0.230981631,-0.255960802,1.443089979,0.032904013,0.010618243,0.020769609,1.13392685,-0.074060565,1.224517846,0.048318832,53777.116548746,56514.647872829,55222.751851512,54993.09559864,-0.21479465,-1.122458393,1.238782403,-0.497036074,-0.058965831,-0.231972775,0.033490857,0.058600552,0.133205591,-1.927076608,-0.920423106,-0.665606536,-0.016768634,0.00812853,-0.005672397,0.999752496,-0.286545187,-1.036717772,1.368723546,-0.067193839,0.0,0.0,0.86058265,0.0,3.546717282
1772729847.1439235,-0.226997,-1.125518,1.232919,-0.01623554,0.04726663,-0.00267099,0.99874678,-0.032835,0.094469,-0.006901,-0.493481803,-0.105153461,-0.216439348,-0.204746816,1.20285209,0.019715033,0.011089163,0.019239964,1.126247984,-0.061761767,1.221280443,0.051177708,53320.56113844,56195.452045586,55063.09205903,54722.360811513,-0.218450879,-1.123256098,1.237020519,-0.495204509,-0.05768541,-0.223096031,0.044042968,0.058581545,0.124002307,-1.948191279,-1.345870931,-0.659052184,-0.016931411,0.01184049,-0.005549907,0.999686126,-0.286545187,-1.036717772,1.367181284,-0.069083886,0.0,0.0,0.86058265,0.0,3.550631683
1772729847.1539235,-0.231906,-1.126519,1.230757,-0.01663987,0.0535867,-0.00245003,0.99842154,-0.033689,0.107127,-0.006714,-0.486403475,-0.102741182,-0.205635103,-0.0941156,0.788961954,0.007801131,0.014855962,0.014465133,1.120539709,-0.056804629,1.203968986,0.049745328,52645.112682023,55932.476674609,55138.915753243,54429.169446651,-0.221684956,-1.123947843,1.235492865,-0.493079787,-0.05650317,-0.215695629,0.057800736,0.051705145,0.118287488,-1.968870753,-1.83360077,-0.651710003,-0.017087358,0.016095524,-0.005410474,0.99960628,-0.286545187,-1.036717772,1.36547128,-0.071138011,0.0,0.0,0.86058265,0.0,3.554433374
1772729847.1639235,-0.236669,-1.127599,1.228812,-0.01678717,0.05678466,-0.00249511,0.99824219,-0.034024,0.11353,-0.006933,-0.477202203,-0.101663597,-0.194433635,-0.07367966,0.471032353,0.017248873,0.016839578,0.011524138,1.115798395,-0.048916955,1.190085955,0.051861882,53025.638707969,55518.636113317,54263.11363516,54055.306327773,-0.224642332,-1.124568942,1.234135952,-0.490360053,-0.055370191,-0.209284001,0.067274649,0.050120652,0.113471113,-1.986528538,-2.407203936,-0.643361699,-0.017212875,0.021099018,-0.005247991,0.99948199,-0.286545187,-1.036717772,1.36414252,-0.072705998,0.0,0.0,0.86058265,0.0,3.558235066
1772729847.1739233,-0.24143,-1.128645,1.227027,-0.01780599,0.05685638,-0.00219307,0.99822116,-0.036038,0.113677,-0.006445,-0.467947222,-0.098485583,-0.185347923,-0.079470296,0.297902898,0.017184237,0.016176094,0.011247378,1.110980135,-0.035904493,1.184406873,0.058333582,52839.59676294,55257.278501832,54105.57904508,53913.978519275,-0.227226458,-1.125109562,1.232958679,-0.487834323,-0.054371106,-0.20375265,0.074894232,0.050826596,0.109043711,-1.994631438,-2.796399077,-0.637692859,-0.017264502,0.024493113,-0.005136945,0.999437491,-0.286545187,-1.036717772,1.362903577,-0.074159461,0.0,0.0,0.86058265,0.0,3.562036666
1772729847.1839235,-0.246101,-1.129543,1.225151,-0.0179064,0.05760979,-0.00251131,0.99817542,-0.036285,0.115174,-0.007124,-0.459356693,-0.09228956,-0.178785369,-0.09955584,0.302759583,-0.01753826,0.014649076,0.009960885,1.10722185,-0.040381168,1.175029901,0.059244519,52400.861833088,55063.911111665,54268.373483017,53876.350270378,-0.228596631,-1.125391683,1.232354548,-0.486158324,-0.053822306,-0.200984766,0.077938363,0.049446617,0.105687524,-2.002734724,-3.185612777,-0.63202375,-0.017316132,0.027887369,-0.005025894,0.99939299,-0.286545187,-1.036717772,1.362176235,-0.0749967,0.0,0.0,0.86058265,0.0,3.565838448
1772729847.1939235,-0.250622,-1.130434,1.223317,-0.01834985,0.05950214,-0.00273744,0.99805575,-0.037226,0.118953,-0.007702,-0.450414513,-0.085026557,-0.174564075,-0.125917315,0.471955789,-0.084439399,0.012513065,0.007962265,1.104211419,-0.057193284,1.163045217,0.056233203,51962.137363254,54870.54833163,54431.164039722,53838.722918588,-0.22996677,-1.125673797,1.231750432,-0.484482364,-0.053273518,-0.198216949,0.07912228,0.047218696,0.102766968,-2.010837817,-3.574817197,-0.626354775,-0.01736776,0.031281544,-0.004914846,0.99934849,-0.286545187,-1.036717772,1.361513741,-0.075755831,0.0,0.0,0.86058265,0.0,3.56964014
1772729847.2039235,-0.254997,-1.131335,1.221586,-0.01912821,0.06296601,-0.0022774,0.99782975,-0.038777,0.125904,-0.007009,-0.440107995,-0.078476765,-0.171714849,-0.147281474,0.736271636,-0.127543846,0.010377054,0.005963646,1.101200988,-0.074005399,1.151060532,0.053221887,51523.412893419,54677.185551596,54593.954596427,53801.095566797,-0.23133691,-1.12595591,1.231146315,-0.482806405,-0.052724731,-0.195449132,0.080306198,0.044990775,0.099846412,-2.013680458,-3.711353779,-0.624366045,-0.017385872,0.032472253,-0.004875889,0.999297395,-0.286545187,-1.036717772,1.360851246,-0.076514962,0.0,0.0,0.86058265,0.0,3.573441831
1772729847.213924,-0.259403,-1.132018,1.219953,-0.02008021,0.06774926,-0.00369127,0.99749346,-0.040946,0.135424,-0.010178,-0.426932594,-0.075989175,-0.168015117,-0.174269544,0.940395929,-0.138691838,0.008240941,0.003964931,1.098190413,-0.090818316,1.139075276,0.050210427,51430.064269827,54731.658836932,54176.310974287,53244.667340241,-0.233661092,-1.126452664,1.230163638,-0.479405206,-0.051852054,-0.19100185,0.081490172,0.042762747,0.096925718,-2.013680458,-3.711353779,-0.624366045,-0.017385872,0.032472253,-0.004875889,0.999188198,-0.286545187,-1.036717772,1.359994302,-0.077489108,0.0,0.0,0.86058265,0.0,3.577243703
1772729847.223924,-0.263657,-1.132711,1.218285,-0.02107598,0.07288147,-0.0050131,0.99710529,-0.043232,0.145644,-0.01321,-0.413320227,-0.074355238,-0.16418553,-0.209597039,1.06611813,-0.116207366,0.007539376,0.004037932,1.092223283,-0.100681454,1.110631436,0.039048333,51358.055509196,54757.680062752,53690.354617978,52656.266530926,-0.236534903,-1.127073075,1.228962875,-0.47501003,-0.050792788,-0.185587047,0.088236292,0.041121423,0.088434992,-2.036248312,-4.094307992,-0.621376985,-0.017563309,0.035811605,-0.00478186,0.999067541,-0.286545187,-1.036717772,1.358051671,-0.079663753,0.0,0.0,0.86058265,0.0,3.581045395
1772729847.233924,-0.267695,-1.133481,1.216611,-0.02198651,0.07784162,-0.00569038,0.99670703,-0.045276,0.155547,-0.014947,-0.397794668,-0.072397505,-0.164261268,-0.189801109,0.997501744,-0.092812794,0.007600156,0.009723696,1.085259085,-0.110086081,1.078388007,0.031004683,51011.55220468,54220.074935746,53393.551787443,52480.564855302,-0.239752405,-1.127773608,1.227704343,-0.469389854,-0.049609057,-0.17999815,0.095877262,0.047842435,0.080081479,-2.085918433,-4.937160937,-0.614798293,-0.017953833,0.043161264,-0.004574909,0.998906189,-0.286545187,-1.036717772,1.356397265,-0.081481727,0.0,0.0,0.86058265,0.0,3.584847086
1772729847.243924,-0.27155,-1.134239,1.214965,-0.02299952,0.08282832,-0.0052624,0.9962845,-0.047365,0.165554,-0.014494,-0.380547041,-0.071413277,-0.164569815,-0.167720948,0.86335555,-0.053496501,0.007818635,0.019906351,1.078513242,-0.121787376,1.049016771,0.029114527,50688.498748957,53548.390742285,53122.078398666,52357.782318599,-0.243147533,-1.128490198,1.226376709,-0.463018347,-0.048257333,-0.174589204,0.103855146,0.057669058,0.071842476,-2.125469145,-5.395873435,-0.61432345,-0.018273926,0.047160919,-0.004480491,0.9987269,-0.286545187,-1.036717772,1.354657051,-0.083375027,0.0,0.0,0.86058265,0.0,3.588648777
1772729847.253924,-0.275243,-1.13501,1.213351,-0.02401186,0.08722249,-0.00516786,0.99588602,-0.049498,0.174361,-0.014705,-0.36368842,-0.069710303,-0.162374553,-0.140620873,0.532750345,0.009863123,0.009149663,0.029049764,1.070290148,-0.140877618,1.017721214,0.042029739,50405.082826661,52973.120913158,52879.611907766,52261.353562005,-0.246337763,-1.129142405,1.225125478,-0.456588045,-0.046885564,-0.169982581,0.113966034,0.065977371,0.062902571,-2.144307137,-5.604475021,-0.614318907,-0.018426811,0.048979759,-0.004438794,0.998569331,-0.286545187,-1.036717772,1.352262086,-0.085933805,0.0,0.0,0.86058265,0.0,3.592450469
1772729847.2639236,-0.278844,-1.135591,1.211677,-0.02449787,0.09150051,-0.00546242,0.99548866,-0.050641,0.182926,-0.01562,-0.346193959,-0.066320731,-0.166128985,-0.120397635,0.531836766,0.035488908,0.010653638,0.030898984,1.064546507,-0.151098596,0.998694776,0.044105874,50186.343828593,52761.044016555,52675.677579619,52167.714024762,-0.247874906,-1.129450983,1.224516346,-0.453094231,-0.04616667,-0.168078022,0.119362511,0.068806504,0.057401337,-2.144307137,-5.604475021,-0.614318907,-0.018426811,0.048979759,-0.004438794,0.998449389,-0.286545187,-1.036717772,1.351309091,-0.086929403,0.0,0.0,0.86058265,0.0,3.596252069
1772729847.273924,-0.282189,-1.13624,1.209925,-0.02447915,0.09140087,-0.0058136,0.99549629,-0.050665,0.182709,-0.016322,-0.327671292,-0.062972341,-0.176124721,-0.114095763,0.966785208,0.040562038,0.012066819,0.030034266,1.059986228,-0.156785347,0.984756123,0.039815651,49967.589184705,52548.951950653,52471.72866459,52074.06778973,-0.24941216,-1.129759583,1.223907172,-0.449600168,-0.045447725,-0.166173328,0.124026762,0.07078437,0.052434067,-2.191717097,-5.971239201,-0.611943686,-0.018820607,0.05217643,-0.004332982,0.998322855,-0.286545187,-1.036717772,1.350356029,-0.087925072,0.0,0.0,0.86058265,0.0,3.600053942
1772729847.2839243,-0.28541,-1.136881,1.208297,-0.02555878,0.09670649,-0.00534398,0.99497037,-0.052904,0.19337,-0.015874,-0.308503927,-0.059914257,-0.188423529,-0.124026678,1.698898874,0.043309365,0.013479967,0.029169568,1.055426059,-0.162471962,0.970817802,0.035525529,49581.959832417,52196.925530244,52214.053155276,51909.598271799,-0.251471653,-1.130175392,1.223091979,-0.444658931,-0.044462061,-0.16385876,0.128690902,0.07276219,0.047466916,-2.260295342,-6.501761556,-0.608507941,-0.019390231,0.056800397,-0.004179927,0.998158352,-0.286545187,-1.036717772,1.349315243,-0.089009089,0.0,0.0,0.86058265,0.0,3.603855724
1772729847.2939248,-0.288443,-1.137439,1.206455,-0.02585721,0.10119941,-0.00465852,0.99451917,-0.053491,0.202428,-0.014802,-0.289533202,-0.056623209,-0.199222606,-0.137559252,2.445852143,0.052206356,0.006181294,0.016271858,1.044204057,-0.18835734,0.930022321,0.029517078,49211.778475911,51874.755376443,51853.048855102,51521.646253893,-0.255256297,-1.130939072,1.221599159,-0.434886742,-0.042567935,-0.16028613,0.126864031,0.056086228,0.033213043,-2.292548895,-6.751275539,-0.606892049,-0.019658135,0.05897513,-0.004107942,0.997968337,-0.286545187,-1.036717772,1.346768885,-0.091609422,0.0,0.0,0.86058265,0.0,3.607657596
1772729847.3039243,-0.291121,-1.13804,1.204055,-0.02667612,0.12362814,-0.00501031,0.99195734,-0.055894,0.24752,-0.017056,-0.272474968,-0.05229531,-0.208057813,-0.151222316,2.902238356,0.03938892,0.003533333,0.008412247,1.035403126,-0.173089085,0.895982086,0.027347115,49240.205239055,51940.828393479,51274.525810588,50568.197252244,-0.258552988,-1.131527034,1.220334037,-0.425859386,-0.040593427,-0.15825107,0.132666509,0.049244383,0.02709339,-2.308394936,-6.836658683,-0.607931271,-0.019790681,0.059719415,-0.00409307,0.997736786,-0.286545187,-1.036717772,1.343672955,-0.094579736,0.0,0.0,0.86058265,0.0,3.611459106
1772729847.313924,-0.293796,-1.138522,1.201945,-0.02741086,0.14067,-0.00548715,0.9896618,-0.058124,0.281847,-0.019337,-0.257773614,-0.046079259,-0.215179828,-0.1676975,2.859955681,0.0183765,0.006450251,0.011933464,1.027251204,-0.12935614,0.873454069,0.029189266,48332.698158805,51022.03472017,51415.624702262,50806.546134186,-0.262200878,-1.132167035,1.218891165,-0.414628835,-0.038166299,-0.156789266,0.148027326,0.053188098,0.01923615,-2.388411151,-7.267809633,-0.613178928,-0.020459984,0.063477757,-0.00401797,0.997505226,-0.286545187,-1.036717772,1.340513292,-0.097592988,0.0,0.0,0.86058265,0.0,3.615260707
1772729847.3239243,-0.296324,-1.138931,1.199891,-0.02811567,0.15268807,-0.00572674,0.98785782,-0.060127,0.306104,-0.020872,-0.243285566,-0.04083481,-0.220876279,-0.181702827,2.233597922,-0.001921702,0.003728553,0.020171946,1.008202386,-0.127813928,0.836356025,0.030716845,47735.24836394,50751.971314902,51108.200651541,50096.331593969,-0.265961251,-1.132823708,1.217391379,-0.402693106,-0.035594295,-0.155510768,0.156038663,0.062049717,0.001269809,-2.490949813,-7.853987561,-0.616883634,-0.021315921,0.068584882,-0.003880514,0.997148949,-0.286545187,-1.036717772,1.337353479,-0.100606383,0.0,0.0,0.86058265,0.0,3.621271989
1772729847.3339238,-0.29869,-1.139315,1.197742,-0.02863822,0.15961745,-0.00582474,0.98674627,-0.06154,0.320109,-0.021744,-0.229106182,-0.036262175,-0.225386423,-0.194143954,1.370205593,-0.002487432,0.002463781,0.024670703,0.990118948,-0.121717327,0.801780861,0.031311272,47662.710834056,50777.090412692,50366.151203393,49100.04883879,-0.269851316,-1.133532153,1.215782503,-0.389281339,-0.032891144,-0.15597255,0.153757208,0.067116633,-0.021292939,-2.55572954,-8.263739638,-0.618123675,-0.021854208,0.072153303,-0.003771803,0.996859841,-0.286545187,-1.036717772,1.334193891,-0.103619562,0.0,0.0,0.86058265,0.0,3.627676698
1772729847.3439236,-0.300938,-1.139634,1.195389,-0.0297537,0.16294454,-0.00573813,0.9861698,-0.063983,0.326828,-0.02219,-0.213867861,-0.031499136,-0.234621688,-0.18758068,0.472835945,0.012718727,0.007175084,0.013830101,0.975989878,-0.096936159,0.777543873,0.028077995,47887.679859279,50187.55858497,49209.151177563,48656.231603635,-0.274568325,-1.134450445,1.213723639,-0.370996787,-0.029547967,-0.159720958,0.15901121,0.062587508,-0.037274572,-2.682400465,-9.220272064,-0.620533288,-0.022895008,0.080478489,-0.003514889,0.996447976,-0.286545187,-1.036717772,1.331034229,-0.106632814,0.0,0.0,0.86058265,0.0,3.634081559
1772729847.3539236,-0.302981,-1.139957,1.192943,-0.03116202,0.16389313,-0.00523264,0.9859719,-0.066789,0.328752,-0.021697,-0.196496866,-0.028009098,-0.251975668,-0.186066225,0.030171277,0.026569298,0.006293648,0.013871236,0.962356691,-0.085078151,0.733073945,0.024682338,47276.651514422,49281.951316993,48991.216112101,48811.831559686,-0.27841772,-1.135155928,1.211936964,-0.354621993,-0.026461027,-0.164310299,0.165609305,0.05252817,-0.05483301,-2.692522869,-9.329179777,-0.62146653,-0.022975358,0.08142587,-0.003492958,0.996119712,-0.286545187,-1.036717772,1.327130194,-0.110073945,0.0,0.0,0.86058265,0.0,3.640486573
1772729847.3639233,-0.304837,-1.140233,1.190352,-0.03183331,0.1633247,-0.0050996,0.98604547,-0.068116,0.327595,-0.021606,-0.179730028,-0.024028772,-0.268050256,-0.169318048,-0.215536005,0.027554449,-5.919e-06,0.029044235,0.94130712,-0.077197178,0.683561972,0.030680193,46980.074184948,48723.444408064,48676.456335656,48565.068525188,-0.281598806,-1.135746746,1.210319871,-0.339752887,-0.023772608,-0.169725761,0.168147258,0.048779002,-0.07324274,-2.734608243,-9.774975146,-0.62575753,-0.023309348,0.085303606,-0.003406089,0.995803138,-0.286545187,-1.036717772,1.322979757,-0.113656674,0.0,0.0,0.86058265,0.0,3.646891435
1772729847.3739228,-0.306549,-1.140438,1.187603,-0.03200494,0.16268204,-0.00496012,0.98614686,-0.068396,0.326299,-0.021323,-0.164807714,-0.018227368,-0.283791199,-0.120749473,-0.326813768,0.003722663,0.003976246,0.016504815,0.928332381,-0.117138179,0.585583952,0.033344269,45701.580039203,48299.081672656,49042.046675923,48341.22553904,-0.285600925,-1.136509392,1.208093717,-0.318806731,-0.020181184,-0.179426409,0.16915868,0.048029464,-0.091633597,-2.782405154,-10.271066395,-0.629461384,-0.023689228,0.089617043,-0.003295917,0.99544714,-0.286545187,-1.036717772,1.31882942,-0.117239317,0.0,0.0,0.86058265,0.0,3.653296143
1772729847.383923,-0.308115,-1.140586,1.184663,-0.03281567,0.16013228,-0.00445714,0.98653987,-0.069798,0.321153,-0.020346,-0.148012923,-0.014386572,-0.300716623,-0.065151974,-0.414612473,0.019643753,0.002553703,0.016455218,0.924652193,-0.136587298,0.494512093,0.036081211,45283.605375603,47893.346657478,48642.414390076,47842.748835286,-0.289513018,-1.137274176,1.205669234,-0.296759644,-0.016519164,-0.190567669,0.170170173,0.047279873,-0.11002577,-2.84393211,-10.745387579,-0.628737301,-0.024192396,0.093739165,-0.003137154,0.995055574,-0.286545187,-1.036717772,1.31458261,-0.120868219,0.0,0.0,0.86058265,0.0,3.65970131
1772729847.393923,-0.30952,-1.140743,1.18155,-0.03330131,0.15802823,-0.00404122,0.98686462,-0.070575,0.316914,-0.019472,-0.12961646,-0.012262521,-0.318395875,-0.019723217,-0.462850943,0.079555367,0.001215978,0.016860103,0.910702197,-0.145040558,0.377636132,0.03441908,44495.840450547,47663.24222719,48803.528580138,47515.569367434,-0.292719774,-1.13792213,1.203089495,-0.275313,-0.013114513,-0.204061798,0.174673353,0.050061595,-0.123026367,-2.967808982,-11.185164651,-0.624833756,-0.025240845,0.09755979,-0.002897599,0.994728418,-0.286545187,-1.036717772,1.309796891,-0.124750874,0.0,0.0,0.86058265,0.0,3.666106324
1772729847.4039228,-0.310745,-1.140819,1.178333,-0.03314004,0.15671621,-0.00404786,0.98707922,-0.070185,0.314262,-0.019326,-0.109195209,-0.012700187,-0.335653894,-0.006720958,-0.479381254,0.19623982,-0.000121716,0.017264978,0.896752534,-0.153493617,0.260762957,0.032756989,44071.177122883,47803.850840716,48788.10564696,46878.097390466,-0.295172869,-1.138380461,1.200990058,-0.257654944,-0.010167972,-0.215847345,0.184229536,0.06000921,-0.122651422,-3.101773262,-11.618351936,-0.620265961,-0.026377697,0.101322919,-0.002643699,0.994555053,-0.286545187,-1.036717772,1.305133835,-0.12842218,0.0,0.0,0.86058265,0.0,3.672511185
1772729847.4139223,-0.311846,-1.140852,1.174849,-0.03254292,0.15400714,-0.00355597,0.98752727,-0.068669,0.308827,-0.017894,-0.090799776,-0.011383305,-0.355503952,0.025105789,-0.353284888,0.266007873,-0.002101182,0.015764346,0.88349345,-0.162583584,0.146270965,0.032186474,43296.663444613,47765.981100028,48916.029152898,46363.650782866,-0.297683907,-1.138818937,1.198689637,-0.238088273,-0.006729778,-0.228386209,0.178075065,0.058313227,-0.135022998,-3.10553864,-11.623377806,-0.619761835,-0.026410465,0.101366492,-0.002634726,0.994366708,-0.286545187,-1.036717772,1.300745008,-0.131817122,0.0,0.0,0.86058265,0.0,3.674846517
1772729847.423922,-0.312525,-1.141077,1.171193,-0.03220146,0.15076157,-0.00077256,0.98804525,-0.066953,0.302459,-0.011771,-0.078669403,-0.004684154,-0.373358651,0.075827285,-0.309634606,0.287022644,-0.003727377,0.009106389,0.865830915,-0.161964725,0.049381334,0.035223795,42681.829348722,47950.488137767,49045.224626729,45651.855248695,-0.300107005,-1.13921096,1.196218022,-0.21798793,-0.003020598,-0.242444106,0.17561556,0.057296138,-0.152337995,-3.270196915,-11.843156815,-0.59771663,-0.027843405,0.103271894,-0.002242355,0.99426615,-0.286545187,-1.036717772,1.296798515,-0.134818931,0.0,0.0,0.86058265,0.0,3.676054758
1772729847.433922,-0.313204,-1.141131,1.167422,-0.03155227,0.14948902,0.00095963,0.98825936,-0.065025,0.300009,-0.007889,-0.069822114,0.003848994,-0.388928013,0.114641425,-0.606352483,0.237099393,-0.001043325,0.001018331,0.838455492,-0.137733693,-0.020546265,0.039142231,42913.362830557,47313.39137558,48731.50341322,45946.431052952,-0.302023596,-1.139508105,1.194003068,-0.201236974,0.000167769,-0.25628739,0.175099786,0.049479454,-0.17462378,-3.270196915,-11.843156815,-0.59771663,-0.027843405,0.103271894,-0.002242355,0.994243533,-0.286545187,-1.036717772,1.292819051,-0.137771399,0.0,0.0,0.86058265,0.0,3.677263029
1772729847.4439223,-0.313824,-1.141101,1.16341,-0.03125902,0.14759028,0.00243563,0.98855149,-0.063909,0.296269,-0.004613,-0.062021815,0.012677052,-0.403785039,0.149582403,-1.03363385,0.134724139,0.000650822,-0.011086236,0.839562398,-0.113790991,-0.067119552,0.041986939,43243.57592098,47163.510910649,48413.976389659,45811.850954997,-0.303932452,-1.13979878,1.191487333,-0.183524666,0.003613704,-0.273126867,0.171307062,0.035851279,-0.181828615,-3.33660824,-11.865606009,-0.580742191,-0.028433344,0.103463717,-0.002029437,0.994230215,-0.286545187,-1.036717772,1.288109606,-0.141191106,0.0,0.0,0.86058265,0.0,3.678471327
1772729847.4539223,-0.314541,-1.140788,1.159154,-0.02992324,0.14544671,0.00123268,0.9889127,-0.061461,0.291868,-0.006543,-0.05306056,0.020835548,-0.420691641,0.178153179,-1.43788415,0.026287496,0.001099051,0.016054892,0.854414498,-0.070873717,-0.130346543,0.056798586,43344.293564714,47177.432842147,48266.721968734,45381.26967861,-0.305948521,-1.140067113,1.188240491,-0.162469063,0.007974646,-0.293062701,0.177009857,0.064122879,-0.170848241,-3.399835418,-11.865246083,-0.55606106,-0.029004218,0.10345546,-0.001758323,0.994230041,-0.286545187,-1.036717772,1.282814704,-0.144926011,0.0,0.0,0.86058265,0.0,3.679679598
1772729847.4639225,-0.315145,-1.140441,1.155055,-0.02870458,0.13318012,0.00161587,0.99067477,-0.058552,0.267135,-0.004608,-0.041381255,0.026568848,-0.440534278,0.196392677,-1.709346962,-0.057555106,0.000697058,0.011229814,0.841375824,-0.025398607,-0.177783765,0.063692437,43661.254947478,47316.910423075,48006.257588068,44715.736695491,-0.308002611,-1.140314161,1.18461853,-0.13966768,0.012849862,-0.313717114,0.162373931,0.049379118,-0.20151847,-3.433647733,-11.748610445,-0.481591474,-0.029371868,0.102424929,-0.001112389,0.994331567,-0.286545187,-1.036717772,1.276705255,-0.149159627,0.0,0.0,0.86058265,0.0,3.680887896
1772729847.473922,-0.315345,-1.14032,1.150591,-0.02796297,0.11960457,0.00146339,0.99242666,-0.056807,0.23977,-0.003896,-0.022840834,0.025245284,-0.462630725,0.175798001,-1.753149685,-0.025687399,0.000295094,0.006405082,0.828338084,0.02007325,-0.225217595,0.070585795,43805.640593944,47016.513012978,48031.432713668,44921.361346896,-0.309607858,-1.140474704,1.180955974,-0.119896083,0.017172161,-0.336923558,0.158631706,0.034694551,-0.201322343,-3.40682769,-11.578639412,-0.402931624,-0.029219306,0.100929751,-0.000498199,0.994445567,-0.286545187,-1.036717772,1.270810361,-0.153133634,0.0,0.0,0.86058265,0.0,3.682096109
1772729847.4839227,-0.315445,-1.140078,1.145789,-0.02720754,0.11401808,0.00190006,0.99310423,-0.055066,0.228552,-0.002495,-0.002394311,0.02144192,-0.485169072,0.162025127,-1.514132632,0.074280252,-0.000106919,0.001579774,0.815298789,0.065550529,-0.27265708,0.077479975,44442.309794761,46851.186133823,47482.133605874,45080.759569498,-0.31088846,-1.140561468,1.177406251,-0.101767839,0.021244536,-0.357047176,0.161441793,0.056859375,-0.182178841,-3.389800787,-11.520180702,-0.37863028,-0.029096277,0.100416169,-0.000317582,0.994592915,-0.286545187,-1.036717772,1.265719994,-0.156471674,0.0,0.0,0.86058265,0.0,3.683304465
1772729847.4939222,-0.3154,-1.139844,1.140713,-0.02652436,0.10908154,0.00265928,0.9936753,-0.05343,0.218663,-0.000514,0.016314021,0.018196365,-0.508757808,0.151859243,-1.121748198,0.202325902,-0.002166968,-0.005374176,0.802532788,0.103690658,-0.349508494,0.083724504,44510.893442349,47904.435007509,47538.820090105,43690.191122977,-0.312367634,-1.140655105,1.171049597,-0.073420797,0.027293766,-0.391296262,0.152081975,0.022148525,-0.224782484,-3.318290396,-11.355876255,-0.31871562,-0.02853613,0.098974994,9.8192e-05,0.994784527,-0.286545187,-1.036717772,1.257413438,-0.161738997,0.0,0.0,0.86058265,0.0,3.684352168
1772729847.5039222,-0.315194,-1.139624,1.135557,-0.02548448,0.10532074,0.00312115,0.99410681,-0.051169,0.211124,0.000856,0.023658628,0.020865094,-0.529425563,0.141055129,-0.719536334,0.19813715,-0.007290274,-0.016261986,0.790268192,0.128287922,-0.480709808,0.08877068,45333.792863555,47411.442549372,47644.76481149,44587.383976661,-0.313510655,-1.140763507,1.164507959,-0.046344301,0.032700431,-0.428553746,0.145902244,0.021870969,-0.230052919,-3.10861264,-10.920525075,-0.187273857,-0.026839013,0.095165627,0.000964867,0.995219839,-0.286545187,-1.036717772,1.24756463,-0.167769449,0.0,0.0,0.86058265,0.0,3.682043045
1772729847.513922,-0.314766,-1.139528,1.130164,-0.02460034,0.10149048,0.00553063,0.99451693,-0.048835,0.203543,0.006134,0.038959886,0.022958103,-0.547979466,0.171088016,-0.636966093,0.272685122,-0.012413458,-0.027149537,0.778003888,0.152884599,-0.611907994,0.093816735,44250.96540249,47189.992139538,48101.528314878,43553.366630329,-0.314855144,-1.140116394,1.151223784,0.009734446,0.045071081,-0.476561479,0.133427403,0.02053782,-0.232316839,-2.71848635,-10.099993066,0.042323142,-0.023661014,0.087991663,0.002456483,0.995941005,-0.286545187,-1.036717772,1.226578332,-0.179778952,0.0,0.0,0.86058265,0.0,3.679733978
1772729847.5239215,-0.314302,-1.139278,1.124613,-0.02286708,0.09807333,0.00737852,0.99488908,-0.044935,0.196749,0.010397,0.061460257,0.023569953,-0.571155148,0.256654018,-0.740731821,0.425627015,-0.014901766,-0.024993495,0.781808885,0.162003057,-0.654122824,0.092802332,44872.41088542,47922.195226328,48998.092218673,43768.758543789,-0.315103867,-1.139541858,1.138803936,0.036047111,0.051374164,-0.526787686,0.110785347,-0.001389477,-0.246448845,-2.517182373,-9.458615922,0.171586014,-0.022011216,0.082395628,0.003305738,0.996653581,-0.286545187,-1.036717772,1.212842487,-0.187233218,0.0,0.0,0.86058265,0.0,3.677424966
1772729847.533922,-0.313797,-1.13895,1.118809,-0.02182292,0.09462383,0.00884844,0.99523454,-0.04254,0.189871,0.01373,0.083458374,0.025996606,-0.595505716,0.369448974,-0.721365199,0.637592477,-0.016113845,-0.016518103,0.793399248,0.163623887,-0.653233144,0.088851761,45946.478923992,47142.027654404,49070.913852342,45362.978463086,-0.314394978,-1.139101306,1.128177868,0.058805455,0.055707211,-0.571111275,0.103891116,0.010690115,-0.218756591,-2.348500704,-8.865682106,0.283705803,-0.020622404,0.077223559,0.004052655,0.997185212,-0.286545187,-1.036717772,1.202838728,-0.192399892,0.0,0.0,0.86058265,0.0,3.675115734
1772729847.543922,-0.313181,-1.138584,1.112846,-0.02071701,0.09167437,0.00976001,0.99552567,-0.040147,0.183969,0.015903,0.098808233,0.030063354,-0.618887945,0.463739715,-0.674329606,0.820043424,-0.013334037,0.006797281,0.818720388,0.153709405,-0.635137084,0.09517443,46811.890871196,47410.242017507,49288.410337641,45680.82334306,-0.312699433,-1.138465294,1.114431308,0.085401825,0.060365878,-0.615282412,0.097282857,0.030496274,-0.194421067,-2.059223294,-7.913483692,0.465458259,-0.018206201,0.068918853,0.005291724,0.997712784,-0.286545187,-1.036717772,1.186603204,-0.200326971,0.0,0.0,0.86058265,0.0,3.672399852
1772729847.553922,-0.311389,-1.138466,1.106365,-0.01605081,0.08717109,0.01713072,0.99591672,-0.029438,0.175073,0.031815,0.106665564,0.034067146,-0.637423141,0.494816684,-0.560514523,0.889958973,-0.011584109,0.029259493,0.84212399,0.148674781,-0.632500358,0.101333124,47343.425332878,48155.184397405,49912.609491294,45414.54568112,-0.310998976,-1.137902902,1.102541271,0.107568934,0.064068408,-0.65077819,0.089695201,0.049840569,-0.171195306,-1.81439396,-7.115626823,0.642261095,-0.016140097,0.061959528,0.006588213,0.998078346,-0.286545187,-1.036717772,1.174486347,-0.205930033,0.0,0.0,0.86058265,0.0,3.669231984
1772729847.563922,-0.310371,-1.138074,1.099804,-0.01233447,0.08408983,0.02236396,0.99613082,-0.021114,0.168882,0.043107,0.109236973,0.036835156,-0.653978324,0.496548603,-0.487267912,0.875278196,-0.016701049,0.019715043,0.83364219,0.161270963,-0.691527703,0.093582424,47144.127807901,48457.902401239,50590.760650658,45292.43609605,-0.309734143,-1.137469831,1.095017169,0.119033849,0.065937301,-0.669476224,0.081416335,0.045783546,-0.169785176,-1.594835076,-6.390975883,0.802347231,-0.014284995,0.055638917,0.007766389,0.998292956,-0.286545187,-1.036717772,1.165711177,-0.209847975,0.0,0.0,0.86058265,0.0,3.666064115
1772729847.5739217,-0.309475,-1.137643,1.093343,-0.01004127,0.08400597,0.02596032,0.99607642,-0.015868,0.168673,0.050772,0.105681123,0.040333236,-0.666990885,0.427316668,-0.423665397,0.725603391,-0.017770223,-0.000248652,0.819132812,0.148346075,-0.710447764,0.086697489,47644.948777509,48702.527934098,50502.54876793,45512.394214421,-0.308652057,-1.137047017,1.088207755,0.128675749,0.067609442,-0.686322762,0.072685014,0.02640187,-0.182661418,-1.507725716,-6.061704636,0.870972574,-0.013540051,0.052767776,0.00828494,0.998490518,-0.286545187,-1.036717772,1.158870958,-0.212824929,0.0,0.0,0.86058265,0.0,3.662896323
1772729847.5839214,-0.308639,-1.137168,1.08664,-0.0085565,0.08162245,0.02786478,0.99623698,-0.01267,0.163839,0.054885,0.100881001,0.04379437,-0.679836662,0.326006533,-0.43145108,0.480835108,-0.017551474,-0.0249709,0.80509483,0.136245846,-0.717663145,0.077144548,48052.045898085,48479.323093603,50627.587820744,46182.361492591,-0.30759611,-1.136635959,1.081626232,0.136467498,0.06888713,-0.703857285,0.066873479,0.013101303,-0.188448514,-1.486588593,-5.971030245,0.887146083,-0.013356785,0.051977372,0.008407364,0.998662655,-0.286545187,-1.036717772,1.151838602,-0.215796915,0.0,0.0,0.86058265,0.0,3.65972853
1772729847.5939214,-0.307582,-1.136757,1.079805,-0.00739852,0.07985277,0.02884336,0.99636181,-0.010268,0.160236,0.057057,0.101627117,0.045675918,-0.693717231,0.244460316,-0.509593836,0.22906346,-0.014985396,-0.038278022,0.805953851,0.122138573,-0.709014783,0.059125138,47547.130544237,49011.950163207,51399.071064365,46309.697267083,-0.306548591,-1.136228692,1.07511825,0.14366111,0.070037286,-0.721614714,0.064376782,0.006704602,-0.186187089,-1.316777406,-5.237278507,1.016718743,-0.01188356,0.045581355,0.009387687,0.998834073,-0.286545187,-1.036717772,1.145659644,-0.218344721,0.0,0.0,0.86058265,0.0,3.656560661
1772729847.6039217,-0.306396,-1.136318,1.072682,-0.00498524,0.07559248,0.03030433,0.99666573,-0.005418,0.151563,0.060381,0.115351159,0.044577199,-0.711875154,0.229917173,-0.671740112,0.141991508,-0.014718716,-0.019455206,0.822487342,0.10242936,-0.727697668,0.041629057,47639.834550604,49276.040244448,51512.648084662,46560.793560888,-0.30567371,-1.135895385,1.069776609,0.149141277,0.07089107,-0.735404463,0.062689053,0.002952317,-0.18095321,-1.271397708,-4.995049725,1.048190098,-0.011481969,0.043470383,0.009621768,0.998930047,-0.286545187,-1.036717772,1.140411327,-0.220466669,0.0,0.0,0.86058265,0.0,3.653392717
1772729847.6139219,-0.305238,-1.135873,1.06554,-0.00486237,0.07302135,0.03077274,0.99684366,-0.005256,0.146403,0.061335,0.124440659,0.045579783,-0.730016897,0.220086809,-0.81331497,0.087623235,-0.007903893,-0.001595631,0.847262159,0.09082308,-0.732682587,0.02589484,47883.005218381,49426.324867959,51473.536924001,46829.66330371,-0.304904389,-1.135608114,1.065161958,0.153532583,0.071556018,-0.746606509,0.065359628,0.013446554,-0.159706755,-1.22204464,-4.704293086,1.080231572,-0.01104123,0.040936595,0.009856277,0.999031573,-0.286545187,-1.036717772,1.135640689,-0.222364695,0.0,0.0,0.86058265,0.0,3.650224773
1772729847.623922,-0.303925,-1.135406,1.05812,-0.00280338,0.06828049,0.03105522,0.99717876,-0.001363,0.136776,0.062173,0.130415975,0.047136428,-0.745324817,0.190194844,-0.853432099,0.041458528,-0.005642166,0.008516423,0.861563945,0.086709533,-0.73442748,0.016085628,47793.463487144,49571.581454189,51793.234068124,46887.367974952,-0.30404338,-1.135299142,1.060226836,0.157943451,0.072213553,-0.756421744,0.061927054,0.016891222,-0.148829464,-1.183396459,-4.454099655,1.103522897,-0.010692806,0.038756363,0.010023391,0.999142655,-0.286545187,-1.036717772,1.131447004,-0.223993625,0.0,0.0,0.86058265,0.0,3.647276215
1772729847.6339223,-0.302597,-1.134934,1.050609,-0.00176115,0.06399941,0.03093082,0.99746893,0.000449,0.128134,0.062028,0.134551663,0.048955486,-0.759694042,0.146077582,-0.879893845,-0.004039702,-0.007179075,0.013146354,0.867681187,0.087316313,-0.734957812,0.010385802,47918.769300721,49750.301536532,51834.745845093,46917.84744434,-0.303176627,-1.134991283,1.055317477,0.162134566,0.072842905,-0.765077854,0.056235207,0.017726269,-0.141790647,-1.183396459,-4.454099655,1.103522897,-0.010692806,0.038756363,0.010023391,0.999219364,-0.286545187,-1.036717772,1.127032472,-0.22569013,0.0,0.0,0.86058265,0.0,3.64565066
1772729847.6439228,-0.301256,-1.134423,1.042939,-0.00133492,0.05939497,0.03094807,0.99775381,0.00102,0.118886,0.062076,0.13994147,0.050039636,-0.774039472,0.120649529,-0.876585032,-0.03239897,-0.00871602,0.017776394,0.873798574,0.087923108,-0.735488158,0.00468584,48146.892408572,49956.282800283,51748.116251505,46944.613642012,-0.302302827,-1.134683428,1.050417547,0.166147361,0.07344978,-0.772783041,0.050543225,0.018561335,-0.134751661,-1.158386463,-4.253755051,1.12028212,-0.010463689,0.037010079,0.010144455,0.999306812,-0.286545187,-1.036717772,1.121049655,-0.227915579,0.0,0.0,0.86058265,0.0,3.644025066
1772729847.6539223,-0.299837,-1.133907,1.03512,-0.00076837,0.05517057,0.03067393,0.99800537,0.001862,0.110392,0.061554,0.146363582,0.050073688,-0.78683859,0.084308488,-0.87415693,-0.025643428,-0.010252819,0.022405994,0.879915378,0.088529844,-0.736018452,-0.001013578,48325.692290046,50224.081725898,51756.13418341,47035.216272534,-0.301124712,-1.134251613,1.043903876,0.170773823,0.074188298,-0.782367221,0.044520103,0.031879318,-0.125991767,-1.123175329,-3.980786423,1.141813156,-0.010140924,0.034630958,0.010298178,0.999418979,-0.286545187,-1.036717772,1.115067408,-0.230140817,0.0,0.0,0.86058265,0.0,3.642399627
1772729847.663922,-0.298391,-1.13341,1.0272,-0.00035666,0.05157044,0.03024,0.99821135,0.00242,0.103161,0.060695,0.145261308,0.052786453,-0.799626559,0.023268357,-0.782157095,-0.083856292,-0.011788618,0.026314833,0.88578906,0.08885934,-0.73646496,-0.006260319,48203.921550856,50342.168277946,52001.480161128,46972.158308157,-0.300355962,-1.133974701,1.039660691,0.173497138,0.074624002,-0.788394165,0.039843679,0.039923913,-0.118200261,-1.087156854,-3.733235256,1.156647845,-0.009810079,0.032474033,0.010397172,0.999468237,-0.286545187,-1.036717772,1.11079835,-0.231695048,0.0,0.0,0.86058265,0.0,3.640774149
1772729847.673922,-0.296853,-1.132891,1.019147,0.00014274,0.04722666,0.03013135,0.99842963,0.003145,0.094437,0.060488,0.146636115,0.05411903,-0.812196015,-0.011031632,-0.708111948,-0.117967821,-0.013307058,0.018111265,0.887575331,0.084530236,-0.735503426,-0.003898747,48045.761195032,50442.133131923,52275.562202081,46890.496878147,-0.299706639,-1.133742981,1.036079893,0.175665221,0.074971361,-0.793383318,0.037298187,0.034876297,-0.112570734,-1.049693261,-3.480558316,1.170529546,-0.009465522,0.030272559,0.010487997,0.999517495,-0.286545187,-1.036717772,1.107417637,-0.232901339,0.0,0.0,0.86058265,0.0,3.639148633
1772729847.6839223,-0.295329,-1.132357,1.010921,0.00054051,0.04326736,0.02975536,0.99862018,0.003668,0.086491,0.059734,0.149793694,0.054399644,-0.825102205,-0.002377625,-0.694746361,-0.127365173,-0.01558874,0.008415796,0.886654666,0.079854471,-0.735331014,-0.002437422,47865.891341856,50609.360716807,52518.166300682,46900.423378559,-0.298866439,-1.133449048,1.031486691,0.17816274,0.075370623,-0.799430533,0.033274931,0.030670722,-0.108740304,-1.009911627,-3.219661112,1.182882054,-0.009098968,0.027999641,0.010565714,0.999594799,-0.286545187,-1.036717772,1.103275181,-0.234357904,0.0,0.0,0.86058265,0.0,3.637523078
1772729847.6939223,-0.293879,-1.131814,1.002709,-0.00051665,0.04042758,0.02883515,0.99876618,0.001304,0.080873,0.057778,0.148215778,0.056319984,-0.837867641,0.019095946,-0.686721662,-0.162138708,-0.022115965,-0.009577568,0.87067551,0.073250968,-0.739548501,-0.005984375,47795.025505971,50848.868050795,52714.340759046,46899.024315451,-0.297856148,-1.133099581,1.026008056,0.180926874,0.075811101,-0.806724819,0.025902768,0.028373885,-0.108987668,-0.966308197,-2.913725965,1.198815214,-0.008695104,0.02533384,0.0106725,0.999668689,-0.286545187,-1.036717772,1.098052646,-0.236169328,0.0,0.0,0.86058265,0.0,3.635897562
1772729847.7039227,-0.292679,-1.131101,0.994149,-3.764e-05,0.03808223,0.02659748,0.99892058,0.001956,0.076158,0.053314,0.150068072,0.055226859,-0.849715573,0.065062654,-0.695271783,-0.180365331,-0.009151935,-0.012120009,0.874260619,0.059345258,-0.736971322,-0.015521447,47945.493701735,51002.753149132,52819.048624365,47059.206154388,-0.296344027,-1.132584597,1.017973351,0.184310454,0.076348851,-0.818963823,0.018530252,0.026076939,-0.109235044,-0.913829493,-2.515888965,1.217091954,-0.008205206,0.021866897,0.010793479,0.999739406,-0.286545187,-1.036717772,1.090217177,-0.238812666,0.0,0.0,0.86058265,0.0,3.634271968
1772729847.7139227,-0.290802,-1.130713,0.985678,0.00044721,0.03367959,0.02741413,0.99905653,0.002746,0.067322,0.054959,0.15072256,0.058333603,-0.862861934,0.178170378,-0.81406055,-0.188504494,-0.020178756,0.008635458,0.890348406,0.055886266,-0.717360705,-0.017373006,48231.362101234,50953.985325393,52890.733177371,47503.907230966,-0.294629641,-1.131990227,1.008758483,0.187276277,0.076886265,-0.832454386,0.011158089,0.023780102,-0.109482408,-0.863286444,-2.081292466,1.231974837,-0.007726972,0.018079159,0.010885864,0.999800654,-0.286545187,-1.036717772,1.08114762,-0.241772644,0.0,0.0,0.86058265,0.0,3.632646452
1772729847.7239227,-0.289308,-1.130117,0.976935,0.00256095,0.02854543,0.02640028,0.99924052,0.006636,0.056943,0.053017,0.151485828,0.057940168,-0.871954095,0.2279388,-0.847919634,-0.184847934,-0.019780989,0.020530912,0.901374692,0.068211265,-0.720662952,-0.021479995,48217.309500198,51164.308310194,53115.991570805,47488.909262198,-0.293358709,-1.131519425,1.001663097,0.188908195,0.077314796,-0.841306596,0.003216402,0.030657909,-0.098063259,-0.806035243,-1.541104069,1.244553196,-0.007178601,0.013370705,0.010955136,0.999844149,-0.286545187,-1.036717772,1.074219283,-0.243972639,0.0,0.0,0.86058265,0.0,3.631020935
1772729847.7339227,-0.288059,-1.129451,0.968201,0.00299955,0.02585791,0.02424212,0.99936715,0.007259,0.051561,0.048693,0.15020601,0.05901379,-0.881435844,0.247261744,-0.835708547,-0.192728272,-0.02049064,0.010201345,0.889161088,0.079547966,-0.717518836,-0.02586146,48521.451581335,51217.635914772,53091.113562564,47657.548863485,-0.292209122,-1.130985751,0.9944909,0.189674195,0.077916001,-0.849735387,-0.001046864,0.023548505,-0.110265288,-0.742191961,-0.974376249,1.255180201,-0.006569262,0.008431308,0.011008082,0.999876435,-0.286545187,-1.036717772,1.067757552,-0.245962994,0.0,0.0,0.86058265,0.0,3.629395419
1772729847.7439227,-0.28628,-1.12899,0.959335,0.0046986,0.02081574,0.02409441,0.99948191,0.010405,0.041395,0.04842,0.147463311,0.060252078,-0.890258386,0.222947842,-0.760455895,-0.20875954,-0.01849353,0.00325706,0.893002044,0.10819598,-0.709800006,-0.016984519,48932.91654549,51876.349793673,53058.363666732,47159.764177638,-0.290676179,-1.130498151,0.986407643,0.190762883,0.078098588,-0.86026098,-0.006413685,0.01430454,-0.108354488,-0.702183902,-0.694281459,1.258649111,-0.00619373,0.005990937,0.01102027,0.999903188,-0.286545187,-1.036717772,1.059862043,-0.248334578,0.0,0.0,0.86058265,0.0,3.627769903
1772729847.7539225,-0.284994,-1.12811,0.950292,0.00701681,0.01523884,0.02285035,0.99959812,0.014732,0.030149,0.045933,0.144741105,0.061607207,-0.900795653,0.215825298,-0.686432785,-0.198022185,-0.018490327,0.010482573,0.903349134,0.143129009,-0.695215665,-0.010913954,49293.078738455,52262.885419532,53019.627687168,46962.787600707,-0.289387932,-1.130047413,0.979292904,0.191069912,0.078266741,-0.869079242,-0.010609547,0.021283833,-0.097981878,-0.671072074,-0.545528527,1.261493033,-0.005907993,0.004695795,0.011037383,0.999918728,-0.286545187,-1.036717772,1.053163366,-0.25028761,0.0,0.0,0.86058265,0.0,3.625905549
1772729847.7639222,-0.283502,-1.127831,0.941467,0.0055705,0.01593088,0.02188029,0.99961814,0.01184,0.031611,0.043957,0.148401074,0.058545336,-0.910344866,0.208897552,-0.647943223,-0.110505492,-0.022165345,0.012995758,0.902295846,0.163469957,-0.667761425,-0.016006969,48947.574913541,52331.327175961,53503.06073847,47168.135310319,-0.288150284,-1.129541421,0.971849006,0.190642213,0.078498625,-0.877297267,-0.01816842,0.019918432,-0.097872711,-0.555472119,0.007181913,1.272059987,-0.004846301,-0.000116469,0.011100968,0.999924565,-0.286545187,-1.036717772,1.046207484,-0.252263796,0.0,0.0,0.86058265,0.0,3.622718517
1772729847.7739215,-0.282066,-1.127045,0.932141,0.00788066,0.01124055,0.02106664,0.99968382,0.016235,0.022144,0.04232,0.154018037,0.054628024,-0.921865642,0.243362318,-0.611673743,0.033692877,-0.02440566,-0.005265876,0.901538772,0.162564131,-0.620774089,-0.020964451,48697.649510692,52785.713229431,53970.945608312,46917.340340703,-0.286752594,-1.129011995,0.963661531,0.189880166,0.078552824,-0.886426807,-0.03208401,0.001623326,-0.108075201,-0.455681011,0.398908153,1.275361202,-0.003937531,-0.003525138,0.011115702,0.999923005,-0.286545187,-1.036717772,1.038373676,-0.254425124,0.0,0.0,0.86058265,0.0,3.619531636
1772729847.783922,-0.280528,-1.126535,0.9229,0.00932685,0.00793092,0.02113903,0.99970158,0.018987,0.015463,0.042431,0.147333357,0.054004733,-0.929938261,0.22099691,-0.595740161,0.057477337,-0.033415762,-0.003024007,0.901510211,0.153984827,-0.588490743,-0.024578068,49130.20984254,52852.125552149,53847.601153666,47178.292002287,-0.285148983,-1.128338343,0.954118941,0.188375574,0.078656969,-0.8960337,-0.043428393,0.007969414,-0.102001943,-0.442376375,0.448984981,1.275654793,-0.003816564,-0.003960829,0.011116656,0.999910259,-0.286545187,-1.036717772,1.029712501,-0.256735273,0.0,0.0,0.86058265,0.0,3.616344375
1772729847.7939215,-0.279025,-1.126018,0.913576,0.01053349,0.00412545,0.02188233,0.99969655,0.021243,0.007787,0.043854,0.136957162,0.05385246,-0.935659808,0.175162406,-0.704720328,-0.027275743,-0.034937697,0.000829055,0.906719548,0.14357141,-0.556548871,-0.029666519,49439.024477001,52989.415286454,53762.847958027,47388.11938374,-0.283690982,-1.127749171,0.945045019,0.186233947,0.078424486,-0.904555748,-0.046570231,0.012499003,-0.089559383,-0.348084789,0.772086032,1.275440552,-0.002962358,-0.006771036,0.011109554,0.999890704,-0.286545187,-1.036717772,1.021173746,-0.258933234,0.0,0.0,0.86058265,0.0,3.613157419
1772729847.8039215,-0.277616,-1.125542,0.904153,0.01129087,0.00156168,0.02201229,0.99969272,0.022646,0.002625,0.044061,0.120997007,0.0562647,-0.939765154,0.078196678,-0.787658204,-0.210418224,-0.01467775,0.008440605,0.924998214,0.127700084,-0.527687266,-0.039287589,49790.527622536,53360.836964731,54129.344233819,48002.538705536,-0.282052028,-1.127091472,0.935276425,0.185011618,0.078436619,-0.916450968,-0.039903985,0.010920912,-0.077986705,-0.26599486,1.04958449,1.272173526,-0.00221934,-0.009184414,0.011080273,0.999870116,-0.286545187,-1.036717772,1.013886548,-0.260748638,0.0,0.0,0.86058265,0.0,3.60997031
1772729847.8139212,-0.276256,-1.125021,0.8947,0.01199393,-0.0017225,0.02229,0.99967812,0.023906,-0.003979,0.044539,0.107486,0.055616817,-0.943112652,-0.068775218,-0.77594769,-0.449238876,-0.020600107,0.002745731,0.907061216,0.117261359,-0.514951538,-0.04573729,50073.560911809,53654.302130045,54664.742713004,48988.610612855,-0.280233909,-1.126316017,0.924546882,0.184197665,0.07876167,-0.931367126,-0.040106025,-0.000707838,-0.096693809,-0.192511149,1.308959289,1.264615158,-0.001553765,-0.011440422,0.011016095,0.999845491,-0.286545187,-1.036717772,1.008055329,-0.262168318,0.0,0.0,0.86058265,0.0,3.606783277
1772729847.8239207,-0.275864,-1.124249,0.88536,0.01065621,-0.00710629,0.01619853,0.99978675,0.021081,-0.014555,0.032248,0.098705067,0.058997492,-0.951852734,-0.134188574,-0.860252771,-0.659875946,-0.015595809,0.002189027,0.922477664,0.079820999,-0.482037929,-0.056937831,50118.30293795,53984.320590028,55213.541655492,49711.959868341,-0.278543659,-1.125648241,0.914246394,0.182536186,0.078673321,-0.946087149,-0.043042086,0.003608035,-0.078133356,-0.122306409,1.572458515,1.250521896,-0.000657562,-0.015010989,0.01077564,0.999815299,-0.286545187,-1.036717772,1.008055329,-0.262168318,0.0,0.0,0.86058265,0.0,3.603596321
1772729847.8339207,-0.274769,-1.123743,0.875819,0.00979709,-0.01195213,0.01223332,0.99980574,0.019305,-0.024142,0.024237,0.097236515,0.059438654,-0.961474926,-0.153842716,-0.89016517,-0.747310018,-0.012996587,0.008383111,0.928716961,0.054970287,-0.474899218,-0.063213189,49660.734481445,54384.094359582,55609.423306394,49301.370202683,-0.277024799,-1.125085673,0.904535498,0.179182057,0.077859431,-0.953815767,-0.044644499,0.012337048,-0.067334673,-0.062259056,1.839901124,1.228480465,-0.00014245,-0.017185386,0.010603362,0.999776706,-0.286545187,-1.036717772,0.99935209,-0.264208634,0.0,0.0,0.86058265,0.0,3.600409212
1772729847.8439207,-0.273602,-1.123226,0.866141,0.00893836,-0.01461001,0.00956495,0.99980756,0.017602,-0.02939,0.018874,0.099857185,0.059344346,-0.971409318,-0.110886186,-0.894051805,-0.720837138,-0.017787853,0.010416939,0.93672107,0.01027853,-0.461143064,-0.066799874,48449.817801483,53660.326446445,55567.323432605,49057.908058056,-0.276488872,-1.124955056,0.899961552,0.171806248,0.075133225,-0.934685508,-0.05267755,0.008707326,-0.06551224,-0.015347988,2.089570192,1.205001009,5.767e-05,-0.018234362,0.010511529,0.999734912,-0.286545187,-1.036717772,0.991552096,-0.265969098,0.0,0.0,0.86058265,0.0,3.597222103
1772729847.8539207,-0.272563,-1.12258,0.856292,0.00921958,-0.01959316,0.0060585,0.99974717,0.018212,-0.039298,0.011762,0.105379937,0.05558733,-0.978809636,-0.085407003,-0.751984555,-0.54170425,-0.020258894,0.005073873,0.942678243,-0.024287364,-0.449518612,-0.06870602,49165.861006464,54102.75964627,55720.345441567,49610.949557838,-0.275076107,-1.124402031,0.890587979,0.169465655,0.074844978,-0.946727813,-0.059411242,0.000644794,-0.060594381,0.019476733,2.311113666,1.184205233,0.000378264,-0.020164088,0.010335284,0.999702183,-0.286545187,-1.036717772,0.984823612,-0.267435095,0.0,0.0,0.86058265,0.0,3.594034994
1772729847.8639207,-0.271487,-1.122041,0.846472,0.00868563,-0.02354443,0.00408188,0.99967673,0.017193,-0.047162,0.007761,0.108528697,0.051009412,-0.982595537,-0.096801241,-0.532029768,-0.28148133,-0.01961635,-0.000193303,0.946757935,-0.047620248,-0.434647205,-0.068743244,49883.963349971,53978.480819535,55494.986779407,50231.767501379,-0.274196888,-1.123904633,0.882922601,0.166197796,0.074591699,-0.955030171,-0.062513617,0.000175756,-0.053402298,0.023336465,2.477144914,1.165524071,0.000423356,-0.021612312,0.010172972,0.999673546,-0.286545187,-1.036717772,0.978913424,-0.268689323,0.0,0.0,0.86058265,0.0,3.590847886
1772729847.8739204,-0.270487,-1.121524,0.836633,0.00872416,-0.02549758,0.00297195,0.9996324,0.017314,-0.05105,0.005504,0.101125213,0.048170423,-0.982366185,-0.148841457,-0.295329449,-0.09461191,-0.015050178,0.011762266,0.954513116,-0.0676933,-0.377391784,-0.06280921,50369.670939259,53864.529497696,55378.974719954,50715.36203921,-0.273588357,-1.123479092,0.876603656,0.162891122,0.074362782,-0.961093244,-0.062228057,0.009271293,-0.045028134,0.019713842,2.58570812,1.150676363,0.000398406,-0.022559784,0.01004262,0.999651011,-0.286545187,-1.036717772,0.973500477,-0.269816146,0.0,0.0,0.86058265,0.0,3.590167637
1772729847.88392,-0.269554,-1.12102,0.826837,0.00808213,-0.02709164,0.00206122,0.99959816,0.01607,-0.054221,0.003688,0.095755472,0.045483804,-0.983866342,-0.216170076,-0.053775388,0.099800761,-0.015185033,0.012355093,0.955889764,-0.085580517,-0.349280337,-0.058564364,50227.885868125,53847.992424389,55604.52955587,50820.277569858,-0.273316147,-1.123313681,0.873836127,0.161226114,0.074190047,-0.963035499,-0.063816646,0.008481805,-0.046151801,0.012923727,2.669941614,1.137451694,0.000343806,-0.023295257,0.0099258,0.999637223,-0.286545187,-1.036717772,0.970976061,-0.270321543,0.0,0.0,0.86058265,0.0,3.591463561
1772729847.8939192,-0.268514,-1.120719,0.817059,0.00559104,-0.02498248,0.0043248,0.9996629,0.010976,-0.050017,0.008378,0.089672483,0.04411801,-0.987523203,-0.257948816,0.171363385,0.231828629,-0.017004508,0.008876052,0.954980633,-0.102684162,-0.331613119,-0.054924908,50086.104177574,53831.455745377,55830.079013878,50925.190599003,-0.273043944,-1.123148275,0.871068664,0.159561145,0.074017317,-0.964977706,-0.065735108,0.005952288,-0.048947335,0.006133773,2.7541731,1.12422734,0.000289207,-0.024030713,0.009808982,0.999623435,-0.286545187,-1.036717772,0.968562395,-0.270803115,0.0,0.0,0.86058265,0.0,3.592759454
1772729847.9039192,-0.267656,-1.120249,0.807139,0.00442612,-0.02407748,0.00560196,0.9996846,0.00859,-0.048208,0.011,0.081615016,0.045694449,-0.993613846,-0.222486943,0.245183239,0.269224183,-0.018824113,0.005396762,0.954071437,-0.11978903,-0.313944638,-0.05128519,49944.312345272,53814.917883483,56055.644605609,51030.111132657,-0.272771721,-1.122982856,0.868301003,0.157896057,0.073844575,-0.966920053,-0.067653707,0.003422589,-0.051743068,-0.006974996,2.851979353,1.109043146,0.000179879,-0.024885068,0.009673432,0.999607487,-0.286545187,-1.036717772,0.966148557,-0.271284721,0.0,0.0,0.86058265,0.0,3.594055441
1772729847.9139187,-0.266908,-1.119751,0.797159,0.0040527,-0.02275584,0.00698934,0.99970841,0.007793,-0.045571,0.013805,0.073496535,0.046694994,-0.999061151,-0.155434848,0.30334516,0.252771827,-0.020643631,0.001917638,0.953162284,-0.136893082,-0.296276998,-0.047645647,49272.368970099,53722.767858022,56204.020371676,50529.394623321,-0.272560306,-1.122842313,0.865366505,0.15377257,0.072931025,-0.960724971,-0.070196611,0.000727243,-0.052928922,-0.023120702,2.956304166,1.092917929,4.4247e-05,-0.025796516,0.009528887,0.999578109,-0.286545181,-1.036717772,0.962712832,-0.271955088,0.0,0.0,0.86058265,0.0,3.595351365
1772729847.9239194,-0.266273,-1.119196,0.787063,0.00282899,-0.02172095,0.00779246,0.9997297,0.005323,-0.043488,0.015473,0.065309658,0.047639478,-1.004824268,-0.038440209,0.330225571,0.184418714,-0.022744041,-0.000356537,0.960241128,-0.148751308,-0.302575051,-0.040404694,48347.446826842,53497.576159048,56161.188715131,49641.264597828,-0.272425335,-1.122733033,0.862221638,0.146556232,0.071085544,-0.944293732,-0.075988027,-0.002830776,-0.045740757,-0.047122999,3.075401739,1.07609345,-0.000159169,-0.02683739,0.009375937,0.99956274,-0.286545162,-1.036717772,0.956929418,-0.273059122,0.0,0.0,0.86058265,0.0,3.596647444
1772729847.9339192,-0.26562,-1.118783,0.77703,0.00317708,-0.02019703,0.00801089,0.99975888,0.006034,-0.040446,0.015903,0.0585256,0.047528231,-1.008597854,0.0655837,0.347121996,0.103132777,-0.025793324,0.003498038,0.966442033,-0.156808042,-0.280535023,-0.033650985,48296.311349893,52737.362068405,55195.069103973,49081.501576826,-0.272002723,-1.122447078,0.856991655,0.140373585,0.070082093,-0.938800964,-0.082698981,0.003645303,-0.037811994,-0.076677328,3.204925518,1.058777462,-0.000410488,-0.027969607,0.009217071,0.99956274,-0.286545157,-1.036717772,0.950483962,-0.274246029,0.0,0.0,0.86058265,0.0,3.597943399
1772729847.9439197,-0.265066,-1.118297,0.766951,0.00387653,-0.01888964,0.00887451,0.99977467,0.007421,-0.037849,0.017612,0.056006755,0.04197368,-1.009164327,0.12134379,0.375875561,0.061869907,-0.02773724,0.012519381,0.971190228,-0.153026105,-0.21266542,-0.023504652,48605.859994928,52763.363948636,55090.597413376,49138.90402748,-0.271367673,-1.122058419,0.84992605,0.133590718,0.069216311,-0.936497983,-0.085730707,0.01307154,-0.031420893,-0.143706216,3.385668347,1.037505086,-0.000986046,-0.029551358,0.009012681,0.999497756,-0.286545157,-1.036717772,0.941934614,-0.275725344,0.0,0.0,0.86058265,0.0,3.599239447
1772729847.9539194,-0.264559,-1.117878,0.756847,0.00410144,-0.01524998,0.00920356,0.99983294,0.007925,-0.030575,0.018289,0.044840525,0.051891774,-1.018955575,0.083774519,0.379811316,0.049652575,-0.017607569,0.011914363,0.97280599,-0.105768697,-0.102529252,-0.004071886,49323.567486702,52751.742791153,54771.744068449,49278.0,-0.270145785,-1.121361934,0.836931828,0.12310724,0.068270851,-0.938614976,-0.079505086,0.016910375,-0.029330706,-0.24275821,3.578170026,1.014770134,-0.001840891,-0.031237822,0.008784805,0.999467214,-0.286545157,-1.036717772,0.93074887,-0.277574913,0.0,0.0,0.86058265,0.0,3.600535402
1772729847.9639196,-0.264114,-1.117367,0.746599,0.00508181,-0.01444521,0.00912886,0.99984107,0.009903,-0.028983,0.018117,0.033828976,0.060193647,-1.02681075,0.021966269,0.336456883,0.024352847,-0.014112992,0.010631336,0.971199791,-0.049995382,-0.011041625,-0.000606599,50108.927678316,52588.344368863,54164.086424036,49268.6220419,-0.269131759,-1.120798453,0.825843911,0.114883267,0.067744745,-0.942705009,-0.091264373,0.022279398,-0.030273178,-0.299096445,3.659764423,1.006992052,-0.002328097,-0.03195362,0.008699404,0.999432841,-0.286545157,-1.036717772,0.919562592,-0.279424571,0.0,0.0,0.86058265,0.0,3.601831419
1772729847.9739192,-0.263736,-1.116853,0.736409,0.00521859,-0.01287712,0.00921738,0.99986098,0.010202,-0.02585,0.018305,0.024604122,0.064415621,-1.032150324,-0.013864648,0.186840403,-0.035969573,-0.013496555,0.008356731,0.970260022,0.004612379,0.079990728,0.004242273,50713.046092819,52729.410763035,53835.774950604,49233.197297175,-0.268117545,-1.120322372,0.815497095,0.107767386,0.067268472,-0.946990654,-0.088406611,0.025155238,-0.028762525,-0.335388737,3.684550266,1.003957516,-0.002643544,-0.032172515,0.008662405,0.999437474,-0.286545157,-1.036717772,0.910746624,-0.280736074,0.0,0.0,0.86058265,0.0,3.603127343
1772729847.9839191,-0.263504,-1.116249,0.726084,0.00478696,-0.01256282,0.00883601,0.99987058,0.009354,-0.02521,0.017556,0.020071795,0.061271776,-1.031852713,-0.01652404,0.037618922,-0.11196718,-0.012880088,0.006082018,0.969320208,0.059222743,0.171027422,0.009091377,50120.045396302,52409.172737812,53299.849838306,48114.91088535,-0.266887907,-1.119631886,0.801072548,0.098063441,0.066822052,-0.953617945,-0.082820481,0.027601413,-0.026793587,-0.320259993,3.588794923,1.009272921,-0.002517526,-0.031336317,0.008715503,0.999462462,-0.286545157,-1.036717772,0.897051151,-0.282385388,0.0,0.0,0.86058265,0.0,3.604423329
1772729847.993919,-0.263764,-1.114903,0.715309,0.00267911,-0.01141507,0.00923408,0.99988862,0.005148,-0.022879,0.018411,0.018482982,0.053998925,-1.028098494,0.000212247,-0.038383266,-0.135812606,-0.012263636,0.00380736,0.968380416,0.113831805,0.262061946,0.013940364,50658.706555115,52134.680788572,53481.227737973,49166.891905122,-0.265916945,-1.118969469,0.785771553,0.087991997,0.066005561,-0.963093065,-0.077234484,0.030047529,-0.024824696,-0.254460489,3.419909017,1.016811017,-0.001954837,-0.029858292,0.008802063,0.999507199,-0.286545157,-1.036717772,0.883102359,-0.284052399,0.0,0.0,0.86058265,0.0,3.604575951
1772729848.0039191,-0.263261,-1.115023,0.705454,0.00434237,-0.01269534,0.00742312,0.99988243,0.008498,-0.025455,0.01474,0.018405495,0.044763873,-1.022985882,0.006427324,-0.028916693,-0.112000515,-0.016842529,0.015060532,0.974627272,0.033935801,0.256702965,0.00955469,50995.839530434,52402.393235766,54532.781015669,50461.095593939,-0.264656722,-1.117983678,0.768492731,0.077801765,0.065825075,-0.969923141,-0.071648221,0.032493761,-0.022855711,-0.170053781,3.202856101,1.029228026,-0.001232472,-0.027958646,0.008935567,0.999593825,-0.286545157,-1.036717772,0.869152901,-0.285719489,0.0,0.0,0.86058265,0.0,3.602508522
1772729848.013919,-0.263039,-1.114665,0.695245,0.00569066,-0.01425779,0.00648228,0.99986115,0.0112,-0.028589,0.012806,0.01805229,0.037891761,-1.019320009,0.013735812,0.021835768,-0.050922848,-0.015045505,0.022175989,0.975490837,-0.020964798,0.21887763,0.008175237,50137.631125446,51867.1528849,54359.825503669,50132.027392138,-0.264272358,-1.117617489,0.755885004,0.070212846,0.064402843,-0.976521155,-0.066062091,0.034939935,-0.020886773,-0.11597515,2.988501501,1.039726976,-0.0007751,-0.026084755,0.009043682,0.999610825,-0.286545157,-1.036717772,0.855203776,-0.28738654,0.0,0.0,0.86058265,0.0,3.600441143
1772729848.0239198,-0.26283,-1.114317,0.685089,0.00474006,-0.01266239,0.00650013,0.99988747,0.009318,-0.025386,0.012883,0.014727345,0.0363762,-1.018833955,-0.000432851,0.092256921,0.02047353,-0.014344496,0.029558057,0.978014438,-0.064514167,0.182660866,0.007608986,49989.922435688,52435.112404369,54793.147898845,49951.639788716,-0.263685805,-1.116951851,0.741738285,0.062603478,0.063662058,-0.982131849,-0.061598775,0.037437091,-0.019758242,-0.127342331,2.834994433,1.042951958,-0.000885741,-0.024746565,0.009071068,0.999664988,-0.286545157,-1.036717772,0.841420359,-0.288626226,0.0,0.0,0.86058265,0.0,3.598373615
1772729848.0339203,-0.262775,-1.113845,0.674825,0.00442162,-0.01121926,0.0076228,0.99989823,0.008674,-0.022506,0.015149,0.006512496,0.041397475,-1.022798528,-0.037787333,0.150818106,0.074149694,-0.013469995,0.036037723,0.980724372,-0.100979581,0.14779709,0.006637347,49205.777632989,52628.777317724,55706.202105971,49933.307677757,-0.263364662,-1.116450876,0.731844152,0.057382995,0.063296452,-0.985604747,-0.060180664,0.036849575,-0.020489251,-0.158024519,2.739176827,1.043450711,-0.001160933,-0.023913113,0.009070164,0.999675214,-0.286545157,-1.036717772,0.83277026,-0.289318147,0.0,0.0,0.86058265,0.0,3.596306137
1772729848.0439208,-0.262804,-1.113324,0.66454,0.00375557,-0.01096255,0.0083442,0.99989804,0.007329,-0.021987,0.016609,-0.005909757,0.053613221,-1.031036201,-0.087765108,0.205215158,0.113034016,-0.011418251,0.036395874,0.984698961,-0.089388166,0.12210733,0.002915105,49298.909434154,52722.489238632,55843.738320133,49966.515795629,-0.263223481,-1.11597397,0.724367999,0.053342671,0.063407623,-0.988532827,-0.059976463,0.027721408,-0.0210103,-0.191462922,2.678543741,1.044525168,-0.001457263,-0.023386821,0.009073599,0.999683107,-0.286545157,-1.036717772,0.825549622,-0.289851335,0.0,0.0,0.86058265,0.0,3.59423866
1772729848.0539207,-0.262884,-1.112789,0.654233,0.00358935,-0.00943378,0.0085875,0.99991218,0.007017,-0.018929,0.01711,-0.011619514,0.053469126,-1.031052673,-0.042944776,0.168505635,0.074951301,-0.009366604,0.036754007,0.988673361,-0.077797305,0.096418795,-0.000806959,50262.956979952,52860.591182416,55238.009331181,49986.77785688,-0.263233804,-1.115535559,0.719523602,0.050559096,0.063999004,-0.990729558,-0.05667067,0.031429708,-0.015446293,-0.231382343,2.631606351,1.046855767,-0.001808798,-0.022980547,0.009086639,0.999694714,-0.286545157,-1.036717772,0.820948445,-0.290157918,0.0,0.0,0.86058265,0.0,3.59217128
1772729848.0639207,-0.263052,-1.112229,0.643872,0.00374162,-0.00977782,0.00836826,0.99991018,0.00732,-0.019618,0.016666,-0.017047588,0.054021302,-1.031594127,-0.002007206,0.114902179,0.024104014,-0.007314958,0.037112141,0.99264776,-0.066206443,0.07073026,-0.004529023,50270.025038416,53293.116198138,55436.862107927,49920.756259604,-0.26316579,-1.11506824,0.712378339,0.046724133,0.064269853,-0.993096108,-0.053207291,0.035790181,-0.009573118,-0.296465257,2.606281754,1.053761768,-0.002377237,-0.022764914,0.009134442,0.999695659,-0.286545157,-1.036717772,0.81559893,-0.290504263,0.0,0.0,0.86058265,0.0,3.590103901
1772729848.0739214,-0.263233,-1.111749,0.633618,0.00368318,-0.00863724,0.00848859,0.99991988,0.00722,-0.017336,0.016916,-0.02158553,0.054076236,-1.030815901,-0.005518347,0.126454683,-0.011750546,-0.005263164,0.0374703,0.996622444,-0.054614752,0.045039887,-0.008251353,50089.3,53610.94,55785.42,49875.98,-0.262942275,-1.114639874,0.701404996,0.04130664,0.063744522,-0.995213701,-0.050615913,0.039164716,-0.004890147,-0.338829132,2.569540737,1.058263727,-0.002748907,-0.022447866,0.009166326,0.999700523,-0.286545157,-1.036717772,0.805532687,-0.291079291,0.0,0.0,0.86058265,0.0,3.588036374
1772729848.0839212,-0.263445,-1.111182,0.623295,0.00362285,-0.00778728,0.0087484,0.99992485,0.00711,-0.015637,0.017442,-0.026263797,0.054828801,-1.030046262,-0.016394225,0.147424102,-0.008407479,-0.009257701,0.031312257,0.994744936,-0.047511024,0.042262248,-0.001972361,50073.618247513,53729.408357367,55937.682880197,49964.941410934,-0.26279346,-1.11434542,0.693411131,0.037456466,0.06334827,-0.996587009,-0.053908644,0.035886074,-0.00823912,-0.362260327,2.544925402,1.05702097,-0.002955555,-0.022234955,0.0091516,0.999705335,-0.286545157,-1.036717772,0.798913236,-0.291413753,0.0,0.0,0.86058265,0.0,3.585969044
1772729848.0939212,-0.263754,-1.110625,0.613009,0.00370147,-0.00754613,0.00849374,0.9999286,0.007275,-0.015155,0.016933,-0.031294863,0.056046965,-1.028862073,-0.039668959,0.154976582,-0.008811902,-0.016818488,0.017474149,0.994091149,-0.019218467,0.041789079,0.000214836,50094.68556985,53776.300139343,55996.127709906,50172.896270132,-0.262670852,-1.114096303,0.686387737,0.034162988,0.062999853,-0.997838711,-0.061157143,0.022117145,-0.008924881,-0.378746603,2.52469734,1.053664192,-0.003101672,-0.022059711,0.009119727,0.999709083,-0.286545157,-1.036717772,0.790237936,-0.291760364,0.0,0.0,0.86058265,0.0,3.583883981
1772729848.103922,-0.264071,-1.110085,0.602727,0.00302895,-0.0063761,0.00840903,0.99993973,0.005951,-0.012803,0.016781,-0.035884378,0.057073015,-1.027382545,-0.049710154,0.190995604,-0.000606426,-0.022140432,0.006411161,0.996763329,-0.001761177,0.049733107,-0.005599604,50519.675504143,53864.457896249,56089.442879724,50462.100972362,-0.26256238,-1.113652469,0.675328595,0.028923233,0.062676764,-0.999892402,-0.062928195,0.019562437,-0.005538122,-0.388529229,2.501209458,1.050481778,-0.003189522,-0.021855491,0.009090811,0.999713893,-0.286545157,-1.036717772,0.781170072,-0.292109314,0.0,0.0,0.86058265,0.0,3.581677289
1772729848.113922,-0.264485,-1.10946,0.592437,0.00288171,-0.00532236,0.00837451,0.99994662,0.005674,-0.010693,0.016719,-0.041143105,0.059236537,-1.027017277,-0.03990202,0.176728272,-0.013750106,-0.0197753,0.012610026,1.000741557,-0.006666477,0.074043111,-0.008082008,51334.051018612,54869.60914331,56636.677212127,51011.822061865,-0.262553878,-1.113193159,0.665234533,0.02404226,0.062596649,-1.001419668,-0.061848103,0.02327888,-0.001048825,-0.386229964,2.476748698,1.046370376,-0.003172206,-0.021641795,0.009056136,0.999723627,-0.286545157,-1.036717772,0.770961059,-0.292408144,0.0,0.0,0.86058265,0.0,3.579470702
1772729848.123922,-0.264895,-1.108894,0.5822,0.00257005,-0.00446982,0.00854191,0.99995022,0.005064,-0.008983,0.017062,-0.044902005,0.058534865,-1.023620906,-0.070704316,0.229125771,-0.022649461,-0.015399581,0.018183527,1.003273294,-0.009417203,0.108896502,-0.012211886,52058.084274376,54736.990686369,56279.427480588,51268.741648921,-0.262609991,-1.112713057,0.655363413,0.019240265,0.062536163,-1.002465902,-0.057801882,0.024805298,0.000627546,-0.381677542,2.445856231,1.041939194,-0.003135792,-0.021371803,0.009019284,0.999729812,-0.286545157,-1.036717772,0.761859185,-0.292589922,0.0,0.0,0.86058265,0.0,3.577264167
1772729848.1339219,-0.265379,-1.108305,0.571982,0.00233962,-0.00342368,0.00819872,0.99995779,0.004623,-0.006885,0.016382,-0.04826479,0.05850297,-1.020345767,-0.104368696,0.265342078,-0.019604836,-0.013836847,0.017146084,1.007926369,-0.022999635,0.150841998,-0.019566501,51462.66322514,53839.348346992,55828.350928137,51359.859112516,-0.2627305,-1.112236003,0.646041937,0.014660199,0.062568721,-1.003410305,-0.055470914,0.022672835,0.007784296,-0.380137464,2.400300395,1.036173935,-0.003127039,-0.020974077,0.0089707,0.999731726,-0.286545157,-1.036717805,0.751890574,-0.292649073,0.0,0.0,0.86058265,0.0,3.575057686
1772729848.1439211,-0.265864,-1.107713,0.561781,0.00203408,-0.00197945,0.00847754,0.99996004,0.004034,-0.003993,0.016947,-0.052154032,0.059249979,-1.016701533,-0.135140434,0.271771069,-0.020783925,-0.016991008,0.027213522,1.010590541,-0.043503313,0.197375125,-0.01979542,51313.911376354,53813.952008159,56158.518372523,51682.639440968,-0.262942243,-1.111633541,0.633857479,0.008758808,0.062527422,-1.003624327,-0.056598868,0.032058541,0.011468028,-0.389157906,2.30333659,1.025731502,-0.00321526,-0.020128534,0.00888099,0.999748301,-0.286545157,-1.036717848,0.741545558,-0.292674527,0.0,0.0,0.86058265,0.0,3.572851309
1772729848.1539211,-0.26644,-1.107064,0.551581,0.00136169,-0.0011403,0.00774627,0.99996842,0.002706,-0.002302,0.01549,-0.056583212,0.061132789,-1.013801899,-0.147800468,0.247887394,-0.017953009,-0.017890027,0.029183485,1.012088468,-0.051768132,0.211895663,-0.020048921,51556.242625719,53838.732415176,56103.748298243,52094.672787716,-0.263209407,-1.111013575,0.621982141,0.003289693,0.062649767,-1.003826426,-0.061434771,0.045929354,0.007700232,-0.406513504,2.188305673,1.014744595,-0.003377589,-0.019125962,0.008785831,0.9997691,-0.286545157,-1.036717891,0.731199801,-0.292699983,0.0,0.0,0.86058265,0.0,3.570644775
1772729848.163921,-0.266962,-1.106586,0.541585,-0.00054293,0.00152411,0.00795104,0.99996708,-0.001062,0.003057,0.015901,-0.061081993,0.063146544,-1.010479557,-0.13215694,0.200929806,0.004744758,-0.017084753,0.024279907,1.014939355,-0.05729967,0.214957615,-0.022279363,51609.99310836,54019.97580226,56234.522397829,52232.467033707,-0.263516646,-1.110446236,0.611307848,-0.001484013,0.062833054,-1.004118551,-0.055669928,0.037150948,0.011102854,-0.432417938,2.073837015,1.002142542,-0.003614486,-0.018128834,0.008675522,0.999788225,-0.286545157,-1.036717892,0.720720039,-0.292555073,0.0,0.0,0.86058265,0.0,3.568438241
1772729848.173921,-0.267626,-1.105858,0.531428,-0.00052604,0.00148147,0.00824297,0.99996479,-0.001028,0.002972,0.016485,-0.065738893,0.065509658,-1.007564422,-0.077347793,0.101588034,0.022712978,-0.01217229,0.013319064,1.023617722,-0.063433391,0.234893758,-0.019521373,51730.564721884,54163.397242285,56667.62801332,52670.309609793,-0.263789347,-1.109986909,0.602665584,-0.005131354,0.063034501,-1.004141481,-0.045006697,0.024798323,0.022957385,-0.462412732,1.956684461,0.987177843,-0.003887431,-0.017108452,0.008544491,0.999811563,-0.286545157,-1.036717892,0.7128752,-0.292385955,0.0,0.0,0.86058265,0.0,3.566231706
1772729848.183921,-0.268318,-1.105162,0.521363,-0.00079624,0.0018426,0.00823321,0.99996409,-0.001562,0.003698,0.016464,-0.069805059,0.066448354,-1.003292429,-0.038367881,0.045263857,0.038169214,-0.012066119,0.008267713,1.030415618,-0.083754456,0.243347352,-0.021940077,52825.966821071,55340.386512981,57796.666918022,53792.240762684,-0.26420941,-1.109087871,0.587420454,-0.008780604,0.064159464,-1.012966086,-0.045571261,0.021632451,0.026603476,-0.502433704,1.810190614,0.970481782,-0.004249957,-0.015832622,0.008398854,0.999837697,-0.286545157,-1.036717892,0.7034268,-0.292114622,0.0,0.0,0.86058265,0.0,3.564025172
1772729848.1939216,-0.269049,-1.104486,0.511322,-0.00048584,0.00165403,0.00840998,0.99996315,-0.000944,0.003316,0.016819,-0.072703469,0.066943673,-0.999107111,-0.026259385,0.065775923,0.061652336,-0.016050762,0.009874429,1.028764432,-0.084008473,0.19726832,-0.017868523,52706.980322453,55410.046330209,58009.411765234,53838.555127653,-0.264802196,-1.108479377,0.576360789,-0.014687121,0.064069087,-0.993616508,-0.049811232,0.0213679,0.02734959,-0.548180164,1.650920884,0.954784893,-0.004662989,-0.014445683,0.008262285,0.999847061,-0.286545157,-1.036717892,0.689151337,-0.291498055,0.0,0.0,0.86058265,0.0,3.563917816
1772729848.2039213,-0.269755,-1.103868,0.501396,-0.00074433,0.00216401,0.00897698,0.99995709,-0.00145,0.004341,0.017951,-0.075670604,0.06899014,-0.996081739,-0.017452622,0.085696175,0.052673072,-0.018486449,0.014006854,1.027239633,-0.070049375,0.137740784,-0.008280202,52588.002334016,55479.701165212,58222.141396459,53884.866180114,-0.265334291,-1.107787723,0.56457653,-0.01844557,0.064844212,-0.993068764,-0.043537425,0.02663694,0.026669973,-0.593536904,1.521852804,0.941192282,-0.005069831,-0.013322196,0.008143811,0.999867175,-0.286545157,-1.036717892,0.666149322,-0.290079959,0.0,0.0,0.86058265,0.0,3.565472629
1772729848.2139208,-0.270559,-1.103131,0.491425,-0.00050977,0.00202906,0.00884058,0.99995873,-0.000984,0.004067,0.017679,-0.077439992,0.068465644,-0.990525284,-0.045445485,0.19046539,0.059180407,-0.011897264,0.028937722,1.03590542,-0.023254368,0.07502021,0.01439225,52172.72777957,55317.73261761,58071.342579367,53299.622771045,-0.266373449,-1.106603789,0.545331405,-0.023995386,0.06575938,-0.977531002,-0.032756493,0.042057242,0.033994796,-0.692438599,1.298132438,0.925410127,-0.005950549,-0.011376325,0.008006593,0.99988254,-0.286545157,-1.036717892,0.644603628,-0.28873146,0.0,0.0,0.86058265,0.0,3.567027406
1772729848.2239213,-0.271303,-1.102519,0.481616,-0.00179185,0.00455871,0.00949369,0.99994294,-0.003497,0.009151,0.018972,-0.080072823,0.071399718,-0.987728759,-0.023442863,0.237164051,0.061818882,-0.011520025,0.028168887,1.041318204,0.007577518,0.082980587,0.024369974,51434.926381145,54903.655473898,57524.876710593,52026.951596553,-0.268204215,-1.104848981,0.517298328,-0.033626295,0.066272077,-0.927183015,-0.031462721,0.038245972,0.040149977,-0.704194249,1.229386352,0.9350622,-0.006057118,-0.010777809,0.008093314,0.999890506,-0.286545157,-1.036717892,0.636239718,-0.288012814,0.0,0.0,0.86058265,0.0,3.56858233
1772729848.2339215,-0.272122,-1.101732,0.471687,-0.00170874,0.00598819,0.00974222,0.99993315,-0.003301,0.012009,0.019465,-0.082726633,0.074468797,-0.984986584,-0.002456644,0.2765828,0.04403762,-0.013613192,0.021156599,1.045436992,0.032059243,0.119049058,0.029298608,51580.857147706,54315.360643497,56676.057052674,51334.991277491,-0.269085033,-1.104101888,0.505997995,-0.037817963,0.067207469,-0.918843889,-0.032070334,0.029066079,0.04594162,-0.696766097,1.181772422,0.94880032,-0.005994511,-0.010362522,0.008216401,0.999893006,-0.286545157,-1.036717892,0.623833942,-0.28682514,0.0,0.0,0.86058265,0.0,3.570137217
1772729848.2439215,-0.27299,-1.100914,0.461814,-0.00081952,0.00599612,0.00961462,0.99993546,-0.001524,0.012008,0.019221,-0.08523425,0.07663498,-0.981588815,0.032384401,0.314878235,0.0233409,-0.015903721,0.01600386,1.047470191,0.055730579,0.157962748,0.034129443,52889.203377271,54204.111490355,56893.357442795,52733.773920463,-0.269983894,-1.103229714,0.493472498,-0.041127766,0.068553326,-0.919363348,-0.036233805,0.027007622,0.044930306,-0.681859468,1.131536396,0.962624018,-0.005866868,-0.009923824,0.00834105,0.999902893,-0.286545157,-1.036717892,0.61330455,-0.285716403,0.0,0.0,0.86058265,0.0,3.571692067
1772729848.2539215,-0.27383,-1.100259,0.452118,-0.00114602,0.00881592,0.01005669,0.99990991,-0.002115,0.017654,0.020096,-0.086956338,0.079148463,-0.97876389,0.093531851,0.296396406,-2.3282e-05,-0.017767783,0.021460273,1.038860327,0.070102485,0.215985829,0.034344951,53055.239930728,54035.362875807,56849.616737339,53169.407176784,-0.270749531,-1.10254408,0.483535398,-0.043756785,0.069379241,-0.915546833,-0.035729496,0.029691281,0.039122885,-0.653639185,1.046013584,0.982283856,-0.005625365,-0.009176477,0.008519346,0.999912322,-0.286545157,-1.036717892,0.604392929,-0.284703502,0.0,0.0,0.86058265,0.0,3.573246918
1772729848.2639222,-0.274718,-1.099366,0.442264,-0.00024253,0.00939786,0.00984494,0.99990734,-0.0003,0.0188,0.019688,-0.088089556,0.080420259,-0.974910487,0.120130404,0.29017099,-0.038425467,-0.008891365,0.02253033,1.043482087,0.055426773,0.28629116,0.007940205,52618.319122385,53668.413492761,56318.68851791,52788.570335282,-0.27152045,-1.101943576,0.474933187,-0.046614756,0.069849578,-0.904891619,-0.027246926,0.029348218,0.042154829,-0.605250383,0.908969782,1.006035641,-0.00521177,-0.007978135,0.008736895,0.999915302,-0.28654515,-1.036717892,0.59409562,-0.283425977,0.0,0.0,0.86058265,0.0,3.571424483
1772729848.2739224,-0.275602,-1.098601,0.432576,-0.00028287,0.0115796,0.00942479,0.9998885,-0.000347,0.023164,0.018847,-0.08839684,0.080035838,-0.969392008,0.099257666,0.326603914,-0.065610062,-0.004209633,0.034485906,1.042835202,0.051162339,0.330183951,-0.021449476,52269.721146342,53686.237228512,56037.51494159,52941.59872015,-0.272676572,-1.100930804,0.461906891,-0.050225621,0.071179614,-0.898634289,-0.01816984,0.046100888,0.041917277,-0.565584936,0.7136201,1.009748153,-0.004880505,-0.006270633,0.008780163,0.999928584,-0.28654513,-1.036717892,0.581441426,-0.281768739,0.0,0.0,0.86058265,0.0,3.56858363
1772729848.2839224,-0.276494,-1.097791,0.422912,0.00060449,0.01346148,0.0091861,0.99986701,0.001457,0.026912,0.018394,-0.089290917,0.081414374,-0.965536488,0.095999658,0.320428209,-0.087333556,-0.001524376,0.049597853,1.038290983,0.057311989,0.343185349,-0.054116871,52307.992604243,54296.566267664,55974.064892966,52758.298579678,-0.273533822,-1.100218912,0.452291318,-0.052313144,0.071994782,-0.896643035,-0.010485025,0.058597112,0.039276227,-0.529333233,0.523168876,1.0043948,-0.004578834,-0.004605788,0.008743364,0.999938478,-0.286545128,-1.036717892,0.571768754,-0.280397185,0.0,0.0,0.86058265,0.0,3.565742845
1772729848.293922,-0.277381,-1.096908,0.413201,0.00186061,0.01352251,0.00858663,0.99986997,0.003954,0.027013,0.017228,-0.090491306,0.082822476,-0.960665252,0.096676799,0.297199598,-0.103569168,0.00149416,0.044967487,1.034661695,0.074386966,0.325620067,-0.079892027,52346.044210897,54904.177479646,55979.964635196,52661.076845546,-0.274340472,-1.099480051,0.443392982,-0.05394313,0.073005834,-0.896056011,-0.004265956,0.055831175,0.034433025,-0.50053567,0.343413165,0.979245065,-0.004341784,-0.003034085,0.008531732,0.999949895,-0.286545128,-1.036717892,0.56332578,-0.27912213,0.0,0.0,0.86058265,0.0,3.562902196
1772729848.303922,-0.278264,-1.09619,0.403725,0.00101964,0.01643715,0.00797941,0.99983254,0.002303,0.032858,0.015999,-0.091183207,0.083797613,-0.955615072,0.095590203,0.276348047,-0.11687706,7.8383e-05,0.031762898,1.037494494,0.090350946,0.290589121,-0.101083413,52382.983208079,55498.074467669,56340.32507437,53003.788652732,-0.275265014,-1.098556853,0.432090366,-0.05494926,0.074241431,-0.902297238,-0.003038715,0.043352138,0.037179578,-0.469438674,0.168435741,0.951528267,-0.004084124,-0.001503878,0.008297308,0.999960094,-0.286545128,-1.036717892,0.555983913,-0.277958466,0.0,0.0,0.86058265,0.0,3.560061411
1772729848.313922,-0.279214,-1.095302,0.394164,0.00178423,0.01727972,0.00736508,0.99982198,0.003825,0.034534,0.014799,-0.091862073,0.085989146,-0.951431774,0.109323283,0.197321132,-0.138455016,-0.003992213,0.019982847,1.045036066,0.10078974,0.247663874,-0.123046868,52419.922205261,56091.971455691,56700.685513543,53346.500459919,-0.276028836,-1.097887433,0.424021348,-0.055695367,0.074696551,-0.895764706,-0.003120806,0.028468835,0.043595959,-0.420956754,0.029671095,0.90440061,-0.003670643,-0.000288155,0.007890537,0.999965975,-0.286545128,-1.036717892,0.548081489,-0.276653054,0.0,0.0,0.86058265,0.0,3.557220626
1772729848.3239224,-0.280143,-1.094402,0.384635,0.00258349,0.0179425,0.0068847,0.99981198,0.005417,0.03585,0.013869,-0.092130041,0.087237865,-0.94668241,0.122541149,0.113801816,-0.159823934,-0.002423314,0.01307809,1.047173803,0.114499031,0.181277787,-0.149265197,52545.334732384,56696.885372356,57228.621878131,54185.062371202,-0.27681386,-1.097141506,0.415343362,-0.056300773,0.075405533,-0.894178067,0.000132608,0.018999307,0.047371602,-0.372472523,-0.109100167,0.857270707,-0.003257142,0.000927626,0.007483747,0.999969509,-0.286545128,-1.036717892,0.540088013,-0.275258613,0.0,0.0,0.86058265,0.0,3.554379706
1772729848.3339229,-0.281058,-1.093535,0.375232,0.0031714,0.01885482,0.00592522,0.99979964,0.00657,0.037673,0.011976,-0.09239632,0.088558942,-0.942052044,0.157979628,0.006967443,-0.18437855,-0.003668019,0.020405289,1.050827566,0.111973993,0.118046919,-0.163933408,52426.748537177,57115.951477094,57317.028114742,54312.008991009,-0.277602873,-1.096383436,0.406506859,-0.05670455,0.07604452,-0.893072607,0.003308362,0.022290556,0.050358032,-0.312154816,-0.229562348,0.787628296,-0.002737607,0.001984446,0.006878586,0.999970913,-0.286545128,-1.036717892,0.53264821,-0.273909391,0.0,0.0,0.86058265,0.0,3.551538786
1772729848.3439229,-0.281968,-1.092623,0.365785,0.00434386,0.0178961,0.00462223,0.99981973,0.008857,0.035753,0.009404,-0.092550205,0.089813819,-0.937515754,0.205720193,-0.109094595,-0.202018047,-0.005675208,0.036951567,1.047859521,0.122445513,0.07737226,-0.163986535,52289.061590437,57522.296517672,57316.183012154,54312.030345434,-0.278463011,-1.095647806,0.397789181,-0.0568119,0.076041865,-0.881776027,0.001416551,0.019452689,0.053061037,-0.236885753,-0.323458274,0.692904064,-0.00208414,0.002810058,0.006052409,0.999976857,-0.286545128,-1.036717892,0.524562829,-0.272415735,0.0,0.0,0.86058265,0.0,3.548698001
1772729848.353923,-0.28289,-1.09178,0.356501,0.00487073,0.01748326,0.00380545,0.99982805,0.009879,0.034931,0.007785,-0.092823476,0.08965061,-0.93170996,0.216489094,-0.165362068,-0.208015986,-0.005491047,0.030648332,1.052902732,0.115977833,0.0681687,-0.173467509,52012.541629163,57474.807755776,57356.413141314,54878.174467447,-0.280141088,-1.093821235,0.377158941,-0.056537743,0.077169762,-0.878976071,-0.000475305,0.016614755,0.055764105,-0.088848573,-0.400328481,0.503332723,-0.000790545,0.003489779,0.004394962,0.999982907,-0.286545128,-1.036717892,0.509480596,-0.269356865,0.0,0.0,0.86058265,0.0,3.545857148
1772729848.3639228,-0.283823,-1.090853,0.347174,0.0061316,0.01645579,0.00271146,0.99984212,0.012357,0.032879,0.005627,-0.093342474,0.089777067,-0.925430117,0.222328393,-0.179416083,-0.214038616,-0.00516114,0.022824508,1.058481825,0.108377719,0.061030315,-0.183584762,51612.543335138,57113.330510103,57067.19385991,54945.745123378,-0.281530766,-1.092667537,0.365232075,-0.057204789,0.077428461,-0.8703557,-0.002135325,0.014436656,0.058352439,-0.01553117,-0.414364812,0.389013215,-0.000147801,0.003615426,0.003395234,0.999985888,-0.286545128,-1.036717892,0.497385177,-0.266868692,0.0,0.0,0.86058265,0.0,3.543016431
1772729848.3739223,-0.284774,-1.089954,0.337963,0.00721514,0.01566779,0.00142518,0.9998502,0.01448,0.031315,0.003078,-0.093487579,0.089160866,-0.918122768,0.194405647,-0.114633306,-0.21298634,-0.004831241,0.01500087,1.064060786,0.100777787,0.0538921,-0.193701773,51985.912099809,57817.749780894,57294.65340001,55199.202118884,-0.282262133,-1.091943166,0.357589088,-0.057401173,0.077760576,-0.86949558,-0.002130897,0.016996599,0.060117602,0.043455579,-0.426952835,0.288280643,0.00036997,0.003726334,0.002514214,0.99998794,-0.286545128,-1.036717892,0.491323812,-0.265533446,0.0,0.0,0.86058265,0.0,3.540175782
1772729848.3839223,-0.285706,-1.089048,0.328804,0.00857898,0.01516432,0.00069563,0.99984797,0.017185,0.030317,0.001652,-0.092956654,0.088731709,-0.911028685,0.169849033,-0.032119938,-0.213041516,-0.010691926,0.019059594,1.067265902,0.152935438,0.011427634,-0.189329664,52247.262671077,58385.764027808,57051.741329795,54849.222127592,-0.283071603,-1.091189298,0.349758827,-0.057292547,0.077362783,-0.858346693,-0.002126469,0.019556665,0.061882849,0.102841934,-0.442849885,0.186492514,0.000891254,0.003865718,0.00162392,0.99998917,-0.286545128,-1.036717892,0.474094277,-0.261518625,0.0,0.0,0.86058265,0.0,3.537334997
1772729848.3939223,-0.28663,-1.088155,0.319702,0.00914461,0.01477251,-0.00048696,0.99984894,0.018281,0.029554,-0.000704,-0.090715432,0.086216011,-0.902674598,0.101648189,0.064061623,-0.211044372,-0.012408594,0.020007328,1.068659519,0.157462284,0.021552226,-0.192558041,51847.653842491,58020.548900105,56606.846205123,54689.124988096,-0.283881073,-1.09043543,0.341928566,-0.05718392,0.076964989,-0.847197806,-0.00212204,0.02211673,0.063648096,0.173682777,-0.454711598,0.087596609,0.001512642,0.003969068,0.000758385,0.99998964,-0.286545128,-1.036717892,0.473486632,-0.261376739,0.0,0.0,0.86058265,0.0,3.534494212
1772729848.403923,-0.287529,-1.087325,0.310776,0.00909531,0.01631709,-0.00188262,0.99982373,0.018137,0.032668,-0.00347,-0.090617316,0.087756863,-0.897291881,0.05184358,0.161109967,-0.220230429,-0.012681105,0.019120429,1.069948816,0.146571096,0.045521598,-0.198760799,51933.20185478,58984.645232083,57200.108171886,54733.271066852,-0.284911109,-1.089420857,0.331425559,-0.057589917,0.077232177,-0.848513982,-0.010053572,0.018302798,0.062955432,0.255893782,-0.466774087,-0.014046145,0.002233605,0.004072888,-0.000131698,0.999988426,-0.286545128,-1.036717892,0.466338166,-0.259611876,0.0,0.0,0.86058265,0.0,3.531653224
1772729848.4139233,-0.288442,-1.086436,0.301817,0.00936005,0.01730308,-0.00276007,0.99980267,0.018633,0.034658,-0.005198,-0.092495523,0.094746089,-0.896294211,0.10807193,0.151766269,-0.255235908,-0.012953603,0.018233572,1.07123805,0.135680427,0.069489827,-0.204963261,52784.205024896,58633.862651564,57013.792580486,56043.269907636,-0.285878915,-1.088476604,0.321776622,-0.057927116,0.077201377,-0.847919923,-0.009417869,0.010149052,0.067401258,0.335577212,-0.482812073,-0.113936779,0.002932658,0.004210221,-0.001006641,0.999985675,-0.286545128,-1.036717892,0.45825833,-0.257556097,0.0,0.0,0.86058265,0.0,3.528812372
1772729848.423924,-0.289327,-1.085491,0.292864,0.01024959,0.0174806,-0.00374429,0.99978765,0.020378,0.035038,-0.007133,-0.092903235,0.099496093,-0.89250495,0.140403041,0.176917138,-0.264455178,-0.011021579,0.023227369,1.073271691,0.107685482,0.10783119,-0.209349572,53109.454331217,58532.620833175,57104.671063134,57078.009122354,-0.286656187,-1.087725455,0.314117171,-0.058131567,0.076965498,-0.845589477,0.000363324,0.015914507,0.074278054,0.402955101,-0.502185425,-0.202568775,0.003524183,0.004376083,-0.001783148,0.999982161,-0.286545128,-1.036717892,0.450993398,-0.255646267,0.0,0.0,0.86058265,0.0,3.525971384
